x ok dob sim
0.0125 1447 0 14.50
0.0375 636 2 55.50
0.0625 383 6 112.00
0.0875 114 10 213.00
0.1125 192 22 163.00
0.1375 73 26 251.00
0.1625 0 0 0.00
0.1875 68 29 399.00
0.2125 0 0 0.00
0.2375 37 40 531.00
0.2625 0 0 0.00
0.2875 0 0 0.00
0.3125 0 0 664.00
0.3375 13 44 0.00
0.3625 0 0 0.00
0.3875 0 0 0.00
0.4125 0 0 0.00
0.4375 0 0 0.00
0.4625 0 0 0.00
0.4875 0 0 600.50
0.5125 2 31 0.00
0.5375 0 0 0.00
0.5625 0 0 0.00
0.5875 0 0 0.00
0.6125 0 0 0.00
0.6375 0 0 0.00
0.6625 0 0 0.00
0.6875 0 0 0.00
0.7125 0 0 0.00
0.7375 0 0 0.00
0.7625 0 0 0.00
0.7875 0 0 0.00
0.8125 0 0 0.00
0.8375 0 0 0.00
0.8625 0 0 0.00
0.8875 0 0 0.00
0.9125 0 0 0.00
0.9375 0 0 0.00
0.9625 0 0 0.00
0.9875 0 0 171.50