s u
0.0000 0.0000
0.0111 0.2925
0.0430 0.5637
0.0935 0.8150
0.1605 1.0480
0.2423 1.2639
0.3372 1.4640
0.4437 1.6495
0.5604 1.8214
0.6859 1.9807
0.8192 2.1284
0.9591 2.2653
1.1047 2.3921
1.2551 2.5097
1.4094 2.6187
1.5670 2.7198
1.7271 2.8134
1.8892 2.9002
2.0527 2.9806
2.2171 3.0552
2.3819 3.1243
2.5468 3.1883
2.7113 3.2477
2.8753 3.3027
3.0382 3.3537
3.2000 3.4010
3.3603 3.4448
3.5190 3.4854
3.6759 3.5230
3.8308 3.5579
3.9835 3.5902
4.1340 3.6202
4.2822 3.6480
4.4280 3.6737
4.5712 3.6976
4.7119 3.7197
4.8499 3.7402
4.9853 3.7592
5.1180 3.7768
5.2480 3.7931
5.3753 3.8083
5.4999 3.8223
5.6218 3.8353
5.7409 3.8473
5.8573 3.8585
5.9711 3.8689
6.0822 3.8784
6.1907 3.8873
6.2966 3.8956
6.3999 3.9032
6.5006 3.9103
6.5989 3.9169
6.6947 3.9229
6.7880 3.9286
6.8790 3.9338
6.9676 3.9386
7.0539 3.9431
7.1380 3.9473
7.2198 3.9511
7.2995 3.9547
7.3770 3.9580
7.4525 3.9611
7.5259 3.9639
7.5974 3.9666
7.6669 3.9690
7.7344 3.9713
7.8002 3.9734
7.8641 3.9753
7.9262 3.9771
7.9866 3.9788
8.0453 3.9804
8.1024 3.9818
8.1579 3.9831
8.2118 3.9844
8.2642 3.9855
8.3151 3.9866
8.3645 3.9875
8.4126 3.9885
8.4592 3.9893
8.5046 3.9901
8.5046 3.9901
8.5484 3.4278
8.5127 2.9447
8.4132 2.5297
8.2629 2.1732
8.0727 1.8670
7.8519 1.6039
7.6081 1.3778
7.3479 1.1837
7.0764 1.0169
6.7982 0.8736
6.5168 0.7505
6.2352 0.6447
5.9557 0.5538
5.6803 0.4758
5.4104 0.4087
5.1473 0.3511
4.8918 0.3017
4.6447 0.2591
4.4063 0.2226
4.1769 0.1913
3.9568 0.1643
3.7460 0.1411
3.5445 0.1213
3.3521 0.1042
3.1687 0.0895
2.9942 0.0769
2.8282 0.0660
2.6705 0.0567
2.5208 0.0487
2.3788 0.0419
2.2443 0.0360
2.1169 0.0309
1.9964 0.0265
1.8823 0.0228
1.7745 0.0196
1.6725 0.0168
1.5762 0.0145
1.4853 0.0124
1.3994 0.0107
1.3184 0.0092
1.2419 0.0079
1.1698 0.0068
1.1017 0.0058
1.0376 0.0050
0.9771 0.0043
0.9201 0.0037
0.8664 0.0032
0.8157 0.0027
0.7680 0.0023
0.7230 0.0020
0.6807 0.0017
0.6408 0.0015
0.6032 0.0013
0.5678 0.0011
0.5345 0.0009
0.5031 0.0008
0.4736 0.0007
0.4458 0.0006
0.4196 0.0005
0.3949 0.0004
0.3717 0.0004
0.3498 0.0003
0.3292 0.0003
0.3099 0.0002
0.2916 0.0002
0.2745 0.0002
0.2583 0.0002
0.2431 0.0001
0.2288 0.0001
0.2153 0.0001
0.2026 0.0001
0.1907 0.0001
0.1795 0.0001
0.1689 0.0001
0.1590 0.0000
0.1496 0.0000
0.1408 0.0000
0.1325 0.0000
0.1247 0.0000