s u fase
2.3333 3.6667 1
9.6667 4.0000 1
2.3333 3.0000 1
1.0000 1.6667 1
3.3333 1.0000 1
1.3333 4.3333 1
6.3333 2.6667 1
0.0000 2.0000 1
10.3333 3.0000 1
7.6667 5.6667 1
0.0000 0.0000 1
5.0000 3.3333 1
0.6667 1.0000 1
2.0000 3.0000 1
5.3333 6.0000 1
5.0000 2.0000 1
6.6667 6.0000 1
9.6667 5.6667 1
3.0000 4.0000 1
1.3333 4.0000 1
5.3333 3.3333 1
8.6667 3.6667 1
10.0000 5.0000 1
6.0000 4.6667 1
0.6667 1.0000 1
9.6667 1.3333 1
7.3333 3.6667 1
9.6667 3.6667 1
4.0000 3.6667 1
1.3333 2.0000 1
10.0000 4.3333 1
7.6667 4.0000 1
7.0000 3.3333 1
1.0000 2.6667 1
0.3333 2.3333 1
8.3333 3.0000 1
0.0000 0.3333 1
10.6667 2.3333 1
1.6667 2.3333 1
4.6667 4.0000 1
4.0000 3.6667 1
3.3333 3.3333 1
1.6667 3.0000 1
6.6667 4.6667 1
3.3333 4.6667 1
3.6667 5.6667 1
4.6667 4.0000 1
6.0000 1.3333 1
5.6667 3.3333 1
7.3333 3.6667 1
10.0000 3.6667 1
4.0000 3.3333 1
2.3333 4.3333 1
9.0000 4.6667 1
7.6667 3.6667 1
5.3333 4.3333 1
6.0000 4.6667 1
6.0000 4.0000 1
7.6667 4.3333 1
0.3333 1.0000 1
10.6667 5.0000 1
7.6667 4.3333 1
4.6667 3.3333 1
11.6667 2.3333 1
7.6667 3.6667 1
5.3333 1.0000 1
4.3333 1.3333 1
10.3333 6.0000 1
5.6667 4.3333 1
0.3333 1.6667 1
3.3333 5.0000 1
6.6667 4.6667 1
7.3333 4.0000 1
8.3333 4.6667 1
1.6667 3.0000 1
6.0000 3.0000 1
10.3333 2.3333 1
0.0000 0.6667 1
2.6667 4.6667 1
2.0000 3.0000 1
1.0000 0.6667 1
5.3333 2.3333 1
3.0000 3.0000 1
7.6667 3.0000 1
0.0000 2.0000 1
9.6667 6.3333 1
9.0000 3.3333 1
8.0000 2.3333 1
5.0000 3.6667 1
4.6667 1.6667 1
1.3333 1.6667 1
11.0000 4.3333 1
0.6667 2.3333 1
5.0000 3.6667 1
1.0000 0.6667 1
0.0000 2.6667 1
8.0000 5.0000 1
8.0000 5.3333 1
3.0000 4.3333 1
6.6667 3.0000 1
8.0000 3.6667 1
6.0000 2.3333 1
5.3333 3.3333 1
3.0000 4.3333 1
1.3333 2.0000 1
1.6667 2.3333 1
0.0000 0.3333 1
0.0000 1.6667 1
6.3333 5.3333 1
9.3333 3.3333 1
0.3333 2.0000 1
8.3333 4.3333 1
4.6667 3.6667 1
6.3333 1.6667 1
4.0000 3.6667 1
4.0000 3.6667 1
6.0000 2.3333 1
1.3333 2.0000 1
6.0000 3.0000 1
1.3333 3.0000 1
0.0000 0.6667 1
7.3333 3.6667 1
0.3333 1.6667 1
2.0000 4.0000 1
0.0000 0.3333 1
0.0000 0.3333 1
1.6667 0.6667 1
7.3333 5.0000 1
9.6667 6.0000 1
3.0000 1.6667 1
0.0000 0.3333 1
6.0000 3.6667 1
4.6667 3.6667 1
10.6667 4.0000 1
4.6667 2.0000 1
0.3333 0.6667 1
0.0000 1.3333 1
6.6667 4.3333 1
1.3333 2.3333 1
0.6667 2.3333 1
5.3333 5.6667 1
3.6667 3.3333 1
1.6667 3.3333 1
7.0000 4.3333 1
5.6667 4.0000 1
10.3333 2.0000 1
0.6667 3.6667 1
4.3333 2.0000 1
6.6667 3.6667 1
3.6667 4.0000 1
10.0000 4.6667 1
3.3333 4.6667 1
4.3333 1.3333 1
5.6667 4.0000 1
4.3333 3.6667 1
5.3333 5.0000 1
7.3333 3.0000 1
0.0000 1.0000 1
0.3333 1.6667 1
1.3333 2.6667 1
0.0000 0.0000 1
7.6667 5.0000 1
5.3333 4.6667 1
5.0000 3.0000 1
4.3333 4.6667 1
0.0000 1.0000 1
4.6667 3.0000 1
8.0000 6.0000 1
0.0000 0.3333 1
4.6667 2.6667 1
11.0000 3.0000 1
1.6667 2.6667 1
3.0000 6.0000 1
2.0000 2.6667 1
4.6667 3.6667 1
3.3333 4.3333 1
0.3333 2.0000 1
4.3333 4.6667 1
2.0000 2.6667 1
5.0000 5.6667 1
6.3333 4.6667 1
5.6667 2.6667 1
3.6667 3.6667 1
8.3333 4.6667 1
9.3333 4.3333 1
5.0000 3.0000 1
0.0000 1.3333 1
0.3333 2.6667 1
0.0000 0.0000 1
3.0000 4.3333 1
4.3333 1.3333 1
5.0000 3.0000 1
9.6667 3.0000 1
7.0000 2.6667 1
0.6667 2.3333 1
7.0000 4.0000 1
7.0000 4.3333 1
10.0000 4.3333 1
1.3333 2.0000 1
9.0000 5.3333 1
2.3333 4.0000 1
3.0000 2.3333 1
1.0000 3.0000 1
9.0000 5.0000 1
7.0000 4.6667 1
4.0000 4.0000 1
6.3333 5.6667 1
5.6667 4.0000 1
4.3333 2.6667 1
0.0000 0.6667 1
6.6667 2.6667 1
7.6667 2.0000 1
8.3333 4.0000 1
10.3333 3.3333 1
6.0000 3.3333 1
8.6667 4.0000 1
7.3333 3.3333 1
0.3333 1.6667 1
10.0000 2.3333 1
0.0000 0.6667 1
4.6667 3.0000 1
2.3333 3.6667 1
2.3333 2.6667 1
9.0000 4.6667 1
7.0000 4.6667 1
7.3333 3.6667 1
7.6667 4.0000 1
9.0000 2.3333 1
0.3333 1.0000 1
3.3333 4.0000 1
9.0000 5.3333 1
5.3333 4.3333 1
7.6667 3.0000 1
7.0000 4.0000 1
3.3333 2.3333 1
7.3333 3.6667 1
5.0000 3.3333 1
0.6667 1.3333 1
6.0000 3.6667 1
5.3333 3.3333 1
2.6667 3.0000 1
0.0000 0.0000 1
3.0000 2.6667 1
5.6667 4.0000 1
1.3333 1.3333 1
0.0000 2.3333 1
0.3333 4.6667 1
10.6667 3.0000 1
7.6667 6.0000 1
1.6667 3.0000 1
5.3333 3.3333 1
6.6667 3.3333 1
0.0000 2.0000 1
9.6667 4.0000 1
10.3333 4.0000 1
6.6667 6.3333 1
6.0000 5.3333 1
5.6667 4.6667 1
9.0000 6.6667 1
2.0000 2.3333 1
6.0000 0.3333 0
0.3333 0.0000 0
2.6667 0.0000 0
4.6667 0.0000 0
0.6667 0.0000 0
1.0000 0.0000 0
2.0000 0.0000 0
1.3333 0.0000 0
0.6667 0.0000 0
0.6667 0.0000 0
0.3333 0.0000 0
1.0000 0.0000 0
1.3333 0.0000 0
1.6667 0.0000 0
11.0000 2.6667 0
0.3333 0.0000 0
1.6667 0.3333 0
6.0000 3.0000 0
2.0000 0.0000 0
1.0000 0.0000 0
4.3333 0.0000 0
5.3333 0.3333 0
2.0000 0.0000 0
8.3333 2.0000 0
4.0000 0.6667 0
2.6667 0.0000 0
1.6667 0.0000 0
3.0000 0.0000 0
1.0000 0.0000 0
1.0000 0.0000 0
1.0000 0.0000 0
3.6667 0.0000 0
5.0000 0.0000 0
9.0000 3.0000 0
1.6667 0.0000 0
1.6667 0.0000 0
5.6667 5.3333 0
5.0000 1.0000 0
1.0000 0.0000 0
1.0000 0.0000 0
0.3333 0.0000 0
4.6667 0.0000 0
2.3333 0.0000 0
2.3333 0.0000 0
4.3333 0.0000 0
8.3333 3.0000 0
1.3333 0.0000 0
0.6667 0.0000 0
5.3333 0.3333 0
0.3333 0.0000 0
1.0000 0.0000 0
8.6667 3.3333 0
5.6667 0.0000 0
2.3333 0.0000 0
2.3333 0.3333 0
0.3333 0.0000 0
5.0000 0.6667 0
1.3333 0.0000 0
4.0000 0.0000 0
0.6667 0.0000 0
9.6667 2.6667 0
0.0000 0.0000 0
0.6667 0.0000 0
2.0000 0.0000 0
4.6667 0.3333 0
5.3333 0.0000 0
6.3333 2.0000 0
4.6667 1.0000 0
1.6667 0.0000 0
2.3333 0.0000 0
3.0000 0.0000 0
0.6667 0.0000 0
11.0000 0.6667 0
1.3333 0.0000 0
0.0000 0.0000 0
5.0000 0.3333 0
9.0000 1.6667 0
1.0000 0.0000 0
1.3333 0.0000 0
3.3333 0.3333 0
0.3333 0.0000 0
4.0000 0.3333 0
2.3333 0.0000 0
3.3333 0.0000 0
3.6667 0.0000 0
2.3333 0.0000 0
9.6667 1.0000 0
6.3333 0.0000 0
2.0000 0.0000 0
0.0000 0.0000 0
1.0000 0.0000 0
10.0000 6.3333 0
3.3333 0.0000 0
7.6667 1.3333 0
4.6667 0.0000 0
1.0000 0.0000 0
4.0000 0.3333 0
7.3333 3.6667 0
0.6667 0.0000 0
6.0000 0.6667 0
1.6667 0.0000 0
6.0000 0.3333 0
0.3333 0.0000 0
1.0000 0.0000 0
0.6667 0.0000 0
10.0000 3.0000 0
4.3333 0.3333 0
1.3333 0.0000 0
4.3333 0.3333 0
7.0000 2.3333 0
1.3333 0.0000 0
5.3333 1.6667 0
2.6667 0.0000 0
6.0000 0.6667 0
7.3333 1.6667 0
5.3333 0.0000 0
1.6667 0.0000 0
0.6667 0.0000 0
0.6667 0.0000 0
4.3333 0.0000 0
2.0000 0.0000 0
4.6667 0.3333 0
1.0000 0.0000 0
4.0000 0.3333 0
7.0000 6.0000 0
9.6667 0.3333 0
7.3333 0.6667 0
1.3333 0.0000 0
6.3333 2.0000 0
2.3333 0.0000 0
4.6667 0.0000 0
0.3333 0.0000 0
6.3333 0.0000 0
5.3333 1.0000 0
6.0000 1.0000 0
6.0000 0.6667 0
1.6667 0.0000 0
2.6667 0.0000 0
1.6667 0.0000 0
7.6667 1.0000 0
0.0000 0.0000 0
2.6667 0.0000 0
1.0000 0.0000 0
0.3333 0.0000 0
7.3333 1.6667 0
2.0000 0.0000 0
7.0000 0.6667 0
1.3333 0.0000 0
8.6667 1.3333 0
2.3333 0.0000 0
1.6667 0.0000 0
1.3333 0.0000 0
2.6667 0.6667 0
0.6667 0.0000 0
1.6667 0.0000 0
4.6667 0.0000 0
8.3333 1.3333 0
1.0000 0.0000 0
3.3333 0.3333 0
4.6667 0.3333 0
0.3333 0.0000 0
7.6667 0.3333 0
5.6667 3.0000 0
9.3333 4.6667 0
3.3333 0.0000 0
7.6667 0.6667 0
3.0000 0.0000 0
1.6667 0.0000 0
2.6667 0.3333 0
9.0000 1.3333 0
1.3333 0.0000 0
5.6667 1.3333 0
5.6667 0.6667 0
8.6667 3.6667 0
0.3333 0.0000 0
5.3333 1.3333 0
3.0000 0.0000 0
3.0000 0.0000 0
0.6667 0.0000 0
7.0000 0.0000 0
1.3333 0.0000 0
7.3333 1.3333 0
6.3333 0.6667 0
4.3333 0.6667 0
3.3333 0.0000 0
8.0000 0.3333 0
4.0000 0.0000 0
1.0000 0.0000 0
8.6667 2.3333 0
3.3333 0.0000 0
0.6667 0.0000 0
4.6667 0.0000 0
4.0000 0.3333 0
3.0000 0.0000 0
10.0000 0.3333 0
8.6667 0.0000 0
0.6667 0.0000 0
0.6667 0.0000 0
5.3333 0.3333 0
3.3333 0.0000 0