pc frac acum
1 2.4546 2.455
2 1.2956 3.750
3 0.9817 4.732
4 0.7995 5.531
5 0.5564 6.088
6 0.4872 6.575
7 0.4346 7.010
8 0.3836 7.393
9 0.3763 7.769
10 0.3728 8.142
11 0.3691 8.511
12 0.3678 8.879
13 0.3646 9.244
14 0.3618 9.605
15 0.3605 9.966
16 0.3600 10.326
17 0.3567 10.683
18 0.3547 11.037
19 0.3514 11.389
20 0.3508 11.740
21 0.3480 12.088
22 0.3477 12.435
23 0.3467 12.782
24 0.3458 13.128
25 0.3437 13.472
26 0.3429 13.815
27 0.3413 14.156
28 0.3395 14.495
29 0.3383 14.834
30 0.3352 15.169
31 0.3338 15.503
32 0.3331 15.836
33 0.3324 16.168
34 0.3316 16.500
35 0.3293 16.829
36 0.3287 17.158
37 0.3282 17.486
38 0.3263 17.812
39 0.3246 18.137
40 0.3230 18.460
41 0.3229 18.783
42 0.3205 19.103
43 0.3197 19.423
44 0.3184 19.741
45 0.3171 20.058
46 0.3170 20.375
47 0.3163 20.692
48 0.3153 21.007
49 0.3138 21.321
50 0.3133 21.634