rango umi
1 14681
2 13003
3 12978
4 12432
5 11720
6 11405
7 11121
8 11088
9 11065
10 11047
11 10988
12 10964
13 10917
14 10779
15 10706
16 9920
17 9829
18 9789
19 9722
20 9698
21 9636
22 9617
23 9609
24 9582
26 9519
27 9507
28 9467
29 9438
30 9401
32 9304
33 9298
34 9098
36 9022
38 8877
39 8853
41 8818
43 8790
45 8705
46 8685
48 8645
51 8546
53 8534
55 8426
57 8392
60 8247
63 8187
65 8182
68 8103
71 8014
74 7958
77 7912
81 7886
84 7820
88 7721
92 7646
96 7588
100 7529
104 7461
109 7389
114 7275
119 7192
124 7126
129 7083
135 7027
141 6939
147 6865
153 6760
160 6701
167 6596
174 6527
182 6468
190 6367
198 6329
207 6246
216 6188
225 6144
235 6036
245 5971
256 5884
267 5846
278 5776
291 5697
303 5620
316 5545
330 5458
345 5393
360 5323
375 5250
392 5205
409 5132
427 5031
445 4954
465 4896
485 4832
506 4775
528 4669
551 4620
575 4569
600 4511
626 4436
653 4358
682 4289
712 4227
743 4168
775 4098
809 4031
844 3961
881 3875
919 3813
959 3735
1001 3657
1044 3605
1090 3547
1137 3485
1187 3414
1239 3349
1293 3266
1349 3186
1408 3107
1469 3037
1533 2954
1600 2860
1670 2774
1742 2695
1818 2619
1898 2541
1980 2458
2067 2365
2157 2287
2251 2198
2349 2112
2451 2017
2558 1929
2669 1832
2785 1708
2907 1554
3033 1389
3166 1168
3303 727
3447 168
3598 131
3754 112
3918 99
4089 91
4267 84
4453 79
4647 75
4849 71
5060 68
5281 64
5511 61
5751 58
6002 56
6263 54
6536 52
6821 50
7118 48
7428 46
7752 45
8089 43
8442 42
8810 40
9193 39
9594 38
10012 37
10448 35
10903 34
11378 33
11874 32
12391 31
12931 30
13495 29
14083 28
14696 27
15336 26
16005 25
16702 24
17430 23
18189 22
18981 22
19808 21
20671 20
21572 19
22512 18
23493 18
24516 17
25584 16
26699 16
27862 15
29076 14
30343 13
31665 13
33045 12
34484 11
35987 11
37555 10
39191 9
40898 9
42680 8
44540 7
46480 7
48505 6
50619 5
52824 5
55125 4
57527 3
60033 2
62649 1