n kalt RR RA AA
1 1 -3.4767 -0.3009 0.0000
2 1 -2.8749 0.0000 -2.8749
3 1 -2.5740 0.0000 -6.0507
4 1 -2.2731 0.0000 -9.2265
5 2 -5.4489 0.0000 -8.9256
6 3 -8.6247 0.0000 -8.6247
7 3 -8.3239 0.0000 -11.8006
8 3 -8.0230 0.0000 -14.9764
9 4 -11.1988 0.0000 -14.6755
10 5 -14.3746 0.0000 -14.3746
11 6 -17.5504 0.0000 -14.0737
12 7 -20.7262 0.0000 -13.7728
13 8 -23.9020 0.0000 -13.4719
14 9 -27.0778 0.0000 -13.1710
15 9 -26.7769 0.0000 -16.3468
16 10 -29.9527 0.0000 -16.0460
17 10 -29.6518 0.0000 -19.2218
18 11 -32.8276 0.0000 -18.9209
19 11 -32.5267 0.0000 -22.0967
20 11 -32.2259 0.0000 -25.2725
21 11 -31.9250 0.0000 -28.4483
22 11 -31.6241 0.0000 -31.6241
23 11 -31.3232 0.0000 -34.7999
24 12 -34.4990 0.0000 -34.4990
25 12 -34.1981 0.0000 -37.6748
26 13 -37.3739 0.0000 -37.3739
27 14 -40.5497 0.0000 -37.0730
28 14 -40.2488 0.0000 -40.2488
29 14 -39.9479 0.0000 -43.4246
30 14 -39.6471 0.0000 -46.6004
31 15 -42.8229 0.0000 -46.2995
32 15 -42.5220 0.0000 -49.4754
33 16 -45.6978 0.0000 -49.1745
34 17 -48.8736 0.0000 -48.8736
35 17 -48.5727 0.0000 -52.0494
36 18 -51.7485 0.0000 -51.7485
37 19 -54.9243 0.0000 -51.4476
38 20 -58.1001 0.0000 -51.1467
39 21 -61.2759 0.0000 -50.8458
40 21 -60.9750 0.0000 -54.0216