n uniforme theta3 theta4
1 0.00000 0.49967 0.00000
2 0.50000 0.00000 0.00000
3 0.75000 0.37475 0.37475
4 0.87500 0.62467 0.62467
5 0.93750 0.78094 0.78094
6 0.96875 0.87475 0.87475
7 0.98437 0.92950 0.92950
8 0.99219 0.96081 0.96081
9 0.99609 0.97843 0.97843
10 0.99805 0.98823 0.94411
11 0.99902 0.99362 0.96664
12 0.99365 0.99656 0.98036
13 0.99658 0.99658 0.98700
14 0.99817 0.99258 0.99258
15 0.99902 0.99580 0.99580
16 0.99948 0.99764 0.99764
17 0.99973 0.99868 0.99868
18 0.99986 0.99927 0.99927
19 0.99992 0.99959 0.99959
20 0.99996 0.99978 0.99978
21 0.99998 0.99988 0.99988
22 0.99999 0.99993 0.99956
23 0.99999 0.99996 0.99975
24 0.99996 0.99998 0.99986
25 0.99998 0.99991 0.99991
26 0.99999 0.99995 0.99995
27 0.99999 0.99997 0.99997
28 1.00000 0.99998 0.99998
29 1.00000 0.99999 0.99999
30 1.00000 1.00000 1.00000
31 1.00000 1.00000 1.00000
32 1.00000 1.00000 1.00000
33 1.00000 1.00000 0.99999
34 1.00000 1.00000 1.00000
35 1.00000 1.00000 1.00000
36 1.00000 1.00000 1.00000
37 1.00000 1.00000 1.00000
38 1.00000 1.00000 1.00000
39 1.00000 1.00000 1.00000
40 1.00000 1.00000 1.00000