k RR RA AA
0 1.000000 0.000000 0.000000
1 0.999997 0.000003 0.000000
2 0.991438 0.008562 0.000000
3 0.037199 0.962801 0.000000
4 0.000013 0.999987 0.000000
5 0.000000 1.000000 0.000000
6 0.000000 1.000000 0.000000
7 0.000000 1.000000 0.000000
8 0.000000 1.000000 0.000000
9 0.000000 1.000000 0.000000
10 0.000000 1.000000 0.000000
11 0.000000 1.000000 0.000000
12 0.000000 1.000000 0.000000
13 0.000000 1.000000 0.000000
14 0.000000 1.000000 0.000000
15 0.000000 1.000000 0.000000
16 0.000000 1.000000 0.000000
17 0.000000 0.999981 0.000019
18 0.000000 0.945195 0.054805
19 0.000000 0.005722 0.994278
20 0.000000 0.000002 0.999998