t prec sens f1
0 0.86784 0.98500 0.92272
1 0.86784 0.98500 0.92272
2 0.86784 0.98500 0.92272
3 0.86784 0.98500 0.92272
4 0.87431 0.98500 0.92636
5 0.87727 0.98500 0.92802
6 0.88064 0.98500 0.92990
7 0.88452 0.98500 0.93206
8 0.88939 0.98500 0.93476
9 0.89399 0.98500 0.93729
10 0.89717 0.98500 0.93903
11 0.90159 0.98490 0.94141
12 0.90573 0.98480 0.94361
13 0.90988 0.98440 0.94567
14 0.91350 0.98430 0.94758
15 0.91750 0.98420 0.94968
16 0.92127 0.98410 0.95165
17 0.92473 0.98400 0.95344
18 0.92801 0.98360 0.95500
19 0.93126 0.98350 0.95667
20 0.93442 0.98310 0.95814
21 0.93697 0.98260 0.95924
22 0.93947 0.98240 0.96045
23 0.94285 0.98160 0.96183
24 0.94538 0.98130 0.96300
25 0.94790 0.98070 0.96402
26 0.94979 0.97990 0.96461
27 0.95190 0.97960 0.96555
28 0.95365 0.97930 0.96630
29 0.95490 0.97820 0.96641
30 0.95683 0.97750 0.96706
31 0.95904 0.97640 0.96764
32 0.96079 0.97520 0.96794
33 0.96206 0.97360 0.96779
34 0.96350 0.97140 0.96743
35 0.96481 0.97060 0.96770
36 0.96630 0.96920 0.96775
37 0.96711 0.96750 0.96731
38 0.96793 0.96570 0.96681
39 0.96884 0.96380 0.96631
40 0.97016 0.96250 0.96632
41 0.97157 0.96020 0.96585
42 0.97260 0.95850 0.96550
43 0.97342 0.95580 0.96453
44 0.97486 0.95400 0.96432
45 0.97580 0.95170 0.96360
46 0.97716 0.94980 0.96329
47 0.97792 0.94760 0.96252
48 0.97899 0.94570 0.96205
49 0.98015 0.94310 0.96127
50 0.98122 0.94040 0.96038
51 0.98159 0.93850 0.95956
52 0.98218 0.93700 0.95906
53 0.98274 0.93390 0.95770
54 0.98322 0.93140 0.95661
55 0.98400 0.92860 0.95550
56 0.98448 0.92630 0.95451
57 0.98476 0.92380 0.95330
58 0.98514 0.92120 0.95210
59 0.98562 0.91870 0.95099
60 0.98600 0.91550 0.94944
61 0.98639 0.91300 0.94828
62 0.98667 0.91040 0.94700
63 0.98748 0.90700 0.94553
64 0.98776 0.90360 0.94381
65 0.98825 0.90000 0.94206
66 0.98853 0.89660 0.94033
67 0.98871 0.89300 0.93842
68 0.98889 0.89000 0.93684
69 0.98918 0.88660 0.93508
70 0.98958 0.88330 0.93342
71 0.98998 0.87950 0.93148
72 0.99017 0.87650 0.92987
73 0.99070 0.87350 0.92842
74 0.99123 0.87070 0.92707
75 0.99165 0.86720 0.92526
76 0.99185 0.86410 0.92358
77 0.99216 0.86050 0.92165
78 0.99213 0.85720 0.91974
79 0.99221 0.85360 0.91770
80 0.99265 0.85060 0.91615
81 0.99273 0.84710 0.91415
82 0.99305 0.84290 0.91183
83 0.99338 0.83980 0.91015
84 0.99347 0.83700 0.90855
85 0.99344 0.83310 0.90623
86 0.99341 0.82860 0.90355
87 0.99362 0.82540 0.90173
88 0.99359 0.82190 0.89963
89 0.99356 0.81830 0.89746
90 0.99377 0.81380 0.89483
91 0.99399 0.81000 0.89261
92 0.99432 0.80490 0.88964
93 0.99440 0.79950 0.88636
94 0.99450 0.79630 0.88443
95 0.99448 0.79270 0.88220
96 0.99470 0.78850 0.87968
97 0.99468 0.78590 0.87805
98 0.99466 0.78170 0.87541
99 0.99476 0.77810 0.87319
100 0.99499 0.77420 0.87082
105 0.99539 0.75570 0.85914
110 0.99582 0.73790 0.84767
115 0.99599 0.71960 0.83553
120 0.99616 0.70020 0.82236
125 0.99722 0.68200 0.81002
130 0.99761 0.66670 0.79926
135 0.99785 0.64880 0.78633
140 0.99794 0.63080 0.77299
145 0.99788 0.61280 0.75931
150 0.99798 0.59430 0.74497
155 0.99810 0.57740 0.73158
160 0.99822 0.56090 0.71823
165 0.99835 0.54440 0.70459
170 0.99849 0.52780 0.69057
175 0.99863 0.51210 0.67702
180 0.99860 0.49760 0.66422
185 0.99856 0.48390 0.65189
190 0.99872 0.46990 0.63910
195 0.99890 0.45520 0.62540
200 0.99887 0.44250 0.61331
205 0.99884 0.43100 0.60217
210 0.99881 0.41860 0.58995
215 0.99901 0.40490 0.57625
220 0.99899 0.39470 0.56584
225 0.99922 0.38460 0.55542
230 0.99920 0.37380 0.54407
235 0.99917 0.36230 0.53178
240 0.99915 0.35240 0.52103
245 0.99942 0.34340 0.51116
250 0.99970 0.33410 0.50082
255 0.99969 0.32380 0.48916
260 0.99968 0.31390 0.47778
265 0.99967 0.30410 0.46634
270 0.99966 0.29560 0.45628
275 0.99965 0.28770 0.44681
280 0.99964 0.27880 0.43600
285 0.99963 0.27060 0.42591
290 0.99962 0.26350 0.41706
295 1.00000 0.25660 0.40840
300 1.00000 0.24870 0.39833
305 1.00000 0.24240 0.39021
310 1.00000 0.23540 0.38109
315 1.00000 0.22850 0.37200
320 1.00000 0.22340 0.36521
325 1.00000 0.21750 0.35729
330 1.00000 0.20970 0.34670
335 1.00000 0.20350 0.33818
340 1.00000 0.19830 0.33097
345 1.00000 0.19240 0.32271
350 1.00000 0.18670 0.31465
355 1.00000 0.18210 0.30810
360 1.00000 0.17700 0.30076
365 1.00000 0.17130 0.29250
370 1.00000 0.16700 0.28620
375 1.00000 0.16360 0.28120
380 1.00000 0.16010 0.27601
385 1.00000 0.15630 0.27035
390 1.00000 0.15250 0.26464
395 1.00000 0.14810 0.25799
400 1.00000 0.14450 0.25251