ciclo p10 p25 p50 p75 p90 media
1 33.0 35.0 37.0 39.0 41.0 36.86
2 33.0 35.0 37.0 39.0 41.0 36.85
3 33.0 35.0 37.0 39.0 41.0 36.87
4 33.0 35.0 37.0 39.0 41.0 36.86
5 33.0 35.0 37.0 39.0 41.0 36.89
6 33.0 35.0 37.0 39.0 41.0 36.85
7 33.0 35.0 37.0 39.0 41.0 36.80
8 33.0 35.0 37.0 39.0 41.0 36.85
9 33.0 35.0 37.0 39.0 41.0 36.88
10 33.0 35.0 37.0 39.0 41.0 36.85
11 33.0 35.0 37.0 39.0 41.0 36.80
12 33.0 35.0 37.0 39.0 41.0 36.83
13 33.0 35.0 37.0 39.0 41.0 36.77
14 33.0 35.0 37.0 39.0 41.0 36.79
15 33.0 35.0 37.0 39.0 41.0 36.77
16 33.0 35.0 37.0 39.0 41.0 36.76
17 33.0 35.0 37.0 39.0 41.0 36.77
18 33.0 35.0 37.0 39.0 41.0 36.71
19 33.0 35.0 37.0 39.0 41.0 36.66
20 33.0 35.0 37.0 39.0 41.0 36.73
21 33.0 35.0 37.0 39.0 41.0 36.65
22 33.0 35.0 37.0 39.0 41.0 36.67
23 33.0 35.0 37.0 39.0 41.0 36.65
24 33.0 35.0 37.0 39.0 41.0 36.61
25 33.0 35.0 37.0 39.0 41.0 36.61
26 33.0 35.0 37.0 39.0 41.0 36.60
27 33.0 35.0 37.0 39.0 41.0 36.53
28 33.0 35.0 37.0 39.0 41.0 36.59
29 33.0 35.0 37.0 39.0 41.0 36.52
30 33.0 35.0 37.0 39.0 41.0 36.48
31 33.0 34.0 37.0 39.0 41.0 36.45
32 32.0 34.0 37.0 39.0 41.0 36.42
33 32.0 34.0 36.0 39.0 40.1 36.36
34 32.0 34.0 36.0 39.0 40.0 36.37
35 32.0 34.0 36.0 39.0 40.0 36.29
36 32.0 34.0 36.0 39.0 40.0 36.27
37 32.0 34.0 36.0 38.0 40.0 36.23
38 32.0 34.0 36.0 38.0 40.0 36.12
39 32.0 34.0 36.0 38.0 40.0 36.19
40 32.0 34.0 36.0 38.0 40.0 36.13
41 32.0 34.0 36.0 38.0 40.0 36.06
42 32.0 34.0 36.0 38.0 40.0 36.08
43 32.0 34.0 36.0 38.0 40.0 36.01
44 32.0 34.0 36.0 38.0 40.0 35.98
45 32.0 34.0 36.0 38.0 40.0 35.94
46 32.0 34.0 36.0 38.0 40.0 35.85
47 32.0 34.0 36.0 38.0 40.0 35.82
48 32.0 34.0 36.0 38.0 40.0 35.77
49 32.0 34.0 36.0 38.0 40.0 35.73
50 32.0 33.0 36.0 38.0 40.0 35.63
51 32.0 34.0 36.0 38.0 40.0 35.63
52 32.0 34.0 36.0 38.0 40.0 35.64
53 32.0 33.0 36.0 38.0 40.0 35.54
54 31.0 33.0 36.0 38.0 40.0 35.50
55 31.0 33.0 36.0 38.0 39.0 35.43
56 31.0 33.0 35.0 38.0 39.0 35.37
57 31.0 33.0 35.0 37.0 39.0 35.30
58 31.0 33.0 35.0 37.0 39.0 35.23
59 31.0 33.0 35.0 37.0 39.0 35.14
60 31.0 33.0 35.0 37.0 39.0 35.16
61 31.0 33.0 35.0 37.0 39.0 35.08
62 31.0 33.0 35.0 37.0 39.0 35.00
63 31.0 33.0 35.0 37.0 39.0 34.91
64 31.0 33.0 35.0 37.0 39.0 34.92
65 31.0 33.0 35.0 37.0 39.0 34.82
66 31.0 33.0 35.0 37.0 39.0 34.73
67 31.0 32.0 35.0 37.0 39.0 34.65
68 31.0 33.0 35.0 37.0 39.0 34.61
69 31.0 32.0 35.0 37.0 39.0 34.55
70 30.0 32.0 34.0 37.0 38.0 34.45
71 30.0 32.0 34.0 37.0 39.0 34.39
72 30.0 32.0 34.0 37.0 39.0 34.39
73 30.0 32.0 34.0 36.0 38.0 34.26
74 30.0 32.0 34.0 36.0 38.0 34.17
75 30.0 32.0 34.0 36.0 38.0 34.13
76 30.0 32.0 34.0 36.0 38.0 34.02
77 30.0 32.0 34.0 36.0 38.0 33.93
78 30.0 32.0 34.0 36.0 38.0 33.88
79 30.0 32.0 34.0 36.0 38.0 33.73
80 30.0 32.0 34.0 36.0 38.0 33.68
81 30.0 31.0 34.0 36.0 38.0 33.61
82 29.0 31.0 33.0 36.0 38.0 33.50
83 29.0 31.0 33.0 36.0 37.1 33.48
84 29.0 31.0 33.0 36.0 37.0 33.42
85 29.0 31.0 33.0 35.0 37.0 33.25
86 29.0 31.0 33.0 35.0 37.0 33.15
87 29.0 31.0 33.0 35.0 37.0 33.08
88 29.0 31.0 33.0 35.0 37.0 33.01
89 29.0 31.0 33.0 35.0 37.0 32.81
90 29.0 31.0 33.0 35.0 37.0 32.81
91 29.0 31.0 33.0 35.0 37.0 32.68
92 29.0 30.8 33.0 35.0 37.0 32.59
93 28.0 30.0 32.0 35.0 37.0 32.47
94 28.0 30.0 32.0 35.0 36.0 32.44
95 28.0 30.0 32.0 34.0 36.0 32.31
96 28.0 30.0 32.0 34.0 36.0 32.19
97 28.0 30.0 32.0 34.0 36.0 32.13
98 28.0 30.0 32.0 34.0 36.0 32.02
99 28.0 30.0 32.0 34.0 36.0 31.92
100 28.0 30.0 32.0 34.0 36.0 31.80
101 28.0 30.0 32.0 34.0 36.0 31.71
102 27.0 29.0 32.0 34.0 36.0 31.54
103 27.0 29.0 31.0 34.0 36.0 31.45
104 27.0 29.0 31.0 33.0 35.0 31.29
105 27.0 29.0 31.0 33.0 35.0 31.12
106 27.0 29.0 31.0 33.0 35.0 31.01
107 27.0 29.0 31.0 33.0 35.0 30.88
108 27.0 29.0 31.0 33.0 35.0 30.76
109 26.0 28.0 31.0 33.0 35.0 30.58
110 26.0 28.0 31.0 33.0 35.0 30.51
111 26.0 28.0 30.0 33.0 34.0 30.33
112 26.0 28.0 30.0 32.0 34.0 30.19
113 26.0 28.0 30.0 32.0 34.0 30.02
114 26.0 28.0 30.0 32.0 34.0 29.93
115 25.0 28.0 30.0 32.0 34.0 29.76
116 25.0 27.0 30.0 32.0 34.0 29.65
117 25.0 27.0 30.0 32.0 34.0 29.47
118 25.0 27.0 30.0 32.0 34.0 29.36
119 25.0 27.0 29.0 32.0 34.0 29.20
120 24.0 27.0 29.0 31.0 34.0 29.06
121 24.0 27.0 29.0 31.0 33.0 28.89
122 24.0 27.0 29.0 31.0 33.0 28.73
123 24.0 27.0 29.0 31.0 33.0 28.59
124 24.0 26.0 29.0 31.0 33.0 28.40
125 24.0 26.0 29.0 31.0 33.0 28.27
126 23.9 26.0 28.0 31.0 33.0 28.12
127 24.0 26.0 28.0 31.0 33.0 27.97
128 23.0 26.0 28.0 30.0 32.0 27.82
129 23.0 26.0 28.0 30.0 32.0 27.63
130 23.0 26.0 28.0 30.0 32.0 27.50
131 23.0 25.0 28.0 30.0 32.0 27.43
132 23.0 25.0 28.0 30.0 32.0 27.16
133 23.0 25.0 27.0 30.0 32.0 26.99
134 22.0 25.0 27.0 29.0 32.0 26.81
135 22.0 25.0 27.0 30.0 31.0 26.69
136 22.0 25.0 27.0 29.0 31.0 26.50
137 22.0 25.0 27.0 29.0 31.0 26.36
138 22.0 24.0 27.0 29.0 31.0 26.17
139 22.0 24.0 27.0 29.0 31.0 26.00
140 21.0 24.0 26.0 29.0 31.0 25.86
141 21.0 24.0 26.0 29.0 30.0 25.72
142 21.0 24.0 26.0 28.0 30.0 25.47
143 21.0 24.0 26.0 28.0 30.0 25.29
144 21.0 24.0 26.0 28.0 30.0 25.18
145 21.0 23.0 26.0 28.0 30.0 25.02
146 20.0 23.0 26.0 28.0 30.0 24.74
147 20.0 23.0 25.0 28.0 30.0 24.64
148 20.0 23.0 25.0 27.0 29.0 24.43
149 20.0 23.0 25.0 27.0 29.0 24.26
150 20.0 23.0 25.0 27.0 29.0 24.06
