pos n
1 0
2 0
3 0
4 0
5 1
6 1
7 1
8 1
9 0
10 1
11 2
12 0
13 0
14 0
15 1
16 1
17 1
18 0
19 0
20 0
21 0
22 0
23 0
24 1
25 0
26 0
27 0
28 1
29 1
30 0
31 1
32 0
33 1
34 1
35 1
36 1
37 2
38 0
39 2
40 0
41 0
42 1
43 1
44 3
45 1
46 2
47 2
48 1
49 3
50 0
51 0
52 1
53 2
54 2
55 0
56 2
57 0
58 2
59 3
60 3
61 2
62 1
63 2
64 0
65 1
66 2
67 3
68 2
69 4
70 1
71 1
72 5
73 3
74 1
75 3
76 2
77 1
78 1
79 3
80 2
81 1
82 2
83 2
84 2
85 2
86 1
87 1
88 2
89 2
90 2
91 1
92 3
93 2
94 2
95 2
96 3
97 3
98 2
99 2
100 1
101 2
102 1
103 0
104 2
105 5
106 2
107 3
108 2
109 3
110 6
111 4
112 2
113 6
114 0
115 1
116 3
117 2
118 3
119 2
120 4
121 1
122 1
123 2
124 5
125 5
126 7
127 5
128 4
129 4
130 6
131 7
132 9
133 6
134 5
135 7
136 5
137 4
138 5
139 5
140 5
141 7
142 7
143 5
144 5
145 5
146 5
147 6
148 6
149 3
150 6
151 6
152 6
153 7
154 6
155 6
156 6
157 6
158 9
159 7
160 7
161 7
162 6
163 6
164 6
165 5
166 5
167 6
168 9
169 5
170 5
171 6
172 5
173 6
174 6
175 7
176 7
177 8
178 9
179 7
180 6
181 6
182 3
183 2
184 5
185 6
186 6
187 6
188 2
189 6
190 6
191 5
192 7
193 7
194 6
195 7
196 5
197 4
198 5
199 4
200 6
201 4
202 6
203 6
204 6
205 6
206 2
207 7
208 7
209 4
210 7
211 5
212 5
213 5
214 5
215 7
216 6
217 6
218 5
219 6
220 6
221 5
222 6
223 6
224 4
225 6
226 5
227 4
228 8
229 5
230 5
231 4
232 6
233 6
234 8
235 7
236 6
237 6
238 7
239 7
240 7
241 6
242 6
243 8
244 7
245 11
246 6
247 9
248 6
249 10
250 8
251 7
252 5
253 5
254 8
255 6
256 4
257 4
258 7
259 9
260 6
261 5
262 6
263 5
264 5
265 4
266 4
267 5
268 6
269 6
270 6
271 8
272 5
273 9
274 6
275 6
276 6
277 6
278 7
279 4
280 6
281 9
282 6
283 6
284 4
285 6
286 7
287 5
288 5
289 5
290 3
291 6
292 7
293 4
294 6
295 4
296 8
297 5
298 5
299 4
300 4
301 5
302 4
303 4
304 4
305 5
306 2
307 3
308 2
309 2
310 2
311 4
312 2
313 4
314 1
315 3
316 2
317 5
318 1
319 3
320 1
321 2
322 2
323 5
324 3
325 3
326 1
327 2
328 3
329 2
330 3
331 3
332 1
333 0
334 2
335 3
336 0
337 4
338 2
339 2
340 0
341 1
342 3
343 1
344 2
345 0
346 1
347 2
348 2
349 1
350 0
351 0
352 1
353 1
354 3
355 0
356 2
357 0
358 2
359 0
360 2
361 0
362 0
363 1
364 3
365 2
366 1
367 0
368 0
369 0
370 1
371 0
372 0
373 0
374 0
375 0
376 2
377 0
378 0
379 1
380 0
381 0
382 0
383 0
384 0
385 1
386 0
387 0
388 0
389 1
390 0
391 0
392 1
393 0
