i p
1 1.141e-119
2 1.933e-80
3 3.707e-67
4 2.377e-52
5 7.792e-42
6 7.834e-42
7 3.678e-39
8 1.057e-38
9 1.053e-37
10 1.064e-32
11 8.361e-31
12 2.321e-30
13 2.678e-28
14 7.037e-28
15 1.464e-27
16 3.013e-27
17 1.341e-26
18 6.532e-26
19 1.441e-24
20 7.524e-24
21 1.266e-23
22 1.183e-22
23 1.671e-21
24 6.163e-21
25 2.849e-20
26 7.456e-20
27 2.061e-19
28 7.875e-19
29 1.492e-18
30 1.536e-18
31 1.538e-18
32 2.482e-18
33 4.384e-18
34 8.005e-18
35 9.569e-18
36 1.935e-17
37 3.995e-17
38 6.799e-17
39 7.781e-17
40 1.372e-16
41 1.447e-16
42 1.614e-16
43 1.651e-16
44 4.175e-16
45 4.352e-16
46 9.785e-16
47 1.247e-15
48 5.755e-15
49 9.525e-15
50 1.083e-14
51 1.898e-14
52 2.616e-14
53 2.803e-14
54 4.484e-14
55 6.507e-14
56 1.777e-13
57 2.017e-13
58 4.472e-13
59 6.699e-13
60 1.138e-12
61 1.896e-12
62 3.071e-12
63 5.52e-12
64 9.525e-12
65 2.097e-11
66 3.403e-11
67 3.762e-11
68 3.844e-11
69 5.514e-11
70 5.935e-11
71 6.527e-11
72 9.218e-11
73 1.215e-10
74 1.533e-10
75 1.879e-10
76 2.208e-10
77 2.839e-10
78 3.549e-10
79 4.507e-10
80 6.045e-10
81 8.144e-10
82 1.09e-09
83 1.365e-09
84 2.227e-09
85 2.232e-09
86 2.438e-09
87 2.828e-09
88 3.91e-09
89 5.14e-09
90 5.467e-09
91 6.919e-09
92 6.965e-09
93 7.905e-09
94 9.373e-09
95 1.124e-08
96 1.144e-08
97 1.278e-08
98 1.358e-08
99 1.447e-08
100 1.647e-08
101 2.026e-08
102 2.047e-08
103 2.376e-08
104 2.465e-08
105 2.575e-08
106 2.608e-08
107 2.612e-08
108 2.702e-08
109 2.888e-08
110 3.411e-08
111 4.04e-08
112 4.295e-08
113 4.689e-08
114 4.692e-08
115 4.977e-08
116 5.015e-08
117 5.704e-08
118 5.977e-08
119 6.221e-08
120 6.399e-08
121 6.44e-08
122 6.46e-08
123 7.994e-08
124 9.797e-08
125 1.188e-07
126 1.333e-07
127 1.444e-07
128 1.45e-07
129 1.538e-07
130 1.78e-07
131 2.345e-07
132 2.409e-07
133 2.503e-07
134 2.508e-07
135 2.943e-07
136 3.163e-07
137 3.196e-07
138 3.351e-07
139 3.769e-07
140 3.834e-07
141 3.959e-07
142 4.447e-07
143 4.565e-07
144 5.429e-07
145 5.527e-07
146 5.533e-07
147 5.619e-07
148 7.195e-07
149 8.053e-07
150 8.441e-07
151 9.076e-07
152 1.023e-06
153 1.058e-06
154 1.245e-06
155 1.374e-06
156 1.711e-06
157 1.851e-06
158 1.961e-06
159 2.022e-06
160 2.023e-06
161 2.145e-06
162 2.173e-06
163 2.43e-06
164 2.451e-06
165 2.808e-06
166 3.32e-06
167 3.743e-06
168 3.791e-06
169 3.917e-06
170 4.375e-06
171 4.626e-06
172 4.636e-06
174 5.056e-06
175 5.398e-06
176 5.545e-06
177 5.727e-06
178 6.06e-06
179 6.306e-06
180 6.662e-06
181 7.928e-06
182 7.992e-06
183 9.752e-06
185 9.966e-06
186 1.149e-05
187 1.16e-05
188 1.168e-05
189 1.206e-05
190 1.256e-05
191 1.268e-05
192 1.3e-05
193 1.322e-05
194 1.325e-05
195 1.527e-05
196 1.608e-05
197 1.639e-05
198 1.792e-05
199 1.964e-05
200 2.073e-05
201 2.637e-05
202 2.681e-05
203 2.745e-05
204 3.003e-05
205 3.071e-05
206 3.438e-05
207 3.476e-05
208 3.604e-05
209 4.148e-05
210 4.502e-05
211 5.012e-05
212 5.04e-05
213 5.066e-05
214 5.223e-05
215 5.376e-05
216 6.067e-05
218 6.277e-05
219 6.279e-05
220 6.435e-05
221 6.611e-05
222 6.785e-05
223 7.675e-05
224 8.041e-05
225 8.524e-05
226 9.506e-05
227 0.000102
228 0.0001023
229 0.0001036
230 0.0001138
231 0.0001169
232 0.0001208
233 0.0001271
234 0.0001312
235 0.0001369
236 0.0001372
237 0.0001439
238 0.0001446
239 0.0001479
240 0.0001529
241 0.0001629
242 0.0001629
243 0.0001643
244 0.0001673
245 0.0001701
246 0.0001744
247 0.0001751
248 0.0001762
249 0.0001816
250 0.0001889
251 0.000194
252 0.0001943
253 0.0002014
255 0.0002145
256 0.000224
257 0.0002362
258 0.0002482
259 0.0002689
260 0.0002713
261 0.000295
262 0.0003063
263 0.0003189
264 0.0003463
265 0.000352
266 0.0003542
267 0.0003614
268 0.0003615
269 0.0003645
271 0.0003775
272 0.0003935
273 0.0004216
274 0.0004294
276 0.0004407
277 0.0004462
279 0.0004769
281 0.0005195
283 0.0005318
284 0.0005382
285 0.0005395
286 0.0005675
287 0.0005704
288 0.0005787
289 0.0005979
290 0.0006293
291 0.0006378
292 0.0006441
293 0.0006499
294 0.0006742
295 0.0007056
296 0.0007215
297 0.0007255
298 0.0007278
299 0.0007358
300 0.0007553
301 0.0007642
302 0.0007759
303 0.0008066
304 0.0008074
305 0.0008198
306 0.0008258
307 0.0008298
309 0.00087
311 0.0009068
312 0.0009127
313 0.001008
314 0.001039
315 0.001048
316 0.001069
318 0.001182
319 0.001182
320 0.0012
321 0.001206
323 0.001245
324 0.001253
325 0.001273
326 0.001361
327 0.001376
328 0.001378
329 0.001383
330 0.001426
331 0.001451
332 0.001461
333 0.001503
335 0.001576
336 0.001601
337 0.001624
338 0.001625
339 0.001691
340 0.001716
341 0.001726
342 0.001736
343 0.001764
344 0.001807
345 0.001827
347 0.001933
349 0.002032
350 0.002037
351 0.002056
352 0.002102
355 0.002238
356 0.002418
357 0.002436
358 0.002439
360 0.002522
362 0.002546
363 0.002575
364 0.002613
366 0.002632
367 0.002667
368 0.0027
370 0.002892
373 0.002949
374 0.003017
375 0.003049
377 0.003064
378 0.003092
379 0.003097
380 0.003116
381 0.003146
383 0.003247
385 0.003275
388 0.00339
389 0.003437
390 0.003456
391 0.003461
392 0.003594
394 0.003616
396 0.003707
397 0.00375
398 0.003769
399 0.003783
400 0.003808
401 0.003898
402 0.003911
405 0.004217
406 0.004217
407 0.00423
409 0.004286
411 0.004361
412 0.004377
413 0.00444
414 0.004445
416 0.004671
417 0.004701
418 0.004717
420 0.004881
422 0.005219
423 0.005253
424 0.005308
427 0.005391
428 0.005432
429 0.005522
431 0.005624
432 0.005636
435 0.005768
438 0.006009
441 0.006415
442 0.006465
444 0.006629
445 0.006923
447 0.007133
450 0.007272
451 0.007334
452 0.007365
454 0.007454
457 0.007769
458 0.007802
464 0.008126
465 0.00814
467 0.008451
469 0.008646
470 0.008715
472 0.008884
477 0.009099
478 0.009153
480 0.009207
483 0.009316
484 0.009382
485 0.009694
488 0.009905
490 0.01013
492 0.01026
496 0.01049
497 0.01072
498 0.01074
501 0.01101
502 0.01102
505 0.01133
506 0.0116
507 0.01175
509 0.01192
510 0.01198
511 0.01199
512 0.01208
513 0.0122
514 0.01235
520 0.01263
524 0.01313
525 0.01315
526 0.01322
527 0.01338
528 0.01339
530 0.01353
533 0.01365
538 0.01425
541 0.01439
545 0.01468
547 0.01484
550 0.01502
554 0.01533
558 0.01565
559 0.01568
561 0.01578
567 0.01613
571 0.01634
574 0.01643
575 0.01647
577 0.01659
580 0.01681
582 0.01708
584 0.01727
586 0.01758
587 0.01761
588 0.01762
590 0.0178
592 0.01789
597 0.01835
598 0.01851
599 0.01857
607 0.01908
609 0.01929
610 0.01937
611 0.01938
612 0.01948
613 0.01957
615 0.01961
616 0.01975
619 0.01983
622 0.01996
627 0.02071
631 0.02118
632 0.02143
633 0.02151
636 0.02196
637 0.02201
643 0.02301
645 0.0233
646 0.02332
649 0.02343
653 0.02374
656 0.02404
659 0.02416
663 0.02424
664 0.02425
665 0.02431
671 0.02505
678 0.0258
683 0.0264
684 0.02641
700 0.02798
703 0.02815
704 0.02833
706 0.02848
707 0.02853
708 0.02854
710 0.02869
711 0.02869
713 0.02884
719 0.02986
722 0.03027
737 0.03171
739 0.03173
743 0.03222
750 0.03267
751 0.03297
769 0.03564
770 0.03609
776 0.03676
780 0.03721
790 0.03811
791 0.03844
795 0.03877
796 0.0388
798 0.03889
806 0.0395
808 0.03971
809 0.03976
810 0.0398
814 0.04023
824 0.04127
830 0.04205
832 0.04224
842 0.0432
844 0.04329
851 0.04362
852 0.04373
867 0.04556
875 0.04638
876 0.0465
883 0.04665
884 0.04684
897 0.04821
903 0.04899
914 0.04992
915 0.04993
916 0.05002
919 0.05023
924 0.05049
926 0.05054
930 0.05084
946 0.05234
950 0.05293
951 0.05343
956 0.0541
962 0.05484
971 0.05576
977 0.05626
987 0.05722
1000 0.05963
1005 0.06034
1015 0.06169
1016 0.06174
1019 0.06212
1035 0.06374
1040 0.06445
1052 0.06543
1059 0.06577
1060 0.0658
1062 0.06586
1080 0.06795
1082 0.06798
1085 0.06817
1087 0.06841
1108 0.07139
1117 0.07255
1136 0.07477
1146 0.07596
1149 0.07648
1170 0.07844
1172 0.07849
1173 0.07864
1180 0.07963
1183 0.07993
1198 0.08077
