i p
173 4.944e-06
184 9.879e-06
217 6.13e-05
254 0.0002125
270 0.0003772
275 0.0004304
278 0.0004599
280 0.000488
282 0.0005305
308 0.0008467
310 0.0009063
317 0.001138
322 0.001212
334 0.001572
346 0.001893
348 0.001995
353 0.002103
354 0.002169
359 0.002477
361 0.002528
365 0.00262
369 0.002798
371 0.002908
372 0.002924
376 0.003052
382 0.003167
384 0.003273
386 0.00336
387 0.003363
393 0.003604
395 0.003675
403 0.003923
404 0.004008
408 0.004284
410 0.004349
415 0.004606
419 0.004736
421 0.005202
425 0.005332
426 0.005332
430 0.005562
433 0.005709
434 0.005716
436 0.005894
437 0.005956
439 0.006169
440 0.006284
443 0.006546
446 0.00709
448 0.007137
449 0.007179
453 0.007431
455 0.007684
456 0.007766
459 0.007806
460 0.007874
461 0.00794
462 0.00796
463 0.008069
466 0.008372
468 0.008637
471 0.008821
473 0.008954
474 0.008998
475 0.009019
476 0.00903
479 0.009175
481 0.009273
482 0.009307
486 0.009712
487 0.009836
489 0.009978
491 0.01021
493 0.01035
494 0.01039
495 0.01043
499 0.0109
500 0.011
503 0.01117
504 0.01132
508 0.0119
515 0.01237
516 0.0124
517 0.01247
518 0.01254
519 0.01257
521 0.01265
522 0.01306
523 0.01311
529 0.01341
531 0.01357
532 0.01362
534 0.01367
535 0.01381
536 0.01381
537 0.01387
539 0.01431
540 0.01437
542 0.01441
543 0.01452
544 0.01456
546 0.01484
548 0.01495
549 0.015
551 0.01504
552 0.01507
553 0.0151
555 0.01536
556 0.01541
557 0.01557
560 0.01573
562 0.016
563 0.016
564 0.01602
565 0.01602
566 0.01603
568 0.01626
569 0.01626
570 0.01628
572 0.01637
573 0.01642
576 0.01658
578 0.01673
579 0.01681
581 0.01689
583 0.0172
585 0.01757
589 0.01779
591 0.01786
593 0.01795
594 0.01797
595 0.01813
596 0.01822
600 0.01862
601 0.01863
602 0.01865
603 0.01878
604 0.01887
605 0.01892
606 0.01907
608 0.01922
614 0.01961
617 0.01976
618 0.01981
620 0.01987
621 0.01989
623 0.0201
624 0.02035
625 0.02044
626 0.02063
628 0.02087
629 0.02094
630 0.02107
634 0.02174
635 0.02176
638 0.02245
639 0.02253
640 0.02282
641 0.02288
642 0.0229
644 0.02328
647 0.02337
648 0.02341
650 0.02349
651 0.02351
652 0.02353
654 0.02386
655 0.02392
657 0.02404
658 0.02416
660 0.02419
661 0.02421
662 0.02423
666 0.02443
667 0.02457
668 0.02475
669 0.02478
670 0.02496
672 0.02513
673 0.02547
674 0.0255
675 0.02553
676 0.02565
677 0.02577
679 0.0259
680 0.02597
681 0.026
682 0.02601
685 0.02649
686 0.02654
687 0.02658
688 0.02665
689 0.02671
690 0.02675
691 0.02692
692 0.02723
693 0.02737
694 0.02748
695 0.02753
696 0.0276
697 0.02766
698 0.02789
699 0.02789
701 0.02808
702 0.0281
705 0.02838
709 0.02861
712 0.02881
714 0.02893
715 0.0291
716 0.02924
717 0.0296
718 0.02977
720 0.0299
721 0.03013
723 0.03035
724 0.03039
725 0.03045
726 0.03047
727 0.03053
728 0.03055
729 0.03057
730 0.03105
731 0.0311
732 0.03114
733 0.03131
734 0.03138
735 0.03161
736 0.03166
738 0.03172
740 0.03176
741 0.03183
742 0.03194
744 0.03226
745 0.03227
746 0.03233
747 0.03242
748 0.03247
749 0.03262
752 0.03303
753 0.03305
754 0.03333
755 0.0342
756 0.03435
757 0.03452
758 0.03454
759 0.03465
760 0.03468
761 0.03493
762 0.03499
763 0.03518
764 0.0352
765 0.03521
766 0.03522
767 0.03546
768 0.03552
771 0.0361
772 0.0361
773 0.03625
774 0.03633
775 0.03648
777 0.03691
778 0.03709
779 0.03721
781 0.03728
782 0.03751
783 0.03755
784 0.03781
785 0.0379
786 0.03795
787 0.03795
788 0.03799
789 0.03802
792 0.0386
793 0.03863
794 0.03873
797 0.03886
799 0.03893
800 0.03899
801 0.03907
802 0.03917
803 0.03926
804 0.03939
805 0.0394
807 0.03954
811 0.03987
812 0.03988
813 0.04003
815 0.04027
816 0.04031
817 0.04034
818 0.04047
819 0.04088
820 0.04105
821 0.04111
822 0.04113
823 0.04127
825 0.04129
826 0.04158
827 0.04175
828 0.04191
829 0.04198
831 0.04212
833 0.04241
834 0.04242
835 0.04255
836 0.04271
837 0.04275
838 0.04277
839 0.0428
840 0.04282
841 0.04288
843 0.04326
845 0.0433
846 0.0434
847 0.0434
848 0.04349
849 0.04358
850 0.04359
853 0.04388
854 0.04403
855 0.04412
856 0.04445
857 0.04452
858 0.04453
859 0.04458
860 0.04488
861 0.0449
862 0.04501
863 0.04513
864 0.04539
865 0.04546
866 0.04553
868 0.04557
869 0.04579
870 0.04591
871 0.04615
872 0.0463
873 0.04633
874 0.04637
877 0.0465
878 0.04651
879 0.04653
880 0.04653
881 0.04655
882 0.0466
885 0.04708
886 0.04717
887 0.04727
888 0.04747
889 0.04748
890 0.0476
891 0.04775
892 0.04779
893 0.04785
894 0.04801
895 0.04805
896 0.04807
898 0.04821
899 0.04842
900 0.04843
901 0.04867
902 0.04869
904 0.04917
905 0.04924
906 0.04926
907 0.04929
908 0.04941
909 0.04963
910 0.04965
911 0.04983
912 0.04986
913 0.04989
917 0.05005
918 0.05019
920 0.05027
921 0.05029
922 0.05039
923 0.05042
925 0.05053
927 0.05056
928 0.05064
929 0.05072
931 0.05096
932 0.05107
933 0.05109
934 0.05125
935 0.0513
936 0.05134
937 0.05142
938 0.05163
939 0.05171
940 0.05172
941 0.05176
942 0.05207
943 0.05211
944 0.05214
945 0.05215
947 0.05243
948 0.05247
949 0.05262
952 0.05355
953 0.05359
954 0.05378
955 0.05387
957 0.05416
958 0.05433
959 0.0544
960 0.05442
961 0.05448
963 0.05484
964 0.05488
965 0.05501
966 0.05518
967 0.05527
968 0.05528
969 0.05538
970 0.05543
972 0.05578
973 0.05582
974 0.0561
975 0.0562
976 0.05624
978 0.05629
979 0.05645
980 0.05665
981 0.05669
982 0.05693
983 0.057
984 0.05707
985 0.05712
986 0.05712
988 0.05742
989 0.05763
990 0.05796
991 0.05836
992 0.05841
993 0.05842
994 0.05843
995 0.05868
996 0.05875
997 0.05897
998 0.05931
999 0.0596
1001 0.06
1002 0.0602
1003 0.06031
1004 0.06032
1006 0.06041
1007 0.06048
1008 0.06075
1009 0.06085
1010 0.06134
1011 0.06162
1012 0.06163
1013 0.06163
1014 0.06166
1017 0.06192
1018 0.06193
1020 0.06227
1021 0.06232
1022 0.06234
1023 0.06242
1024 0.0626
1025 0.06316
1026 0.06319
1027 0.06327
1028 0.06342
1029 0.06342
1030 0.0635
1031 0.06356
1032 0.06357
1033 0.06368
1034 0.0637
1036 0.06387
1037 0.0639
1038 0.06431
1039 0.06443
1041 0.06449
1042 0.06459
1043 0.06464
1044 0.06465
1045 0.06468
1046 0.06499
1047 0.06499
1048 0.065
1049 0.06505
1050 0.06526
1051 0.06526
1053 0.06546
1054 0.06553
1055 0.06563
1056 0.06565
1057 0.06569
1058 0.0657
1061 0.06584
1063 0.06598
1064 0.06623
1065 0.06633
1066 0.06634
1067 0.06641
1068 0.06652
1069 0.06658
1070 0.06674
1071 0.06678
1072 0.06689
1073 0.06702
1074 0.06704
1075 0.06705
1076 0.06713
1077 0.06719
1078 0.0675
1079 0.06773
1081 0.06797
1083 0.06804
1084 0.06817
1086 0.06836
1088 0.06845
1089 0.06873
1090 0.06892
1091 0.06893
1092 0.06907
1093 0.06907
1094 0.06934
1095 0.06941
1096 0.06941
1097 0.06943
1098 0.06968
1099 0.06973
1100 0.06982
1101 0.07009
1102 0.07031
1103 0.07069
1104 0.07071
1105 0.07073
1106 0.07098
1107 0.0713
1109 0.07141
1110 0.07145
1111 0.07178
1112 0.07179
1113 0.0718
1114 0.07209
1115 0.07213
1116 0.07234
1118 0.07255
1119 0.07257
1120 0.07269
1121 0.07275
1122 0.07295
1123 0.07302
1124 0.07304
1125 0.07313
1126 0.07317
1127 0.07343
1128 0.07354
1129 0.07386
1130 0.07388
1131 0.07389
1132 0.07399
1133 0.07403
1134 0.07426
1135 0.07437
1137 0.07485
1138 0.07488
1139 0.07497
1140 0.07511
1141 0.07517
1142 0.07551
1143 0.07561
1144 0.07565
1145 0.07569
1147 0.07604
1148 0.07628
1150 0.07654
1151 0.07664
1152 0.0767
1153 0.07679
1154 0.07697
1155 0.07699
1156 0.07706
1157 0.0771
1158 0.07714
1159 0.07759
1160 0.07777
1161 0.07778
1162 0.07792
1163 0.07797
1164 0.07817
1165 0.07821
1166 0.07824
1167 0.07826
1168 0.0783
1169 0.07832
1171 0.07846
1174 0.079
1175 0.07906
1176 0.07918
1177 0.07923
1178 0.07928
1179 0.0796
1181 0.07963
1182 0.0798
1184 0.07993
1185 0.08001
1186 0.08007
1187 0.08015
1188 0.08028
1189 0.08038
1190 0.08039
1191 0.08045
1192 0.08047
1193 0.08054
1194 0.08061
1195 0.08068
1196 0.08068
1197 0.08074
1199 0.08087
1200 0.08105
