A M
9.478 -0.451
7.223 -0.577
5.099 -0.692
4.748 -1.392
4.735 -0.448
2.552 -1.000
4.596 -1.088
8.250 -0.729
2.552 1.000
4.041 -0.363
6.912 -0.737
6.554 -0.507
8.291 -0.220
8.116 -0.462
4.826 -0.628
8.145 -0.650
5.690 -0.632
8.116 -0.462
4.456 -0.807
6.409 -0.070
8.334 -0.305
7.163 -0.457
6.041 -0.363
7.457 -0.592
6.963 -0.311
7.799 -0.744
6.473 -0.503
3.956 0.193
5.041 -0.807
5.606 0.061
6.585 -0.890
7.002 -0.233
8.459 -0.280
4.137 -0.170
1.052 -0.000
8.933 -0.360
10.005 -0.429
3.137 -1.000
8.031 -0.613
7.584 -0.420
8.620 -0.529
5.202 0.485
6.091 -0.263
4.591 -0.737
2.637 -0.000
9.470 -0.537
6.618 -0.213
2.345 -0.585
7.581 -0.451
9.189 -0.460
8.300 -0.806
8.659 -0.516
4.757 -0.766
5.803 -0.214
3.782 -1.460
3.248 1.222
5.176 0.248
5.181 -0.083
4.681 -0.918
3.637 -0.000
6.453 -0.543
5.626 -0.363
3.248 -1.222
6.469 -0.337
6.034 -0.455
5.780 -0.055
6.618 -1.043
1.845 -1.585
2.052 -0.000
8.125 -0.480
6.829 -0.446
3.345 -0.585
4.506 0.263
7.163 -0.313
7.207 -0.544
9.804 -0.473
5.328 -0.737
1.552 -1.000
6.114 -0.216
6.487 -0.694
6.771 -0.652
7.150 -0.851
8.329 -0.646
9.304 -0.630
1.552 -1.000
5.856 -0.207
4.541 -1.363
5.137 -0.170
9.565 -0.666
5.248 -0.392
7.169 -0.146
4.487 -0.531
6.652 -0.415
5.541 -0.638
5.006 0.093
8.393 -0.592
3.552 1.000
6.682 -0.407
7.273 -0.309
4.959 -0.000
4.591 -0.737
9.196 -0.402
4.782 -1.460
3.713 -0.678
4.969 -0.663
7.213 -0.322
6.202 -0.486
9.123 -0.401
2.845 -0.415
9.229 -0.388
6.755 -0.359
4.987 -0.470
7.860 -0.900
3.374 -0.000
4.074 -0.875
7.326 -0.881
5.525 -0.771
3.782 -1.460
10.882 -0.542
4.860 -0.000
4.909 -1.070
6.070 -0.222
5.661 -1.042
4.906 -0.789
1.845 1.585
3.248 -1.222
4.117 -1.486
5.804 -0.585
5.406 -0.212
5.596 -0.913
9.529 -0.364
2.052 -0.000
5.218 -0.716
6.914 -0.494
6.553 -0.286
9.117 -0.477
7.544 -0.304
7.839 -0.404
6.465 -0.737
9.448 -0.533
5.614 -0.784
4.667 -2.059
6.464 -0.405
6.049 -0.181
7.856 -0.438
5.617 -1.515
3.456 -0.807
1.052 -0.000
8.990 -0.223
7.146 -0.232
5.029 -1.954
3.798 0.848
4.713 -0.678
5.130 -0.341
3.213 0.322
7.081 -0.549
6.502 -0.329
7.700 -0.345
4.541 -0.638
2.213 -2.322
8.092 -0.491
2.552 -1.000
5.925 -0.344
7.011 -0.689
6.507 -0.652
6.130 -0.341
4.833 -1.222
7.783 -0.447
6.978 -0.682
6.573 -0.189
7.978 -0.682
5.261 -0.078
2.345 -0.585
6.900 0.350
5.667 -0.585
6.026 -1.162
9.964 -0.341
10.199 -0.474
3.574 -1.875
6.586 -0.649
5.096 0.087
11.700 -0.417
4.388 -1.503
4.667 0.585
5.718 -0.284
6.999 -0.785
11.064 -0.494
7.864 -0.873
4.735 0.447
4.632 -0.241
8.758 -0.242
3.637 -0.000
7.838 -0.170
10.500 -0.587
2.052 -2.000
4.845 -0.415
7.056 -0.778
7.654 -0.385
5.618 -0.957
7.240 -0.375
6.518 -1.023
7.707 -0.456
5.938 -0.724
8.514 -0.792
3.748 0.222
5.792 -0.695
4.117 -0.515
5.041 -0.363
3.574 -1.875
9.127 -0.421
11.511 -0.447
8.847 -0.606
5.580 -0.560
4.430 0.415
5.326 -0.372
9.829 -0.562
12.357 -0.497
6.731 -0.505
5.096 -0.088
2.052 -0.000
5.052 -0.000
7.081 -0.657
8.644 -0.299
8.877 -0.362
7.626 -0.690
4.681 -0.918
7.822 -0.461
7.424 -0.365
5.167 -0.415
5.132 -0.759
3.213 -0.322
6.142 -0.464
4.222 -0.000
3.713 -1.322
5.561 -1.402
3.617 -0.486
7.451 -0.154
6.711 -0.399
6.718 -0.284
5.742 -1.040
4.248 -1.222
3.930 -0.585
6.076 -1.000
3.637 -1.170
4.987 -0.470
7.096 -0.799
4.637 -0.000
6.081 -0.657
4.248 -1.222
4.186 -0.652
7.181 -0.350
6.713 -0.678
6.820 -0.553
7.034 -0.455
7.852 -0.617
6.775 -0.462
4.667 -0.585
4.837 -0.926
9.200 -0.556
7.862 -0.512
5.681 -1.083
10.224 -0.349
8.348 -0.211
5.041 0.362
10.401 -0.496
4.456 -0.807
11.958 -0.509
4.195 -1.116
5.374 -0.644
7.854 -0.258
9.340 -0.391
5.885 0.051
7.579 -0.483
8.781 -0.474
4.969 -0.663
6.836 -0.852
5.000 0.280
5.879 -0.254
7.598 -0.673
3.006 0.737
7.177 -0.636
6.879 -0.606
8.147 -0.400
5.298 -0.152
4.006 -0.737
4.574 -0.126
8.124 -0.607
8.046 -0.451
7.326 -0.593
8.536 -0.529
4.137 -1.000
8.735 -0.634
5.642 -0.536
9.766 -0.634
7.347 -0.728
7.081 -0.657
2.713 -1.322
6.785 -0.751
6.711 -0.899
7.275 -0.538
7.468 -0.152
6.418 -0.556
7.749 -0.347
4.826 -0.628
4.667 -0.585
5.456 -1.193
2.345 -0.585
5.606 0.061
3.617 0.485
4.248 -0.778
4.632 0.241
9.405 -0.479
7.826 -0.408
10.559 -0.645
3.845 -0.415
3.506 -0.263
4.798 -2.322
5.388 -0.498
5.080 -0.441
5.883 -0.152
4.798 -0.322
8.801 -0.328
6.859 0.103
5.961 -1.034
8.145 -0.494
8.040 -0.114
5.430 -0.755
5.635 -1.550
6.446 -0.879
6.328 -0.737
6.237 -0.860
6.776 -0.596
1.552 -1.000
6.709 -0.818
5.292 -0.305
9.597 -0.651
7.031 -0.613
2.345 -0.585
3.213 -0.322
6.259 0.156
11.971 -0.527
5.563 0.378
9.460 -0.641
7.883 -0.678
6.622 -0.721
2.456 -2.807
4.667 -0.585
5.167 -0.415
6.293 -1.081
7.237 -0.238
10.119 -0.493
5.181 0.082
5.049 -0.181
4.456 -0.807
5.481 -0.858
6.444 -0.000
2.713 -1.322
4.574 -0.126
7.000 -0.280
2.052 -0.000
5.337 -0.074
7.690 -0.490
4.695 0.115
6.179 0.165
6.656 -0.355
6.220 0.160
5.535 -0.322
8.830 -0.387
4.867 -0.711
6.559 -0.443
6.142 -0.464
6.820 0.079
6.181 -1.088
4.591 -0.737
5.935 -0.049
7.373 -0.732
2.052 2.000
6.858 -0.564
5.475 -0.202
8.819 -0.599
9.203 -0.465
3.213 0.322
5.896 -0.401
4.987 -0.470
5.506 -0.263
2.845 -0.415
2.345 -2.585
2.345 2.585
6.425 -0.656
4.681 -0.918
1.845 -1.585
8.028 -0.115
6.950 -0.812
9.600 -0.525
8.202 -0.486
5.300 -0.000
7.608 -0.504
6.731 -0.505
2.052 2.000
6.177 -0.534
7.396 -0.600
6.383 -0.848
8.214 -0.302
4.596 1.087
5.978 0.237
5.667 -0.059
4.282 -0.460
1.845 -1.585
1.552 -1.000
5.137 0.170
6.642 -0.536
6.086 0.351
5.909 -0.544
6.586 -0.496
6.257 -0.235
4.930 -0.585
2.345 -0.585
7.460 -0.641
5.969 -0.663
5.630 -0.659
1.052 -0.000
7.400 -0.563
4.213 -0.322
6.094 -0.175
5.887 -0.750
4.782 -0.541
5.213 -0.322
8.539 -0.779
5.902 -0.300
8.677 -0.588
5.080 0.440
5.063 -1.379
7.078 -0.287
6.049 -0.181
5.818 -0.888
7.186 -0.552
5.235 -1.723
3.430 -1.585
7.915 -0.136
6.767 -0.383
4.248 -0.778
2.956 -1.807
5.261 -0.078
6.559 -0.443
5.739 -1.198
5.978 -0.237
1.052 -0.000
4.956 -0.193
7.435 -0.634
5.858 -0.564
7.389 -0.374
3.637 -0.000
7.597 -0.749
6.978 -0.237
5.653 -0.706
8.248 -0.392
5.345 -0.585
8.976 -0.420
5.041 -0.363
6.842 -0.596
3.956 -0.193
4.213 -0.322
2.345 -0.585
5.686 -0.348
4.443 -0.138
4.735 -0.448
9.412 -0.524
5.938 -0.724
7.899 -0.646
4.686 -0.348
10.950 -0.443
6.350 -0.256
7.099 -0.692
6.061 -0.402
4.748 -1.392
3.213 -2.322
2.845 -1.585
5.328 -0.737
5.176 -0.248
6.186 -0.652
6.624 -0.573
9.897 -0.512
7.383 -0.322
8.218 -0.823
4.574 -0.126
8.523 -0.446
5.574 -0.126
5.690 -0.632
7.828 -0.263
4.681 -0.918
8.704 -0.606
7.820 -0.617
4.041 -0.363
2.052 -0.000
5.337 0.074
6.863 -0.638
6.394 -0.425
5.333 -0.948
3.874 -1.000
6.909 -0.666
2.637 -0.000
7.778 -0.313
5.358 -0.436
6.045 -0.585
4.782 -1.460
9.013 -0.347
6.453 -0.543
6.925 -0.826
6.857 -0.155
8.747 -0.710
6.678 -0.204
7.085 -0.066
6.132 -0.759
6.322 -0.631
7.210 -0.701
3.713 -0.678
7.602 -0.642
7.621 -0.319
9.036 -0.392
5.973 -0.333
6.399 -0.354
5.117 -0.515
3.637 1.170
1.052 -0.000
6.012 -1.000
5.473 -0.668
11.613 -0.354
2.552 1.000
5.498 -0.396
3.248 -1.222
10.948 -0.444
5.943 -1.138
5.981 -0.142
1.552 -1.000
7.860 -0.664
5.570 -0.252
5.604 -0.185
3.860 -0.000
8.986 -0.522
10.942 -0.397
8.956 -0.592
6.233 -0.747
5.826 -0.628
8.373 -0.405
10.143 -0.417
3.506 -0.263
5.500 -0.720
6.515 -0.585
6.314 -0.524
8.874 -0.645
6.767 -0.787
6.632 -0.241
4.117 0.514
8.322 -0.585
6.108 -0.603
2.345 0.585
2.345 -0.585
4.186 0.652
7.370 -0.681
8.541 -0.519
10.743 -0.517
8.817 -0.515
3.213 0.322
6.566 -0.688
4.282 0.459
4.248 1.222
5.702 -0.959
5.358 -0.436
7.398 -0.737
7.271 -0.348
5.831 -0.158
7.880 -0.803
4.748 0.222
4.052 -0.000
7.637 -0.419
8.455 -0.526
5.104 -1.185
4.552 -1.000
3.637 -0.000
1.552 -1.000
4.667 -0.585
4.591 -0.737
5.248 0.392
6.289 -0.757
6.622 -0.721
4.374 -0.000
10.447 -0.568
5.152 -0.585
5.774 -0.273
4.213 0.322
4.430 -0.415
4.735 0.447
4.388 -1.503
8.457 -0.550
6.841 -0.468
5.063 -0.622
5.574 -0.126
5.599 -0.308
1.552 1.000
8.895 -0.531
4.906 -0.789
5.695 -0.116
9.782 -0.500
1.845 -1.585
8.492 -0.422
8.704 -0.486
1.052 -0.000
5.176 0.248
9.798 -0.647
7.763 -0.344
4.374 -0.000
7.301 -0.453
5.867 -1.290
5.117 -0.515
4.052 -0.000
3.506 -0.263
2.552 -1.000
1.052 -0.000
8.523 -0.787
4.306 -0.893
10.774 -0.522
4.695 -0.116
7.477 -0.633
7.511 -0.066
5.500 -0.720
6.097 -0.000
5.300 -0.000
8.031 -0.557
4.748 -0.222
4.063 -1.379
9.550 -0.370
7.594 -0.705
5.858 -0.564
7.852 -0.400
3.713 -0.678
6.118 -0.043
11.799 -0.445
3.845 -0.415
4.761 -1.078
5.409 -1.100
5.300 -0.000
8.957 -0.610
6.148 -0.379
5.298 -0.152
9.126 -0.533
8.382 -0.340
3.845 -0.415
7.105 -0.390
9.778 -0.475
8.183 -0.308
4.798 -1.152
4.402 -0.701
8.580 -0.467
5.510 0.131
5.978 -0.237
5.091 -1.737
7.182 -0.593
5.767 -0.383
7.163 -0.457
4.969 -0.663
2.956 -1.807
8.468 -0.262
5.943 -0.863
5.446 -0.613
3.506 0.263
4.833 -1.222
9.225 -0.438
6.403 -0.283
7.605 -0.535
10.598 -0.619
9.097 -0.462
4.367 -0.290
4.469 -1.663
7.322 -0.539
2.345 -0.585
4.837 -0.926
7.919 -0.504
5.591 -1.263
8.621 -0.604
7.409 -0.334
7.793 -0.283
1.845 -1.585
8.194 -0.618
8.568 -0.424
7.900 -0.437
5.337 -0.074
8.442 -0.420
5.659 -0.296
3.956 -1.807
7.046 -0.271
4.888 -0.503
2.845 -1.585
7.369 -0.253
5.041 -0.807
6.253 -1.000
8.113 -0.356
4.978 -0.933
5.000 -0.280
6.007 -0.509
3.213 0.322
5.406 0.211
6.003 -0.187
5.718 0.284
6.809 -0.531
4.506 -0.907
4.909 -0.100
6.795 -0.376
4.833 -1.222
5.664 -0.177
9.943 -0.319
4.282 -0.460
4.667 -0.585
9.296 -0.488
9.184 -0.512
10.011 -0.511
3.052 -2.000
7.217 0.241
2.213 2.322
1.052 -0.000
5.140 -0.000
4.637 -0.000
6.523 -0.228
7.743 -0.182
5.261 -0.078
3.248 1.222
10.009 -0.391
8.659 -0.516
6.481 -0.599
12.131 -0.546
3.345 -1.415
7.982 -0.460
7.817 -0.515
3.782 -1.460
5.676 -1.248
6.997 -0.327
5.563 -0.379
8.018 -0.368
4.117 0.514
4.798 -1.152
9.948 -0.426
4.006 0.737
3.930 0.585
3.902 -1.701
8.143 -0.620
2.956 -1.807
7.596 -0.553
5.975 -0.798
6.528 0.032
10.025 -0.483
6.046 -0.271
5.418 -0.556
5.847 -0.670
4.512 -0.000
5.006 -0.093
5.807 -0.000
7.085 -0.720
7.601 -0.717
10.367 -0.391
4.409 -1.100
7.026 -0.548
7.178 -0.391
7.378 -0.234
6.217 -0.241
5.724 0.056
5.374 -0.644
5.379 -1.254
3.798 -0.848
7.478 -0.067
6.778 -0.807
7.218 -0.716
8.176 -0.433
6.934 -0.098
3.213 0.322
3.552 -1.000
5.814 -0.477
7.997 -0.327
3.860 -0.000
2.845 -0.415
7.386 -0.410
8.989 -0.364
5.406 -0.212
4.052 -0.000
6.419 -0.314
3.456 -0.807
5.091 -0.263
8.556 -0.310
5.735 0.447
6.046 0.271
12.215 -0.484
8.307 -0.600
7.661 -0.266
8.491 -0.382
5.987 -0.701
9.059 -0.640
7.612 -0.168
11.729 -0.583
4.248 -0.778
5.406 -1.789
7.186 -0.267
6.785 -0.751
6.049 -0.181
7.502 -0.767
8.503 -0.541
6.895 -0.176
4.563 -0.379
3.345 0.585
4.943 -1.138
7.414 -0.592
4.681 -0.918
9.762 -0.501
9.037 -0.205
2.713 -1.322
5.925 -0.826
4.969 -0.663
8.077 -0.310
1.552 1.000
7.207 -0.544
4.052 -0.000
7.143 -0.568
7.061 -0.157
7.610 -0.816
1.052 -0.000
1.052 -0.000
8.065 -0.412
9.102 -0.616
5.478 -1.237
5.952 -0.290
5.137 -0.170
6.464 -0.405
3.006 -0.737
5.659 -0.296
5.743 -0.335
9.553 -0.322
7.522 -0.406
9.351 -0.632
8.587 -0.426
1.052 -0.000
2.552 1.000
3.798 -0.848
6.820 -0.553
1.552 1.000
5.969 -0.663
8.505 -0.410
4.713 -0.678
3.930 -0.585
4.367 -0.290
8.874 -0.520
7.510 -0.699
4.978 -0.933
3.052 -2.000
8.675 -0.531
6.298 -0.678
7.510 -0.344
7.274 -0.727
5.922 -1.244
8.141 -0.412
8.221 -0.548
5.987 -0.470
8.023 -0.379
4.722 -1.000
5.328 -0.737
2.345 0.585
5.006 0.093
2.845 -1.585
6.793 -0.563
8.012 -0.576
4.041 -0.363
4.748 0.222
4.074 -0.875
7.290 -0.343
8.347 -0.330
7.405 -0.751
7.181 -0.694
10.359 -0.591
4.909 -1.070
4.443 -0.138
3.506 -0.263
6.829 -0.446
4.367 -0.290
7.755 -0.455
5.430 -0.415
5.604 -0.185
4.888 -0.503
4.596 -1.088
2.956 -1.807
8.722 -0.750
8.392 -0.680
6.597 -1.000
5.132 -0.759
5.837 -0.926
6.424 -0.486
7.800 -0.481
7.099 -0.692
7.666 -0.513
6.809 -0.531
10.012 -0.444
6.278 -0.193
8.040 -0.520
3.430 -1.585
6.202 0.041
7.666 -0.657
7.632 -0.480
6.597 -1.000
7.364 -0.859
2.345 -0.585
2.845 -1.585
5.969 -0.663
6.220 0.160
6.006 -0.000
3.748 -0.222
5.858 -0.564
11.781 -0.508
5.096 0.087
4.443 0.137
5.399 -0.354
7.287 -0.609
2.845 -0.415
3.137 -1.000
8.949 -0.595
4.782 -0.541
9.275 -0.390
6.665 -0.729
8.309 -0.094
6.969 -0.167
4.826 -0.628
7.120 -0.471
2.345 -0.585
10.664 -0.404
4.176 -2.248
6.099 -0.478
9.133 -0.572
4.814 -1.524
7.074 0.089
5.506 -0.907
3.248 1.222
5.267 -0.617
6.096 -0.088
5.664 -0.177
7.632 -0.241
6.444 -0.445
6.884 -0.554
5.909 -0.930
6.425 -0.174
4.713 -0.678
2.345 0.585
6.424 -0.486
3.137 -2.170
8.349 -0.357
6.782 -0.541
8.960 -0.485
2.052 -0.000
5.487 -0.531
7.930 -0.585
6.351 -0.690
4.041 0.362
5.874 -1.000
5.326 -0.372
4.456 -1.193
7.727 -0.366
5.906 -0.789
4.856 -0.207
4.222 -0.000
3.345 0.585
6.763 -0.439
7.540 -0.369
2.845 -0.415
5.074 -1.126
3.617 -0.486
6.941 -0.268
11.200 -0.447
5.778 -0.807
9.037 -0.460
8.253 -0.401
4.617 -1.515
4.563 -0.379
4.117 0.514
5.253 -1.000
7.401 -0.318
8.006 -0.371
8.517 -0.286
6.981 -0.401
10.727 -0.514
7.020 -0.707
8.586 -0.388
4.552 -1.000
6.757 -0.766
4.298 -1.848
7.914 -0.772
5.778 -0.807
4.367 0.289
1.552 -1.000
6.684 -0.549
4.552 -1.000
5.949 -0.625
8.364 -0.859
10.121 -0.542
6.180 -0.854
5.358 -0.436
5.993 -0.834
5.140 -0.000
5.358 -0.436
5.137 -1.000
5.659 -0.875
3.798 -0.848
5.328 -0.737
5.526 -1.548
3.506 0.263
2.552 -1.000
3.052 -0.000
9.251 -0.571
4.735 0.447
6.710 -0.086
8.621 -0.319
2.637 -0.000
2.845 -0.415
7.388 -0.673
8.139 -0.265
7.338 -0.314
7.797 -0.202
5.298 -0.678
6.253 -0.313
3.845 -0.415
4.713 -0.678
6.517 -0.359
3.637 -0.000
4.695 -0.116
1.845 1.585
2.845 -0.415
3.345 -0.585
6.845 -0.130
4.667 -0.585
5.814 -0.477
7.189 -0.711
3.345 1.415
3.052 -2.000
6.418 -0.556
7.202 -0.345
5.512 -0.000
9.529 -0.535
8.001 -0.442
1.845 -1.585
5.222 -1.170
5.659 0.295
1.052 -0.000
4.798 -0.848
9.705 -0.538
3.430 -1.585
7.431 -0.670
6.307 -1.000
8.281 -0.526
3.695 -2.116
3.345 0.585
7.048 -0.428
4.541 -1.363
5.949 -0.625
7.010 -0.301
2.456 -2.807
11.701 -0.545
3.456 -0.807
8.139 -0.559
9.874 -0.467
6.427 -0.035
4.074 -0.875
4.686 -1.652
10.586 -0.319
2.052 -0.000
3.617 0.485
3.552 -1.000
3.456 -0.807
9.474 -0.659
4.063 -1.379
5.041 -0.363
5.186 -0.652
8.234 -0.699
2.845 1.585
7.701 -1.122
12.107 -0.475
4.695 -0.116
8.795 -0.376
4.041 0.362
6.752 -0.111
9.126 -0.358
4.137 0.170
3.617 -0.486
4.574 -1.875
2.052 -0.000
4.652 -1.585
6.624 -1.236
5.444 -0.000
5.337 0.074
6.954 -0.575
1.845 -1.585
6.117 0.129
5.026 -0.548
5.459 -1.000
11.054 -0.565
8.409 -0.334
6.104 -0.816
8.211 -0.272
5.406 0.211
6.587 -0.218
5.213 -0.322
8.880 -0.355
8.271 -0.577
9.525 -0.676
6.054 -0.493
7.641 -0.359
6.493 -0.463
7.759 0.014
4.367 -0.290
6.148 -0.379
8.089 -0.383
7.090 -0.675
8.624 -0.129
7.378 -0.937
4.500 -1.280
9.373 -0.498
4.856 -0.207
4.137 -1.000
4.282 -0.460
7.763 -0.344
4.041 -0.363
5.743 -0.335
8.488 -0.612
7.186 -0.267
4.806 0.107
10.145 -0.482
6.791 -0.189
2.052 -0.000
4.845 -0.415
5.909 -0.100
5.487 -0.531
4.213 -2.322
6.813 -0.737
3.506 -2.907
3.345 -1.415
6.502 -0.329
7.150 0.021
12.341 -0.517
6.877 -0.730
4.969 -0.663
5.695 -0.116
5.388 -0.498
4.909 -2.100
4.282 -0.460
8.532 -0.210
6.184 -0.451
11.175 -0.444
5.792 -0.695
6.595 -0.370
1.552 1.000
7.352 -0.220
6.015 -0.415
2.052 -0.000
8.139 -0.085
3.137 -1.000
7.628 -0.437
6.391 -0.107
4.117 -1.486
4.374 -2.000
10.435 -0.435
3.345 -1.415
2.052 -0.000
6.473 -0.668
10.689 -0.546
4.845 0.415
4.443 -0.138
5.096 -0.088
7.031 -0.613
6.453 -0.307
2.845 0.415
2.637 -3.170
1.552 -1.000
6.995 0.023
6.510 -0.131
5.006 -0.737
8.581 -0.343
8.465 -0.388
5.063 -1.379
5.888 0.502
6.670 -0.896
10.027 -0.488
3.748 -0.222
11.190 -0.489
3.345 0.585
2.345 0.585
6.512 -0.000
5.358 -0.436
5.257 0.234
7.775 -0.368
4.909 -1.070
8.186 -0.246
8.274 -0.376
2.552 -1.000
4.443 -0.138
8.453 -0.585
4.860 -0.000
7.767 -0.479
3.137 -1.000
5.399 -0.354
8.951 -0.481
5.713 -0.678
7.122 -0.279
5.859 -0.103
8.476 -0.352
5.664 0.177
4.686 -0.348
2.845 -0.415
5.500 -0.720
7.543 -0.448
7.202 0.041
5.367 -0.290
4.248 -0.778
1.845 -1.585
7.711 -0.638
7.044 -0.936
8.010 -0.301
6.863 -0.837
2.845 -1.585
3.956 -0.193
9.665 -0.408
8.145 -0.253
4.686 -1.652
6.026 -0.548
4.367 -0.290
7.186 -0.652
3.637 -0.000
7.953 -0.373
6.091 -0.567
9.298 -0.492
11.343 -0.494
3.637 -1.170
5.337 0.074
7.368 -0.770
3.345 -1.415
6.708 -0.597
4.298 0.152
4.298 -0.152
7.604 -0.460
8.794 -0.681
8.179 -0.513
4.837 -0.926
9.501 -0.412
9.285 -0.421
8.187 -0.409
8.192 -0.235
4.902 0.299
5.552 -1.000
5.388 -0.498
6.253 -0.313
7.395 -0.266
9.042 -0.469
6.194 -0.568
3.137 -2.170
8.299 -0.585
3.006 -0.737
7.351 -0.690
6.681 -0.029
5.837 -1.074
7.412 -0.764
10.943 -0.611
5.176 -0.248
2.213 -2.322
9.294 -0.461
1.052 -0.000
5.691 -0.231
4.409 1.099
4.837 -0.926
5.195 -0.885
10.179 -0.569
5.456 -0.807
8.479 -0.376
2.552 -1.000
6.094 -0.175
8.389 -0.294
3.956 0.193
5.176 0.248
5.630 -0.659
3.052 -2.000
7.307 -0.947
3.956 -0.193
6.708 -0.597
7.654 -0.385
4.606 -1.939
5.399 -0.354
4.874 -1.000
5.667 -0.585
6.388 -0.673
6.196 -1.000
7.821 -0.720
4.186 -0.652
5.591 -0.433
6.494 -0.626
6.798 -0.848
3.506 0.263
5.549 -0.820
8.147 -0.473
7.612 -0.903
6.117 -0.515
3.617 0.485
8.496 -0.298
9.139 -0.585
8.178 -0.585
5.949 -0.625
6.160 -0.500
6.816 -0.812
3.956 -0.193
8.593 -0.585
10.815 -0.402
3.137 -1.000
8.748 -0.423
9.393 -0.549
4.222 -0.000
6.289 -0.757
4.757 -0.766
5.570 0.251
6.859 -0.103
5.015 -1.585
3.637 -1.170
9.601 -0.445
8.038 -0.307
9.989 -0.515
5.372 -0.144
6.570 -0.252
4.748 -1.392
5.104 -1.185
1.552 -1.000
7.333 -0.222
1.845 1.585
7.064 -0.795
6.248 -0.392
2.052 -0.000
5.186 -0.652
3.456 -2.807
4.748 0.222
5.845 -0.415
6.331 -0.843
7.051 -0.135
1.845 1.585
9.088 -0.670
7.417 -0.349
5.563 0.378
4.667 -0.585
11.302 -0.505
1.052 -0.000
6.195 -0.286
4.888 -0.503
5.860 -0.000
4.909 -0.100
5.367 -0.290
5.456 -0.807
8.168 -0.187
8.281 -0.668
6.981 -0.749
5.298 -0.152
5.438 -0.276
10.379 -0.615
6.352 -0.510
6.433 -0.853
4.867 -1.290
7.434 -0.719
6.503 -0.814
2.782 -3.460
6.184 -0.451
5.367 -0.290
5.506 0.263
5.570 -0.252
4.074 -0.875
6.374 -0.644
3.213 -0.322
8.872 -0.439
4.563 -0.379
8.068 -0.078
6.853 -0.817
3.798 0.848
8.547 -0.383
3.345 0.585
8.487 -0.432
5.698 -0.797
4.930 -0.585
3.552 -1.000
3.374 -0.000
8.569 -0.556
8.697 -0.488
4.563 -0.379
7.395 -0.687
9.723 -0.465
6.854 -0.258
5.956 -0.193
3.845 0.415
6.424 -0.486
4.814 -1.524
10.502 -0.505
3.902 -1.701
5.248 -0.778
10.377 -0.444
5.167 -0.415
10.502 -0.466
6.385 -0.949
6.820 -0.682
5.117 -0.515
4.006 -0.737
4.367 -0.290
8.816 -0.593
4.591 -0.737
1.845 -1.585
2.052 -0.000
7.563 -0.488
4.041 -0.363
5.860 -0.000
4.506 -0.263
6.283 -0.648
9.527 -0.388
6.045 -0.585
5.328 -0.737
4.052 -0.000
5.859 -0.103
6.035 -0.678
9.460 -0.557
4.632 0.241
6.798 -0.322
8.210 -0.503
7.481 -0.251
5.300 -0.000
6.194 -0.568
1.845 1.585
4.902 0.299
7.935 -0.049
7.739 -0.488
8.617 -0.327
6.526 -0.162
4.117 -0.515
7.107 -0.065
5.925 -0.826
4.456 -1.193
9.662 -0.409
5.202 -0.486
5.195 -0.885
7.591 -0.433
6.091 -0.263
9.231 -0.461
5.195 -0.885
6.383 -0.848
5.314 0.523
4.833 -1.222
4.617 0.485
3.137 -1.000
7.942 -0.640
5.498 -0.396
5.132 -1.241
1.552 -1.000
5.918 -0.444
5.159 -1.296
3.956 0.193
4.574 -0.126
8.452 -0.400
5.828 -0.263
6.191 -0.769
10.143 -0.453
7.686 -0.733
4.930 -0.585
4.117 1.485
2.052 -2.000
6.498 -0.396
5.388 -0.498
3.930 -2.585
4.806 -0.107
4.956 -0.193
5.596 -0.913
5.574 -1.044
11.000 -0.648
6.070 -0.749
7.251 -0.353
4.574 0.125
4.367 0.289
6.673 -0.322
4.909 -0.100
6.763 -0.193
4.074 -0.875
2.637 -0.000
5.526 -0.453
4.930 -0.585
4.591 -0.737
4.826 -0.628
4.930 -0.585
6.459 -0.170
4.074 -0.875
3.506 -1.737
2.845 -0.415
4.345 -0.585
9.693 -0.567
11.668 -0.434
4.117 -0.515
9.377 -0.506
3.137 1.000
3.430 1.585
3.402 -2.701
6.598 -0.673
5.909 0.099
10.100 -0.367
8.635 -0.487
4.306 0.893
6.387 -0.250
9.099 -0.467
8.224 -0.300
4.826 -0.628
9.729 -0.275
9.526 -0.433
4.487 -0.531
5.580 -0.560
6.023 -0.773
3.617 -0.486
6.636 -0.597
6.126 -0.638
5.041 -0.807
1.552 -1.000
2.637 -0.000
8.430 -0.645
4.798 -0.848
2.052 -0.000
6.585 -0.890
7.245 -0.930
10.101 -0.595
2.345 -0.585
8.423 -0.589
9.545 -0.667
5.137 -1.000
6.261 -0.078
10.707 -0.474
7.252 -0.059
3.248 -1.222
3.617 0.485
5.544 0.064
10.228 -0.692
6.940 -0.605
5.814 -0.477
5.778 0.163
9.535 -0.394
6.422 -0.244
6.475 -0.202
3.374 -0.000
5.159 -1.296
6.831 -0.158
10.446 -0.546
5.510 -0.131
6.363 -0.363
8.047 -0.350
9.028 -0.286
6.481 -0.599
5.614 -0.784
9.904 -0.595
4.860 -0.000
5.847 -0.670
6.097 -0.000
1.552 -1.000
10.457 -0.562
6.549 -0.820
4.874 -1.000
8.062 -0.112
9.864 -0.508
6.070 -0.222
5.591 -0.433
4.298 0.152
8.795 -0.256
9.497 -0.376
6.291 -0.569
1.052 -0.000
6.446 -0.613
5.828 -0.263
10.293 -0.515
4.681 -0.918
2.052 -0.000
5.761 -0.922
8.142 -0.464
2.345 -0.585
6.316 -0.188
7.376 -0.431
5.910 -0.000
5.096 -0.088
8.779 -0.095
9.047 -0.507
4.637 -0.000
6.296 -0.228
7.045 -0.585
1.845 1.585
10.248 -0.577
5.176 -0.248
3.052 -0.000
6.706 -0.737
6.422 -0.926
7.037 -0.205
6.427 0.035
3.930 0.585
4.632 -0.241
7.629 -0.936
7.195 -0.286
4.443 -0.138
1.052 -0.000
7.050 -0.539
7.586 -0.249
2.552 1.000
5.591 -0.737
4.574 0.125
9.303 -0.458
6.235 -0.553
7.093 -0.415
2.052 -2.000
9.212 -0.507
6.006 -1.263
2.845 -1.585
1.052 -0.000
5.041 -0.363
1.845 -1.585
4.041 0.362
4.806 -0.107
5.409 -1.100
6.337 -0.661
5.544 0.064
4.591 -0.737
8.269 -0.368
4.248 -0.778
6.227 -0.634
5.930 -0.245
8.480 -0.285
9.265 -0.494
7.086 -0.352
6.612 -0.336
4.552 1.000
7.345 -0.585
7.173 -0.678
6.410 -1.000
2.637 -0.000
3.006 0.737
8.222 -0.479
2.782 -3.460
1.052 -0.000
5.549 -0.820
1.552 -1.000
4.052 -0.000
7.381 -0.358
5.859 0.103
6.342 -0.404
8.843 -0.441
8.359 -0.481
9.419 -0.474
7.579 -0.483
5.152 -0.585
11.728 -0.455
5.000 -0.280
7.594 -0.232
3.374 -0.000
4.506 0.263
6.604 -0.460
6.605 -0.123
8.113 -0.431
6.444 -0.445
8.218 -0.331
3.345 -0.585
5.333 -0.222
9.707 -0.325
5.596 -1.088
6.952 -0.290
4.345 -0.585
10.228 -0.425
7.716 -0.312
3.574 -1.875
7.202 -0.486
7.920 -0.308
5.526 -0.453
5.385 -1.051
7.996 -0.628
6.831 -0.574
8.600 -0.620
6.345 -0.585
4.541 -0.638
5.130 -0.341
5.213 -0.322
7.600 -0.415
4.552 -1.000
4.909 -0.100
4.681 -0.918
9.635 -0.398
6.657 -1.210
5.248 -0.392
7.338 -0.856
10.350 -0.452
5.640 -1.000
4.367 -0.290
6.161 -0.042
5.487 -1.470
6.612 -0.336
6.907 -0.422
7.914 -0.408
7.823 -0.590
6.053 -0.714
11.393 -0.552
4.456 -0.807
8.590 -0.677
5.006 -0.093
6.464 -0.405
9.825 -0.391
3.748 0.222
6.880 -0.803
5.599 -0.308
5.140 -0.000
4.137 0.170
8.122 -0.118
5.096 0.087
4.456 -0.807
6.935 -1.121
10.308 -0.370
2.552 -1.000
5.345 0.585
5.306 -0.893
6.570 -0.252
11.159 -0.452
6.393 -0.774
7.051 -0.135
3.637 -0.000
4.956 -0.193
5.599 -0.308
3.860 -0.000
6.020 -0.322
9.954 -0.605
5.541 0.193
6.110 0.302
4.632 -0.241
6.899 -0.524
9.802 -0.278
7.858 -0.627
2.845 0.415
8.164 -0.508
5.478 0.067
4.006 -1.907
1.052 -0.000
3.748 -0.222
5.409 -0.901
6.066 -0.312
8.991 -0.463
6.157 -0.210
5.099 -0.692
1.552 1.000
5.691 -0.231
2.052 -2.000
5.833 0.052
9.434 -0.474
5.617 -0.486
6.076 -1.000
6.868 -0.585
1.845 1.585
5.257 -0.235
4.248 -0.778
6.819 0.132
3.713 -0.678
3.456 -0.807
5.469 -0.337
1.552 1.000
3.248 -1.222
4.117 -0.515
6.475 -0.202
12.371 -0.474
6.512 -0.746
4.563 -0.379
4.637 -0.000
6.963 -0.712
8.544 -0.565
5.610 -1.303
2.552 -1.000
5.328 0.737
3.637 -1.170
5.780 0.054
9.849 -0.478
9.522 -0.550
6.490 -0.233
5.909 0.099
4.345 -1.415
10.342 -0.719
4.956 0.193
6.786 -0.298
1.552 -1.000
6.668 -0.813
8.112 -0.506
3.637 -0.000
7.291 -0.811
3.456 -0.807
6.652 -0.415
7.325 -0.501
11.077 -0.585
5.409 -0.070
6.351 -0.690
8.592 -0.623
2.345 -0.585
7.969 -0.605
5.735 -0.448
2.213 -2.322
5.006 -0.093
4.637 -0.830
3.506 -0.263
9.074 -0.327
4.902 -1.701
4.761 -1.078
4.137 0.170
5.176 -0.248
8.881 -0.673
1.052 -0.000
8.096 -0.273
3.798 0.848
5.443 -0.138
6.660 -0.501
10.158 -0.482
7.529 -0.954
6.807 -0.054
10.027 -0.426
7.511 -0.538
8.247 -0.481
2.845 -0.415
9.318 -0.577
9.240 -0.527
6.582 -0.802
7.586 -0.249
5.292 0.305
6.986 -0.883
4.946 -0.387
9.396 -0.288
10.199 -0.373
7.097 -0.000
4.574 -0.126
1.845 -1.585
4.041 -0.363
6.015 -0.415
5.529 -0.954
6.727 -0.366
8.899 -0.695
5.828 -0.263
1.052 -0.000
5.430 -0.415
7.272 -0.877
1.552 -1.000
6.106 -0.939
5.446 -0.613
7.822 -0.461
5.292 -0.305
9.482 -0.793
3.213 0.322
3.713 0.678
5.435 -0.951
6.338 -0.000
7.703 -0.415
2.713 -1.322
6.242 -0.472
7.434 -0.156
5.591 -0.737
3.506 -0.263
4.213 -2.322
8.341 -0.120
5.757 -0.766
8.485 -0.507
5.819 -1.038
3.006 -0.737
5.478 -0.067
7.572 -0.220
4.806 -0.107
4.298 -1.848
5.248 -0.778
6.374 -0.644
8.456 -0.332
1.552 1.000
2.213 -2.322
6.167 -0.415
1.052 -0.000
5.433 -1.147
6.393 -0.774
7.678 -0.537
7.428 -0.295
7.528 -0.612
3.213 0.322
4.117 -0.515
4.137 -1.000
5.636 -0.120
4.137 -1.000
8.320 -0.512
4.826 -0.628
4.667 -0.585
4.137 -1.000
5.137 0.170
1.052 -0.000
5.267 0.617
9.360 -0.462
4.909 -0.100
5.202 -0.486
8.161 -0.334
6.958 -0.096
5.718 -0.284
5.261 -0.078
3.374 -0.000
7.656 -0.193
7.623 -0.498
4.856 -0.207
5.195 -1.116
7.081 -0.549
5.720 -0.840
6.909 -0.930
6.046 -0.271
6.935 -0.366
7.544 -0.605
6.278 -0.193
7.682 -0.407
7.855 -0.527
4.686 -0.348
8.691 -0.511
8.261 -0.418
3.782 -1.460
2.552 -1.000
1.845 1.585
3.456 -0.807
4.856 -0.207
2.052 -2.000
5.374 -0.644
6.099 -0.478
9.047 -0.467
3.006 -0.737
6.177 -0.534
5.253 -1.000
1.052 -0.000
11.584 -0.512
12.236 -0.486
5.063 -0.622
5.142 -1.536
4.574 -0.126
2.637 -0.000
1.052 -0.000
10.591 -0.416
9.117 -0.594
6.058 -0.841
7.518 -0.552
5.409 -1.100
5.388 -0.498
3.137 1.000
4.006 -1.907
5.220 -0.161
7.249 -0.177
6.620 -0.152
2.552 -1.000
5.771 -0.652
5.943 -0.863
6.696 -0.573
5.498 0.396
4.987 -0.470
7.715 -0.440
5.541 -0.193
1.552 1.000
7.501 -0.639
6.957 -0.408
1.552 1.000
7.633 -0.554
3.860 -0.000
8.651 -0.379
4.617 -1.515
7.222 -0.675
4.867 -0.711
9.290 -0.649
9.049 -0.677
5.605 -0.610
4.748 -0.222
4.430 -0.415
3.137 1.000
6.788 -0.828
10.925 -0.451
4.782 -0.541
6.803 -0.454
3.213 -0.322
5.780 -1.116
5.181 0.082
5.195 -0.885
7.592 -0.509
6.694 -0.432
3.052 -0.000
5.176 -0.248
4.541 -1.363
4.360 -1.000
3.552 -1.000
3.874 -1.000
7.687 -0.591
4.798 -0.848
6.379 -0.746
2.345 0.585
5.137 -0.170
6.652 -0.415
6.306 -0.893
9.718 -0.589
7.549 -0.820
1.052 -0.000
5.713 -0.678
8.470 -0.537
3.456 -0.807
7.443 -0.564
3.213 0.322
2.552 -1.000
2.637 -0.000
8.315 -0.689
6.477 -0.134
3.248 -1.222
6.742 -0.528
4.930 -0.585
2.637 -0.000
4.006 0.737
7.373 -0.108
4.686 -0.348
7.275 -0.538
4.430 -1.585
3.052 -0.000
5.333 -0.222
3.345 -1.415
8.081 -0.657
5.041 -0.363
8.441 -0.624
8.122 -0.795
8.059 -0.425
8.026 -0.491
1.052 -0.000
7.476 -0.168
3.052 -0.000
6.750 -0.167
7.093 -0.415
8.292 -0.690
6.303 -0.786
7.903 -0.386
7.057 -0.448
3.782 -1.460
6.153 -0.294
1.552 -1.000
4.987 -0.470
6.411 -0.628
4.541 -0.638
7.081 -0.657
5.892 -1.036
4.430 -0.415
2.845 -1.585
6.292 -0.305
6.300 -0.076
8.322 -0.631
8.877 -0.556
4.041 -0.363
8.704 -0.401
6.636 0.120
3.930 -0.585
8.049 -0.484
4.617 -0.486
8.499 -0.656
7.580 -0.560
4.096 -2.088
4.248 -1.222
6.650 0.149
5.248 -0.392
7.486 -0.117
3.617 -0.486
3.943 -1.138
2.552 1.000
6.235 -0.278
6.432 -0.585
4.909 -0.100
9.330 -0.545
6.061 -0.402
8.041 -0.441
10.156 -0.517
5.563 -1.622
5.780 -0.055
7.261 0.039
4.137 -1.000
9.604 -0.452
7.323 -0.243
9.240 -0.444
3.345 -0.585
6.015 -0.415
7.434 -0.465
1.052 -0.000
1.552 -1.000
4.006 -1.907
6.316 -0.188
9.419 -0.466
6.118 -1.213
6.665 -0.441
2.713 1.322
9.259 -0.553
1.052 -0.000
1.552 -1.000
2.552 -1.000
8.423 -0.742
3.845 -0.415
6.026 -0.548
7.129 -0.925
7.280 -0.077
9.657 -0.108
7.832 -0.301
2.213 2.322
6.652 -0.415
9.421 -0.671
5.140 -0.000
4.541 -0.638
9.840 -0.436
7.961 -0.502
4.137 -1.000
8.760 -0.262
2.552 -3.000
4.753 -0.000
3.456 -0.807
9.043 -0.317
6.396 -0.875
6.693 -0.173
5.506 -0.263
7.470 -0.537
7.371 -0.379
5.818 -0.888
6.153 -0.294
4.969 -0.663
4.052 -0.000
5.856 -0.964
4.867 -0.711
2.713 1.322
5.333 0.222
5.847 -0.670
3.345 -0.585
6.034 -0.455
7.231 -0.496
2.552 -3.000
4.686 -0.348
4.930 -1.415
11.924 -0.525
7.396 -0.513
3.248 1.222
5.994 -0.375
5.506 -0.263
4.943 -0.863
2.213 -2.322
7.049 -0.181
4.856 -0.207
7.348 -0.638
5.659 -0.875
4.402 -0.701
5.642 -0.536
6.309 0.339
4.402 0.700
10.839 -0.472
5.449 -1.625
3.006 -0.737
6.241 -0.119
7.003 -0.918
5.130 -0.341
6.387 0.250
6.000 -0.280
8.150 -0.430
3.006 -0.737
4.345 0.585
7.568 -0.016
5.748 -0.222
5.574 -1.044
6.728 -0.781
7.810 -0.596
4.512 -0.000
5.409 -0.901
9.367 -0.541
2.552 -1.000
6.690 -0.857
8.508 -0.304
1.552 -1.000
12.447 -0.449
8.711 -0.568
5.385 -1.051
6.779 -0.407
3.943 -1.138
6.676 -0.752
14.210 -0.500
7.651 -0.518
4.469 -1.663
9.131 -0.504
4.074 0.874
2.345 -2.585
8.765 -0.506
5.096 -0.088
6.820 -0.682
5.748 -0.222
9.479 -0.435
5.847 -0.670
5.130 -0.341
3.456 -0.807
3.282 -2.460
4.186 -0.652
7.967 -0.629
6.591 0.093
7.583 -0.604
9.916 -0.505
1.552 -1.000
8.508 -0.531
4.596 -1.088
8.868 -0.616
3.617 -0.486
6.682 -0.407
8.010 -0.301
2.345 -0.585
8.333 -0.974
3.345 0.585
5.617 -0.486
8.361 -0.318
5.117 -0.515
4.969 -0.663
4.063 -1.379
3.052 -2.000
4.402 -0.701
6.291 -1.189
2.845 -0.415
8.164 -0.292
3.137 -2.170
6.670 -0.896
7.203 -0.585
7.610 -0.473
6.963 -0.477
7.692 -0.361
5.930 -0.245
6.176 -0.737
9.222 -0.419
3.213 0.322
3.956 -1.807
7.661 -0.398
3.713 -0.678
5.435 -0.951
6.820 -0.080
3.213 -0.322
5.181 -0.083
6.434 -0.345
5.813 -0.737
4.867 -0.711
8.156 -0.345
2.845 -1.585
5.930 -0.245
5.218 -0.716
6.795 -0.376
7.574 -0.329
8.122 -0.375
6.746 -0.278
7.988 -0.388
4.052 -0.000
7.251 -0.681
3.006 0.737
9.065 -0.223
6.778 -0.164
4.541 -0.638
5.181 0.082
3.456 -0.807
5.635 -1.550
6.585 -0.280
6.678 -0.609
6.208 -0.403
2.552 -1.000
7.585 -0.280
5.385 -1.051
7.085 0.110
1.845 1.585
8.674 -0.358
7.731 -0.505
3.782 -1.460
4.367 0.289
4.137 -0.170
4.574 0.125
2.345 -0.585
4.506 -0.263
6.872 -0.077
4.909 -1.070
8.394 -0.487
8.644 -0.314
4.632 -0.241
8.428 -0.535
7.345 -0.129
3.345 0.585
9.841 -0.500
7.919 -0.625
5.444 -0.000
5.735 -0.723
5.506 -0.907
6.684 -0.549
6.094 -0.175
8.429 -0.578
3.345 1.415
2.845 -0.415
6.224 -1.057
2.845 0.415
8.852 -0.553
9.074 -0.481
5.106 -0.939
2.345 -0.585
3.676 -3.248
6.091 -0.567
6.303 -0.786
6.151 -0.911
3.552 -1.000
7.381 -0.482
7.831 -0.328
8.761 -0.515
6.487 -0.300
5.614 -0.784
3.137 -1.000
7.126 -0.533
8.781 -0.555
4.906 -0.789
7.243 -0.666
7.708 -0.527
9.166 -0.426
6.597 -1.000
8.546 -0.454
4.222 -0.000
5.292 -0.305
4.943 -0.863
8.838 -0.494
6.337 -0.661
2.345 -0.585
4.506 -0.907
4.052 -0.000
5.167 -0.415
7.702 -0.767
5.438 -0.276
6.907 -0.422
4.041 -0.363
1.052 -0.000
4.041 -0.363
7.407 -0.369
4.552 -1.000
7.207 -0.800
5.570 -0.252
4.574 0.125
6.034 -0.455
1.052 -0.000
9.182 -0.283
9.063 -0.512
10.722 -0.401
9.305 -0.406
2.713 -1.322
6.027 -0.903
7.608 -0.504
2.345 -0.585
7.450 -0.578
3.748 0.222
8.792 -0.310
3.860 -0.000
7.626 -0.363
5.978 -0.237
2.052 -2.000
3.637 -0.000
11.305 -0.542
4.213 -0.322
7.533 -0.704
3.006 0.737
7.129 -0.698
4.906 0.788
10.577 -0.375
6.017 -0.642
7.680 -0.436
4.506 -0.907
7.263 -0.561
7.755 -0.235
11.922 -0.407
7.169 -0.517
7.418 -0.642
4.374 -0.000
5.080 -0.441
5.248 -0.778
8.732 -0.393
6.580 -0.560
8.133 -0.707
2.345 -0.585
4.137 1.000
