A M
9.740 2.361
3.782 1.459
5.935 1.951
11.456 2.528
11.880 2.627
5.909 2.544
5.614 2.784
7.994 2.070
8.697 2.755
6.836 2.649
6.317 2.355
4.757 2.765
3.798 0.848
6.620 2.796
7.608 2.397
6.821 2.251
4.652 1.585
3.713 1.322
7.828 2.381
9.637 2.617
6.313 2.907
10.188 2.376
3.956 3.807
8.015 2.580
10.038 2.474
6.586 2.572
10.724 2.534
7.751 2.545
9.205 2.905
5.806 1.893
11.000 2.607
6.101 2.283
9.007 2.270
6.964 2.653
4.686 1.652
9.321 2.514
6.239 2.198
12.664 2.497
7.331 2.139
7.973 2.332
7.554 2.663
9.498 2.632
8.749 2.409
5.248 2.778
2.713 1.322
9.965 2.597
5.261 2.078
4.388 3.502
6.306 2.508
7.296 2.228
5.213 2.322
5.559 2.095
6.285 2.851
7.244 2.384
7.385 2.578
6.832 2.916
7.392 2.679
8.756 2.393
5.897 2.075
6.443 2.781
6.411 2.542
4.213 2.322
5.748 2.222
4.690 2.632
8.555 2.471
3.345 2.585
10.635 2.495
11.436 2.519
7.176 2.433
8.985 2.356
10.417 2.663
10.531 2.425
9.466 2.652
6.773 2.041
8.305 2.596
10.781 2.506
8.192 2.664
11.215 2.422
7.638 2.456
5.616 1.726
5.906 2.788
10.321 2.483
9.549 2.575
6.425 2.571
2.956 3.807
7.081 2.657
6.975 2.798
5.766 2.027
6.928 2.705
6.556 2.222
6.443 2.137
9.064 2.735
8.421 2.606
8.906 2.755
6.914 3.228
6.782 2.540
4.833 1.222
11.308 2.524
6.964 2.108
4.558 3.841
6.702 2.655
7.094 2.175
7.421 2.649
7.623 2.802
8.727 2.706
9.968 2.501
12.348 2.457
10.440 2.466
6.667 2.585
12.002 2.541
6.673 2.597
8.236 2.459
8.037 2.459
7.245 3.098
6.852 2.680
4.374 2.000
7.103 2.487
9.545 2.415
5.242 2.039
7.937 2.540
10.672 2.396
11.457 2.540
9.135 2.424
3.981 3.858
10.250 2.464
12.346 2.423
5.388 3.502
9.904 2.459
9.894 2.528
7.528 2.862
7.500 2.477
9.921 2.407
11.129 2.481
4.257 1.765
11.048 2.640
5.867 3.289
10.819 2.495
8.773 2.242
6.142 1.536
11.687 2.510
9.711 2.620
5.591 2.433
7.124 2.742
3.552 3.000
7.110 3.069
5.392 2.036
7.743 2.739
4.388 3.502
7.509 2.739
7.140 2.775
10.074 2.508
8.962 2.504
8.686 2.552
6.978 2.933
5.549 2.350
4.345 3.415
5.686 3.652
6.322 2.539
6.398 2.195
8.573 2.508
7.253 2.313
4.652 1.585
7.904 2.595
8.817 2.420
5.681 2.917
7.809 2.530
9.666 2.426
11.077 2.580
8.699 2.309
8.028 2.235
7.318 2.531
4.469 1.663
10.069 2.380
6.891 2.760
7.998 2.175
5.874 3.000
8.422 2.695
11.315 2.420
8.513 2.832
7.009 2.197
7.751 2.902
14.701 2.535
3.596 3.087
7.719 2.481
6.444 2.445
8.371 2.592
7.417 2.820
9.269 2.435
4.213 4.322
10.607 2.549
4.765 3.426
8.225 2.532
7.465 1.907
8.163 1.963
4.506 2.263
4.430 2.755
7.607 2.466
8.814 2.571
