m a
0.5 3.562
0.5975 2.989
0.714 2.509
0.8532 2.107
1.02 1.771
1.218 1.49
1.456 1.255
1.74 1.058
2.079 0.8931
2.485 0.7552
2.969 0.6398
3.548 0.5432
4.24 0.4624
5.067 0.3948
6.054 0.3382
7.235 0.2908
8.646 0.2512
10.33 0.2181
12.35 0.1903
14.75 0.1671
17.63 0.1476
21.07 0.1314
25.18 0.1178
30.09 0.1064
35.95 0.09685
42.96 0.08887
51.34 0.0822
61.35 0.07662
73.31 0.07194
87.61 0.06803
104.7 0.06476
125.1 0.06202
149.5 0.05973
178.6 0.05781
213.5 0.0562
255.1 0.05486
304.9 0.05374
364.3 0.0528
435.3 0.05201
520.2 0.05135
621.7 0.0508
742.9 0.05034
887.7 0.04995
1061 0.04963
1268 0.04936
1515 0.04913
1810 0.04894
2163 0.04879
2585 0.04865
3089 0.04854
3691 0.04845
4411 0.04837
5271 0.04831
6299 0.04825
7528 0.04821
8995 0.04817
1.075e+04 0.04814
1.285e+04 0.04811
1.535e+04 0.04809
1.834e+04 0.04807
