m a
0.5 2.05
0.5975 1.724
0.714 1.451
0.8532 1.222
1.02 1.031
1.218 0.8707
1.456 0.7368
1.74 0.6247
2.079 0.531
2.485 0.4525
2.969 0.3868
3.548 0.3319
4.24 0.2859
5.067 0.2474
6.054 0.2152
7.235 0.1882
8.646 0.1657
10.33 0.1468
12.35 0.131
14.75 0.1178
17.63 0.1067
21.07 0.09747
25.18 0.08972
30.09 0.08324
35.95 0.07782
42.96 0.07328
51.34 0.06948
61.35 0.0663
73.31 0.06364
87.61 0.06141
104.7 0.05955
125.1 0.05799
149.5 0.05669
178.6 0.0556
213.5 0.05468
255.1 0.05392
304.9 0.05328
364.3 0.05274
435.3 0.0523
520.2 0.05192
621.7 0.05161
742.9 0.05135
887.7 0.05113
1061 0.05094
1268 0.05079
1515 0.05066
1810 0.05055
2163 0.05046
2585 0.05039
3089 0.05032
3691 0.05027
4411 0.05023
5271 0.05019
6299 0.05016
7528 0.05013
8995 0.05011
1.075e+04 0.05009
1.285e+04 0.05008
1.535e+04 0.05007
1.834e+04 0.05005
