m a
57.34 0.1076
33.38 0.01579
21.45 0.2336
228.9 0.06327
546.1 0.02189
0.5422 0.0001
64.71 0.04755
6.419 0.5506
34.75 0.2865
7.476 0.4138
603.1 0.009288
0.8258 0.5286
309.8 0.003941
372.2 0.09914
94.83 0.03877
7.652 0.0001
33.09 0.1033
3.319 0.1553
7.319 0.1432
14.6 0.1216
15.29 0.2067
18.17 0.3109
49.03 0.06591
41.98 0.05598
7.624 0.2067
6.417 0.431
14.1 0.0842
158.5 0.06327
69.84 0.09517
15.13 0.2535
1.131 0.0001
31.12 0.08771
11.98 0.06591
891.7 0.03035
468.1 0.008218
23.6 0.2336
64.3 0.1553
17.24 0.01341
8.231 0.03877
232.3 0.003632
245.3 0.00464
22.08 0.09914
22.57 0.2243
5.358 0.5075
144.5 0.05831
0.5551 5.642
15.07 0.05159
329.6 0.09914
139 0.0343
20.11 0.2865
2.666 0.1033
21.26 0.1076
43.82 0.08083
19.5 0.08771
170.7 0.09914
148.9 0.04038
10.98 0.6224
8.362 0.09914
30.07 0.1905
5.486 0.3813
17.4 0.1121
491.5 0.04755
112.8 0.06865
7.96 0.6483
43.75 0.0842
5.369 0.1553
34.45 0.04038
167.2 0.08771
50.42 0.2985
28.49 0.05831
12.76 0.3109
9.752 0.0001
11.38 0.04038
64.79 0.05159
34.46 0.1432
16.48 0.0105
93.38 0.008218
2.389 0.6483
25.2 0.2865
63.13 0.06327
495.6 0.0228
168.5 0.1374
483.1 0.008218
87.95 0.0001
2.047 0.06865
6.83 0.1319
65.08 0.1033
5.207 0.4872
3.253 0.2641
47.82 0.005691
364.5 0.1491
104.5 0.04207
16.81 0.1216
21.67 0.05374
59.33 0.1167
7.817 0.09914
11.48 0.2751
10.13 0.3972
276.8 0.02913
1.93 0.5075
25.47 0.0001
14.06 0.01645
30.52 0.1905
77.07 0.005035
27.97 0.0001
151.4 0.03161
168.7 0.0228
45.16 0.01397
115.3 0.1076
254.3 0.0228
34.21 0.04755
8.194 0.2985
10.64 0.0001
3.701 0.8987
81.3 0.05374
274.9 0.07152
11.78 0.008917
701.5 0.05598
63.89 0.08083
2.243 2.118
10.59 0.1319
181.4 0.01937
25.13 0.02474
107.8 0.08083
5.511 0.2153
12.29 0.2336
63.83 0.05831
21.3 0.1756
112.5 0.1618
8.212 0.2535
27.55 0.2067
22.34 0.1076
21.28 0.1905
14.29 0.06327
59.69 0.09517
98.44 0.1756
69.8 0.0001
174.6 0.008917
81.56 0.03877
26.44 0.04564
1161 0.04038
20.39 0.09136
59.25 0.02189
15.39 0.5736
10.58 0.449
115.5 0.1121
15.66 0.1033
2.055 4.07
422.2 0.01579
95.37 0.0842
15.3 0.0776
120.3 0.1167
142.9 0.0228
13.74 0.01859
11.5 0.04207
102.2 0.02797
475.2 0.0745
5.541 0.7035
49.26 0.05831
8.841 0.4872
11.59 0.09136
11.49 0.0001
35.75 0.2865
0.664 0.431
9.741 0.1033
8.407 0.1756
34.73 0.05598
9.262 0.4138
36.29 0.0001
97.98 0.09517
7.406 0.2434
732.4 0.04755
1.661 0.5286
3.553 1.148
65.3 0.008218
166.8 0.04755
24.71 0.0842
38.47 0.1491
106.3 0.0745
56.43 0.09517
4.698 0.1829
111.6 0.1374
6.453 0.08771
79.11 0.06327
398.2 0.06074
3.073 1.148
526.6 0.09914
96.37 0.04953
1.738 0.0001
1.181 1.467
48.69 0.02017
77.58 0.007573
39.35 0.03035
148.4 0.05159
195.1 0.007573
3.802 0.2985
20.05 0.3813
16.84 0.3374
21.88 0.0842
55.37 0.1167
360.1 0.01785
5.043 0.6224
4.917 0.0001
0.765 0.0001
11.79 0.0001
22 0.0001
41.56 0.1685
2.53 0.449
16.65 0.09517
3.005 0.01341
15.59 0.0003693
70.12 0.1033
25.83 0.05598
10.16 0.449
6.381 0.9751
4.086 0.0001
35.85 0.06591
57.75 0.03293
47.83 0.01288
15.11 0.0001
88.63 0.1756
17.55 0.09136
15.93 0.01937
5.802 0.0001
6.351 0.01516
28.52 0.1491
41.21 0.03877
386.4 0.04382
303.8 0.03293
2.142 0.2535
165.2 0.06865
2.277 0.3813
22.45 0.09517
2.999 0.431
222.7 0.06865
2.211 0.5075
4.192 0.0001
3.775 0.1216
9.133 0.1756
336 0.01579
310 0.1319
120.7 0.05831
54.9 0.1076
44.32 0.03573
104.6 0.06074
275.3 0.03573
21.89 0.06591
8.684 0.0001
124.8 0.06327
112.6 0.04038
2.009 0.09914
309.4 0.01713
3.11 0.2641
25.39 0.1432
293.6 0.0105
11.93 0.3661
77.74 0.1905
81.48 0.0842
68.2 0.02375
21.42 0.0001
6.91 0.2336
45.57 0.03161
35.63 0.02577
29.13 0.1167
5.053 0.1216
39.17 0.09517
457 0.03293
81.68 0.06074
41.57 0.0842
27.3 0.02913
55.48 0.1267
60.67 0.2985
91.16 0.08083
56.57 0.02474
16.63 0.2434
12.12 0.1267
61.58 0.00856
64.17 0.0005554
6.496 0.0001
222.4 0.1491
39.03 0.0001
25.75 0.1432
629.3 0.01094
11.19 0.2751
58.74 0.01288
11.41 0.1267
0.8268 1.246
152 0.0842
606.6 0.03161
39.19 0.00698
353.1 0.002515
6.936 1.874
214.7 0.0343
985.3 0.05159
12.13 0.2067
37.32 0.0002085
9.308 0.9361
44.88 0.2434
4.803 0.9361
536.8 0.06591
3.075 0.0001
5.666 0.431
5.167 0.1432
5.686 0.6753
208.2 0.04953
5.282 0.3239
225 0.03722
43.82 0.1491
86.71 0.01713
6.926 0.2243
6900 0.02017
10.05 0.01139
1.026 2.706
29.47 0.0001
77.99 0.03293
3.289 0.0001
0.5302 0.0001
85.8 0.08771
25.46 0.09136
3.68 7.208
57.04 0.005691
22.82 0.2243
5.957 0.0001
9.857 0.2243
6.938 0.02017
5.222 0.4677
5.052 0.1553
122.4 0.01187
31.25 0.03035
98.12 0.1121
21.56 0.2641
16.52 0.008218
335.7 0.05374
29.13 0.02101
34.33 0.1216
57.66 0.06074
5.947 0.0001
188.9 0.1033
68.61 0.006701
25.47 0.0001
335.5 0.0745
26.65 0.03161
2.617 0.0001
44.4 0.09136
31.67 0.0776
4.596 0.09136
16.89 0.1905
33.78 0.1553
33.34 0.0001
50.26 0.0776
12.98 0.5506
4.779 0.2153
13.82 0.1491
8.038 0.1491
19.04 0.1374
43.86 0.01236
22.3 0.1267
11.4 0.005245
151.8 0.05831
47.33 0.01937
12.3 0.0001
32.84 0.02375
4.475 0.2985
339.8 0.007271
352.7 0.01187
37.07 0.03573
8.533 0.1905
19.5 0.1553
11.55 0.08771
94 0.03573
19.27 0.006175
16.62 0.01785
5.858 0.7951
49.57 0.03293
2.351 1.799
68.26 0.001742
65.06 0.3514
34.06 0.01579
6.95 0.0001
132.4 0.005928
10.92 0.1121
50.47 0.02101
86.47 0.02474
100.1 0.0001
18.09 0.2641
46.76 0.1319
6.81 0.1685
144.5 0.02685
33.29 0.04953
34.45 0.0343
144 0.0105
18.99 0.3661
159.3 0.01937
35.14 0.0001
77.96 0.1829
11.92 0.2153
98.95 0.009288
113.1 0.0001
37.55 0.02913
10.6 0.1167
23.37 0.0001
48.32 0.0001
91.16 0.009675
9.593 0.02577
30.67 0.3972
180.8 0.04755
13.01 0.1905
47.28 0.1121
7.166 0.5736
80.22 0.01455
6.674 0.5506
112.1 0.0228
24.34 0.1076
7.464 0.0001
3.26 1.246
7.268 0.3374
311.5 0.06327
40 0.0001
20.11 0.1167
6.769 0.05374
31.69 0.1033
1186 0.0745
21.21 0.2153
33.16 0.2067
217.5 0.04038
10.06 0.09517
25.67 0.02577
14.45 0.02797
56.77 0.0776
168.3 0.1432
22.44 0.2434
44.6 0.01579
4.537 0.1319
105.5 0.01645
29.71 0.0001
21.79 0.1319
6.051 0.06591
17.8 0.1491
43.8 0.1033
16.77 0.0001
12.91 0.0776
1.157 0.6483
66.76 0.04755
13.17 0.1216
45.9 0.1756
17.69 0.7035
4.923 0.7633
67.84 0.0001
70.36 0.04382
122 0.01341
3.841 0.1685
247.7 0.1121
9.906 0.2067
9.113 0.2641
27.27 0.1491
17.97 0.04207
226.3 0.01937
28.11 0.1553
34.73 0.04953
39.25 0.01785
15.2 0.05598
41.96 0.01397
25.92 0.04038
41.36 0.1905
123.8 0.04755
45.45 0.05598
13.5 0.0001
121.7 0.04953
23.43 0.3239
293.1 0.01937
181.1 0.03161
161.4 0.02685
94.49 0.0228
75.52 0.1167
291.2 0.0776
68.18 0.1756
48.8 0.08771
298.2 0.05159
21.36 0.2865
84.65 0.09517
82.7 0.2243
41.51 0.08771
128.2 0.1167
12.53 0.1216
4.398 0.5286
2.523 2.206
20.5 0.001742
33.18 0.06327
195.2 0.09136
4.289 1.952
6.791 0.0001
10.38 0.04953
2.089 4.24
26.35 0.07152
15.65 0.2243
213.5 0.01785
328.1 0.06074
126.5 0.03877
103.1 0.06327
15.2 0.1756
9.16 0.1033
31.06 0.03877
8.953 0.0001
12.48 0.1374
17.58 0.0001
32.73 0.1553
1.879 1.408
732.3 0.1033
14.75 0.0001
65.18 0.1121
3.308 0.02189
8.24 0.03161
41.66 0.09517
8.339 0.7328
16.88 0.1432
32.51 0.0343
77.82 0.01859
165 0.02913
50.33 0.09136
26.8 0.1267
35.17 0.2751
185 0.08083
5.639 0.0001
6.15 0.5506
12.5 0.449
8.983 0.2985
6.378 0.0001
1.827 0.3661
70.74 0.1829
37.24 0.08083
22.39 0.08083
19.68 0.1216
37.62 0.09136
49.41 0.0228
20.22 0.04564
460.5 0.03035
37 0.08083
43.05 0.05831
8.187 0.2243
448 0.03035
10.04 0.01236
15.5 0.2751
29.97 0.1491
6.788 0.1491
44.41 0.005035
19.22 0.2641
3.032 0.0001
5.617 0.1121
10.3 0.1167
77.95 0.02474
1.419 13.3
65.98 0.01187
25.58 0.07152
49.09 0.05374
20.52 0.4138
12.41 0.4677
34.88 0.05159
22.82 0.4138
20.82 0.0001
51.2 0.04755
30.03 0.04755
7.557 0.5736
10.6 0.3813
15.32 0.2434
135.1 0.09914
18.56 0.0001
9.695 0.1984
1.48 0.0001
92.02 0.09517
7.455 0.2336
50.57 0.04207
4.839 0.7328
11.58 0.1756
17.44 0.2243
32.66 0.2153
62.99 0.08083
21.55 0.1905
20.93 0.1905
14.86 0.01455
66.56 0.1491
172 0.08083
40.21 0.02375
40.04 0.0776
118.3 0.04564
110.8 0.04207
264.2 0.03573
10.71 0.06865
35.33 0.05831
109.2 0.05831
8.582 0.2434
515 0.05374
11.62 0.06591
6.908 0.3239
35.79 0.1553
10.37 0.9361
8.375 0.1076
190.8 0.006175
8.039 0.1267
29.39 0.05598
181.3 0.02189
31.37 0.02474
16.44 0.09517
34.53 0.002415
1.229 2.598
45.66 0.1167
302.5 0.04755
93.54 0.0842
14.32 0.05374
14.18 0.2535
6.739 0.8987
25.09 0.02685
37.09 0.1076
17.02 0.1491
8.787 0.0001
242.4 0.09517
11.47 0.03293
184.8 0.0001
4.218 0.3813
2.837 0.7328
135.7 0.004834
252.9 0.06074
17.09 0.02685
1.573 0.0001
44.84 0.02189
38.15 0.009675
6.357 0.7951
34.79 0.1319
37.94 0.1216
30.85 0.007573
325 0.05374
35 0.0776
112.1 0.09914
67.57 0.02913
26.96 0.0745
57.28 0.1905
1.254 0.02577
222 0.0343
28.87 0.1033
4.623 0.02101
46.72 0.02375
11.78 0.06074
6.091 0.5075
95.09 0.007573
33.89 0.04038
10.36 0.0001
87.28 0.09517
24.96 0.03293
6.474 0.1491
117.8 0.09914
29.13 0.05831
9.381 0.1121
22.01 0.06591
77.1 0.03293
4.178 0.2751
333.2 0.02577
10.24 0.1905
8.943 0.7035
5.518 0.0001
19.44 0.0745
3.396 0.2243
99 0.0001
7.45 0.05159
40.48 0.04207
84.4 0.09914
537.6 0.04755
0.6125 13.3
11.34 0.2535
6.391 0.0001
13.5 0.1685
6.586 0.009288
34.53 0.02913
71.49 0.1033
184.1 0.06327
124.9 0.1319
46.48 0.05831
16.52 0.01859
369.7 0.05374
44.6 0.0001
3.153 0.0001
714.4 0.01579
21.12 0.5075
8.175 0.02685
25.47 0.2067
21.38 0.03722
45.41 0.04953
76.09 0.06327
2.706 0.0001
15.46 0.0001
548.1 0.2751
1.206 2.298
4.157 0.3813
11.58 0.01516
8.347 0.1033
0.9294 0.0001
10.49 0.5506
19.82 0.2067
33.72 0.03573
36.41 0.01645
40 0.0776
42.22 0.01937
4.647 0.1491
82.54 0.3109
38.01 0.1756
35.21 0.1984
307.4 0.03161
169.1 0.005691
108.5 0.01937
177.6 0.007271
15.3 0.09914
38.59 0.009675
67.23 0.02913
28.38 0.03877
111.1 0.1756
66.46 0.01785
125.9 0.05374
64.88 0.05159
556.5 0.009288
7.558 0.02577
229.3 0.03035
12.14 0.06865
11.86 0.0001
12.4 0.1984
33.63 0.1167
114.6 0.03161
20.53 0.03035
79.88 0.04382
105.6 0.03877
70.49 0.05831
27.83 0.06865
2.52 0.0001
56.78 0.06865
12.91 0.0001
23.69 0.05598
28.78 0.2067
220.1 0.01713
14.43 0.02375
25.95 0.005928
18.47 0.0001
46.08 0.1121
30.9 0.03722
2.935 0.1829
30.85 0.0001
23.5 0.1319
60.68 0.09136
18.09 0.02797
226.2 0.01397
47.08 0.02101
48.75 0.03877
13.17 0.2243
53.89 0.06865
7.479 0.0001
19.5 0.0001
353.1 0.01288
511.8 0.01713
11.9 0.01859
112.2 0.1267
0.879 0.0001
214.1 0.02375
41.38 0.1491
277 0.02101
12.43 0.1319
17.55 0.04953
31.67 0.04382
200.2 0.05831
3.762 0.6483
16.5 0.0001
2.477 1.592
33.2 0.0001
5.819 0.01288
160.4 0.04207
44.09 0.05159
83.76 0.0001
8.76 0.2336
21.2 0.09517
5.148 0.0001
155.6 0.06327
344.1 0.01236
200 0.04207
5.921 0.0001
40.9 0.09517
44.19 0.06865
9.518 0.0001
33.34 0.02474
17.6 0.005463
13.97 0.1167
135.6 0.03293
3.443 0.2751
20.83 0.08083
115.3 0.02474
129.3 0.0745
24.47 0.1491
28.35 0.2067
396.3 0.06327
9.924 0.3109
15.88 0.3239
31.67 0.0003693
16.1 0.1829
7.534 0.5075
10.64 0.1267
32.1 0.006701
7.405 0.5975
4.976 0.0001
8.378 0.1121
15.55 0.0001
5.72 0.0001
102.8 0.01645
31.37 0.05598
96.52 0.07152
569.4 0.1121
35.3 0.1491
95.21 0.1267
7.376 0.05374
13.94 0.0001
101.3 0.2336
1930 0.1167
6.721 0.8282
3.079 0.0001
250.4 0.05374
8.414 0.004276
14.33 0.5506
10.29 0.03722
27.83 0.09914
12.42 0.08771
17.35 0.5506
8.34 0.0001
26.58 0.06591
402.1 0.04207
234.9 0.07152
4.664 0.005928
102 0.01579
6.271 0.0001
12.65 0.1121
144.8 0.03573
25.22 0.0002455
87.5 0.005463
54.24 0.2641
11.67 0.05598
13.04 0.04038
38.58 0.1984
12.74 0.02577
115.7 0.02101
21.9 0.001206
127.2 0.04207
1.206 2.298
7.201 0.0001
8.692 0.1984
9.384 0.05831
15.6 0.1685
25.4 0.008917
16.43 0.1685
8.036 0.0001
117.8 0.0105
109.8 0.02685
72.95 0.1319
28.47 0.08771
13.34 0.2751
112.4 0.07152
21.08 0.02017
5.749 0.0001
21.95 0.09914
34.16 0.06074
14.9 0.09136
16.03 0.2751
4.472 0.0001
24.34 0.03161
132.1 0.00464
10.32 0.009675
27.73 0.01937
14.26 0.09517
61.97 0.006432
35.75 0.03035
4.973 0.8627
1.313 0.0001
1415 0.008218
4.758 0.2067
22.37 0.2751
4.272 0.7035
25.07 0.004105
6.774 0.2243
156.8 0.1319
10.24 0.431
100.7 0.03293
52.75 0.1905
111.6 0.007573
1.607 0.0001
124.7 0.02375
161.4 0.01455
18.22 0.2336
77.15 0.1076
38.24 0.03722
527.9 0.09914
19.06 0.0001
1801 0.06327
29.17 0.0842
11.22 0.1319
55.61 0.1167
18.68 0.0842
9.844 0.2535
158.6 0.09517
4.506 0.0001
26.51 0.05831
31.05 0.0842
11.91 0.0001
41.66 0.04382
12.16 0.1553
50.81 0.1167
1169 0.009288
53.52 0.03722
25.67 0.1267
13.91 0.0001
29.08 0.04382
41.92 0.1167
101.9 0.0842
43.93 0.02189
85.62 0.0001
36.9 0.1756
4.677 0.5975
46.34 0.1167
147.6 0.0776
6.762 0.3374
3.34 0.5736
13.15 0.09517
26.02 0.0001
24.14 0.0001
234.9 0.01859
75.33 0.001969
10.45 0.06327
13.37 1.016
11.58 0.06327
18.94 0.6753
29 0.2153
69.96 0.1491
2.788 0.1491
2.608 1.352
45.35 0.02797
97.67 0.06865
6.793 0.0001
1.959 0.9361
21.11 0.2336
26.98 0.1216
23.92 0.0001
3.905 0.05831
3.534 0.2336
98.58 0.1121
11.03 0.01579
35.21 0.04953
52.23 0.002318
16.17 0.2153
130.8 0.09914
1040 0.04382
27.52 0.06865
12.88 0.1267
1.68 0.0001
7.019 0.01008
23.56 0.0001
7.539 0.0001
41.13 0.02375
116.8 0.1432
1.063 0.6224
41.37 0.09517
70.5 0.03035
16.87 0.09517
41.81 0.03722
69.95 0.06865
1.775 0.09914
9.76 0.3239
71.92 0.1905
14.76 0.0001
32.63 0.2067
21.25 0.0745
43.57 0.04755
22.81 0.03573
23.33 0.1167
8.498 0.0001
277.7 0.08771
8.232 0.1491
14.18 0.06865
20.69 0.0001
9.45 0.0001
13.92 0.0001
73.19 0.1374
53.76 0.09517
79.92 0.1216
53.4 0.03035
11.14 0.04038
4.62 0.3661
129 0.0001
70.99 0.1267
19.63 0.02375
5.15 0.04207
29.4 0.1121
79.71 0.03035
13.47 0.1267
4.405 0.1319
85.64 0.06074
306.9 0.06865
123.3 0.01455
127.6 0.01187
1.528 0.1829
16.38 0.2865
45.02 0.1076
48.9 0.1076
1.537 11.76
13.39 0.05831
11.19 0.03573
12.2 0.01645
10.71 0.3514
4.475 0.431
2.338 1.727
5.855 0.4872
145.7 0.01937
12.96 0.2243
4.96 0.5286
79.62 0.02375
5.881 0.3661
14.69 0.1685
122 0.08771
14.67 0.01397
28.72 0.03573
9.556 0.0001
39.44 0.0001
26.31 0.03877
69.25 0.02797
63.27 0.02101
27.17 0.1984
48.35 0.1033
9.403 0.1267
0.7665 1.658
1.999 3.907
152.5 0.04038
1126 0.04038
218.6 0.02797
4.996 0.1076
31.82 0.08083
63.12 0.06327
36.55 0.1319
303.1 0.05374
149.6 0.03573
59.96 0.009675
71.43 0.02189
50.8 0.02797
1.5 0.0001
94.8 0.1033
102.4 0.03293
467.4 0.1374
47.44 0.08771
16.32 0.05831
14.98 0.02375
6.299 0.0001
28.81 0.02913
31.71 0.02017
106.4 0.03293
7.844 0.2434
75.01 0.09517
6.074 0.1491
8.473 0.0001
126.8 0.02797
26.82 0.009288
53.57 0.03722
226 0.05159
3.35 0.2751
34.77 0.06865
13.51 0.1756
64.83 0.04038
1.08 9.592
18.82 0.2535
10.67 0.1121
111.8 0.03035
47.43 0.3239
65.74 0.1076
7.778 0.02017
77.1 0.06591
19.42 0.1033
146.4 0.05374
16.92 0.1491
3.657 0.2751
215.4 0.05374
25.71 0.02913
2.136 0.1033
41.41 0.1685
53.32 0.1216
122.1 0.01094
7.359 0.3109
3.097 0.4677
1.043 0.09517
203 0.01645
12.48 0.0001
6.414 0.3661
2.757 0.2641
4.379 0.2985
107.7 0.04953
308.5 0.03722
15.6 0.0001
22.14 0.0001
80.1 0.06327
21.38 0.1121
4.094 0.1756
156.8 0.005928
137.4 0.09517
33.27 0.01579
89.69 0.03877
254.1 0.01341
24.16 0.0745
4.595 0.0001
36.29 0.09517
28.52 0.0842
152.7 0.005463
3.975 0.02101
12.88 0.1121
4.313 0.2535
19.72 0.1756
64.29 0.01516
32.85 0.1167
35.49 0.08083
7.291 0.06865
134.3 0.0001
1.27 0.0001
11.52 0.4138
29.17 0.01187
3.966 0.4677
15.42 0.0001
159.4 0.09517
619.7 0.002225
11.29 0.0001
25.59 0.07152
77.44 0.0005332
280.3 0.08083
43.3 0.0228
14.56 0.0776
16.26 0.04564
4.642 0.4677
13.45 0.0001
84.15 0.02474
1.906 0.8627
10.38 0.03161
103.1 0.1905
69.25 0.1167
80.71 0.08771
306.5 0.04564
5.338 0.7951
17.62 0.08083
9.159 0.1267
62.07 0.06074
47.29 0.1216
11.43 0.1618
25.72 0.1319
18.01 0.1905
224.2 0.1121
183.3 0.0343
9.999 0.2243
11.41 0.04038
44.6 0.1033
0.6062 0.0001
104.4 0.02577
17.09 0.1167
21.26 0.0776
33.14 0.0001
100.5 0.03035
25.84 0.0776
18 0.0001
34.27 0.0001
9.691 0.01455
46.19 0.1319
42.45 0.0001
17.26 0.0745
19.93 0.0001
7.059 0.03573
79.73 0.03573
15.65 0.06865
14.15 0.2865
46.61 0.1076
13.35 0.2641
4.53 0.1829
115.2 0.04038
175.4 0.05374
5.541 0.0001
159.5 0.06327
5.944 0.2535
45.83 0.009288
35.54 0.03035
64.1 0.08083
8.101 0.3374
550.4 0.0842
13.33 0.0001
4.451 0.05374
2.335 2.033
103.2 0.04207
182.1 0.09914
12.57 0.2153
101.2 0.1121
4.032 0.0001
2.985 0.0001
92.91 0.008218
16.86 0.0001
58.1 0.003347
2.368 0.5286
4.439 0.1905
22.12 0.1267
2162 0.03035
466.6 0.1076
3.313 0.5286
10.74 0.4138
67.47 0.05374
3.35 0.04382
9.979 0.0001
10.18 0.03573
82.26 0.04953
14.73 0.0001
387.6 0.05831
28.63 0.08083
157 0.08771
5.562 0.3109
349.4 0.05374
197.8 0.06865
32.37 0.06074
775.7 0.008917
46.64 0.04382
5.518 0.3109
36.79 0.1618
15.1 0.06591
32.32 0.1033
34.48 0.1553
122.4 0.04755
24.18 0.2243
97.18 0.05831
42.49 0.08771
4.852 0.0001
20.84 0.1216
97.09 0.02797
16.73 0.04382
8.483 0.06865
111.2 0.0003846
44.06 0.0001
180.8 0.002225
57.79 0.0776
10.77 0.3661
30.21 0.0001
7.645 0.2336
18.64 0.0842
141 0.0001
149.2 0.09517
4.505 1.102
499 0.0228
91.73 0.1216
97.75 0.04382
66.35 0.004834
106.1 0.1319
18.67 0.3239
41.63 0.0745
131.1 0.02577
52.24 0.1374
13.2 0.0228
18.59 0.01397
49.44 0.3661
53.42 0.06327
35.27 0.04382
65.42 0.1167
71.53 0.03877
26.82 0.06327
89.05 0.05831
38.3 0.008218
32.93 0.0343
26.03 0.1076
21.17 0.06327
159.6 0.06327
122.5 0.1121
6.744 0.1829
34.04 0.0842
11.56 0.3374
66.79 0.06865
1.583 2.936
20.34 0.007889
29.36 0.04755
1463 0.1756
121.7 0.03722
7.869 0.0001
125.7 0.1167
3.9 0.3661
108.5 0.01455
12.34 0.2243
77.1 0.06865
2.596 6.122
121.1 0.04382
3.837 0.02913
8.637 0.3972
5.816 0.7328
7.588 0.1756
3.333 0.1685
11.69 0.3972
47.24 0.1374
10.37 0.5975
16.77 0.01713
31.22 0.1216
7.344 0.02685
4.219 0.2751
186.4 0.04382
170.7 0.05831
42.02 0.1267
16.36 0.1905
30.85 0.07152
42.87 0.0343
3.057 0.5286
10.22 0.007573
9.286 0.01139
3.784 0.0001
16 0.03877
5.332 0.6753
1.097 0.0001
32.55 0.1267
30.08 0.2067
14.66 0.1432
34.23 0.01937
684.3 0.0776
116.8 0.02685
14.82 0.2434
204.1 0.07152
245.6 0.01139
336 0.03035
16.04 0.0001
10.76 0.09517
55.91 0.01397
14.44 0.3514
13.8 0.05598
8.919 0.0001
8.363 0.09517
52.96 0.02375
173.2 0.04038
6.972 0.0001
69.32 0.2243
390.8 0.05598
11.57 0.1491
12.69 0.2243
8.508 0.01341
36.79 0.4677
11.56 0.09914
280.2 0.03877
50.88 0.04564
65.53 0.02189
8.556 0.09914
32.59 0.04382
255 0.02797
25.41 0.1121
33.7 0.1491
13.45 0.1905
778.2 0.1374
17.25 0.0842
120.8 0.04564
3.903 0.4677
4.815 0.5075
20.15 0.01187
16.27 0.0343
31.81 0.1984
7.712 0.0001
37.51 0.05374
15.77 0.09914
62.69 0.0001
6.626 0.05159
52.8 0.03293
16.06 0.2535
7.329 0.3239
70.73 0.04564
185.3 0.0001
39.2 0.003487
56.99 0.05159
225.8 0.06591
10.45 0.0001
14.18 0.09517
120.7 0.08083
7.155 0.1685
6.349 0.09136
49.34 0.001541
80.61 0.01008
10.21 0.04382
138 0.03877
16.7 0.06074
3.118 0.2153
28.2 0.1432
147.5 0.02474
59.71 0.01455
22.51 0.1374
9.65 0.1121
9.012 0.2336
21.81 0.08771
301.7 0.01236
10.95 0.1905
4.982 0.2067
10.9 0.0001
61.81 0.06074
23.47 0.03877
65.47 0.0228
119.7 0.0776
16.95 0.01516
103 0.1121
1.817 0.6224
114.3 0.02101
32.38 0.2067
16.04 0.0776
13.49 0.09914
174.4 0.0745
15.21 0.1618
15.54 0.1905
21.3 0.1829
35.7 0.05598
30.59 0.3813
52.09 0.1829
6.531 0.0001
63.9 0.1432
92.59 0.1491
22.88 0.0001
72.1 0.09136
8.488 0.0001
30.1 0.1076
115.4 0.04953
8.009 0.7328
13.71 0.5075
13.05 0.02797
52.06 0.0343
10.82 0.1216
21.19 0.1319
77.71 0.0842
27.71 0.1267
18.49 0.09914
8.864 0.02101
109.6 0.03573
13.94 0.06865
14.82 0.1756
7.924 0.2153
10.65 0.02913
28.1 0.03722
6.894 0.0001
14.15 0.03035
4.893 0.0001
20.75 0.006432
53.85 0.2751
161.4 0.1685
11.85 0.0001
6.101 0.05374
20.37 0.0001
36.92 0.0343
18.2 0.2336
39.91 0.03035
160.6 0.02577
10.1 0.03573
28.99 0.0001
32.54 0.09914
19.3 0.02189
7.605 0.2434
0.7537 0.0001
45.5 0.02797
16.29 0.1491
3.424 0.5286
27.42 0.06327
99.92 0.06074
4.984 0.0001
3854 0.03161
60.61 0.09517
13.55 0.003632
68.31 0.02577
49.03 0.04755
15.26 0.04755
4.48 0.0001
52.85 0.06591
478.6 0.03573
101.4 0.00148
101.9 0.0776
936.3 0.01713
96.17 0.02189
8.932 0.07152
87.19 0.05159
85.86 0.00464
44.53 0.1685
5.101 0.2985
64.79 0.1984
962 0.03877
468.8 0.04382
2.873 0.0001
157.9 0.01579
28.14 0.0001
59.42 0.03722
64.32 0.1756
86.33 0.06327
242.5 0.1374
36.99 0.1076
152 0.01008
13.41 0.0001
17.99 0.1267
62.96 0.008218
352.6 0.1167
47.84 0.05159
284.3 0.1685
10.52 0.007889
6.125 0.02017
39.47 0.03161
841.7 0.008218
65.57 0.01859
12.92 0.2434
3.837 0.5075
6.853 0.7328
6.285 0.1076
90.68 0.04564
12.49 0.0001
8.534 0.0001
11.18 0.2865
13.27 0.1618
89.17 0.05598
24.94 0.1216
4.751 0.0001
1.585 0.0001
35.19 0.09517
9.992 0.0001
41.26 0.05159
29.02 0.03877
14.02 0.6753
43.09 0.0745
2.926 0.7328
11.03 0.03573
71.84 0.005035
16.15 0.0001
18.95 0.4872
26.51 0.1033
301.2 0.01859
44.14 0.06327
30.65 0.008917
39.91 0.0001
11.33 0.0842
54.95 0.0001
19.05 0.3239
15.3 0.0001
82.62 0.09517
30.82 0.09517
14.15 0.1167
30.64 0.2865
4.429 0.4138
11.57 0.05831
516.2 0.03722
83.43 0.1319
19.45 0.08083
17.55 0.04382
2.349 0.0001
1.073 2.494
26.46 0.1033
94.59 0.09136
228.8 0.06327
40.14 0.005691
91.92 0.06327
38.06 0.1829
25.12 0.0001
36.96 0.08771
185.6 0.06865
12.5 0.5075
10.69 0.005463
196.3 0.02913
24.93 0.4872
787.2 0.04564
16.76 0.08771
12.06 0.1374
33.95 0.1076
18.65 0.4138
153.6 0.0105
401.6 0.0776
18.53 0.0343
639.3 0.06327
14.39 0.04755
131.4 0.01397
8.513 0.06327
5.506 0.3374
19.14 0.1374
120.6 0.05598
12.87 0.08771
37.51 0.01341
135.4 0.07152
63.66 0.1756
39.69 0.1216
91.05 0.0001
161.1 0.006175
7.161 0.06591
3.236 0.7951
35.09 0.02685
2.45 2.206
333.4 0.01288
9.127 0.0001
6.348 0.1491
188.9 0.1076
59.87 0.04953
22.83 0.1829
12.74 0.4677
9.692 0.3374
24.23 0.1618
12.36 0.0001
14.01 0.09517
2222 0.06865
58.33 0.01236
7.331 0.7035
41.49 0.02189
23.42 0.1553
7.949 0.2751
29.14 0.2336
61.22 0.00856
15.91 0.0001
62.7 0.005463
116.8 0.03722
29.83 0.0001
313.2 0.07152
41.1 0.002843
970.1 0.04038
544.6 0.06327
43.37 0.06591
36.61 0.08771
56.58 0.04207
34.56 0.02101
20.84 0.1618
5.677 0.2985
11.9 0.1905
100.2 0.0001
2.451 2.598
16.12 0.0001
53.12 0.0001
9.997 0.02797
105.7 0.03161
63.05 0.02189
53.29 0.02797
25.68 0.3374
64.88 0.0776
47.77 0.01008
87.03 0.04038
2.29 5.2
1.028 0.7035
5.086 0.3374
28.18 0.05374
18.09 0.05374
57.31 0.1374
120.9 0.006701
92.16 0.0842
6.171 0.1374
9.41 0.0776
167.8 0.04038
134.1 0.1167
20.66 0.1076
73.84 0.00698
17.82 0.1491
299.9 0.04564
25.14 0.04038
106.6 0.1553
21.38 0.01397
6.045 0.3109
24.11 0.0745
78.49 0.01516
109 0.01008
4.602 0.1033
13.77 0.1267
15.16 0.1267
25.04 0.0842
22.56 0.2243
16.37 0.04755
34.11 0.01397
45.76 0.06074
35.13 0.08083
15.88 0.2243
12.52 0.1216
146.7 0.01094
27.93 0.04953
26.94 0.01094
193.3 0.05598
12.17 0.0001
20.97 0.0001
50.33 0.04207
79.81 0.01187
4.754 0.09517
20.84 0.06865
106.3 0.06327
444.6 0.01713
65.37 0.1905
90.21 0.0842
106.5 0.0005786
4.239 0.0001
62.52 0.2865
21.38 0.1829
17.57 0.2434
182 0.07152
36.92 0.05831
230 0.03293
5.347 0.1432
4.712 0.1905
33.87 0.01859
44.8 0.04207
39.76 0.02189
6.476 1.727
1.914 0.2067
611.5 0.04038
154.4 0.01645
6.113 0.0001
0.8059 0.0001
25 0.3514
2.356 0.0001
6.782 0.6753
43.7 0.0001
133.9 0.09136
43.55 0.2865
11.95 0.1829
45.69 0.03573
31.77 0.6224
51.55 0.1033
22.08 0.0745
3.09 0.2243
77.76 0.0001
2.519 1.058
10.55 0.2865
15.12 0.0001
24.26 0.06327
178.4 0.02017
206.4 0.03877
1142 0.0745
48.24 0.02685
10.23 0.0001
56.09 0.03161
28.08 0.0001
16.05 0.3514
1.305 0.5075
256.3 0.04755
5.349 0.3374
13.43 0.1984
6.752 0.2865
11.22 0.0001
1.914 0.0001
8.719 0.0001
2.025 0.0001
7.946 0.02101
13.76 0.1829
26.53 0.01579
97.79 0.1319
2.31 0.2336
8.459 0.3813
2.116 1.102
25.64 0.05159
244 0.1374
291 0.0343
366.1 0.05159
2151 0.02797
5.243 0.0001
34.6 0.01713
2.186 1.102
4.504 0.0001
6.291 0.8987
7.018 0.0001
142.9 0.06327
20.73 0.01516
7.196 0.4138
240.5 0.02375
71.53 0.1319
2.998 1.727
123 0.04564
165.3 0.2067
168.8 0.08083
10.78 0.03161
7.381 0.3514
41.15 0.02101
151.8 0.04382
17.49 0.2641
13.74 0.4677
57.2 0.0001
23.03 0.0001
8.592 0.1685
50.09 0.02913
10.37 0.2985
145.9 0.04755
22.28 0.0745
9.403 0.01455
45.43 0.003487
187 0.04207
30.22 0.1905
48.22 0.02474
1.668 4.6
135.6 0.06591
13.98 0.0001
33.91 0.1033
20.71 0.09914
9.314 0.02797
32.78 0.1216
30.97 0.1905
48.68 0.07152
3.489 0.1033
10.51 0.3813
9.343 0.1553
38.43 0.09914
563.1 0.007271
1.005 1.058
14.1 0.2153
23.9 0.1984
24.32 0.09136
47.74 0.02577
31.74 0.06591
20.4 0.1267
17.33 0.1756
69.48 0.0842
1.542 4.416
37.03 0.1319
4.655 0.5506
176.1 0.008218
26.9 0.1491
2.784 2.936
95.94 0.06865
9.747 0.431
173.7 0.01455
6.574 0.1756
49.05 0.01397
78.23 0.1618
21.43 0.04038
5.833 0.0001
37.01 0.08083
3.326 0.0001
30.58 0.0001
17.8 0.04953
126.7 0.05598
3.088 0.6483
3.995 0.0001
29.86 0.01859
403.1 0.09517
103 0.01236
2.548 0.0001
6.089 0.1553
16.61 0.0001
3.721 1.874
56.96 0.0842
3.466 0.431
375.7 0.09517
85 0.04755
51.26 0.02375
1631 0.04382
11.43 0.4872
11.67 0.1121
106.1 0.0842
164.2 0.1267
2.564 0.0001
41.93 0.01455
6.061 0.1984
58.94 0.09914
40.25 0.2243
213.5 0.04207
127 0.02685
227 0.01139
318.5 0.06074
21.25 0.05831
3.828 0.0001
2.231 0.0001
41.14 0.0842
46.64 0.09914
121.1 0.0001
6.139 0.0001
37.47 0.04564
24.48 0.0001
167.5 0.001742
37.46 0.1984
222.8 0.06327
60.4 0.03877
25.78 0.06591
8.557 0.1984
20.22 0.06591
28.66 0.08083
39.22 0.02913
22.18 0.03293
9.884 0.0001
38.46 0.08083
6.034 0.0001
24.08 0.002318
10.3 0.0001
58.47 0.02474
121.5 0.06865
10.72 0.2985
185.9 0.1829
117.3 0.04755
1557 0.03722
69.08 0.0001
4.845 0.4872
39.62 0.0001
82.84 0.1374
17.63 0.08083
0.9262 0.0001
80.01 0.01236
9.281 0.449
4.245 0.2751
5.728 0.09914
5.628 0.0001
71.86 0.004455
5.866 0.1553
108 0.05831
15.24 0.1374
65.15 0.04207
5.008 0.1618
365 0.07152
24.79 0.05374
37.79 0.0001
41.96 0.06865
8.038 0.431
9.17 0.05598
140.3 0.05831
1.721 0.5286
1594 0.2067
3.341 1.952
239 0.04207
134.4 0.02189
40.5 0.0343
8.352 0.2751
33.64 0.0001
21.12 0.04038
43.21 0.1685
14.98 0.1167
11.12 0.1984
5.304 0.1829
16.63 0.03573
49.54 0.009288
9.363 0.1374
54.93 0.05374
83.74 0.06327
1.193 0.7328
15.83 0.1491
12.08 0.06591
423.9 0.0228
271 0.01785
5.046 0.1618
55.32 0.1756
201.8 0.08083
37.9 0.05831
32.56 0.0842
46.84 0.06591
129.5 0.05159
29.85 0.09517
6.921 1.058
46.28 0.03293
41.63 0.005463
9.104 0.1829
1.168 3.319
16.41 0.0001
38.19 0.1553
35.4 0.00698
16.97 0.0842
34.44 0.02375
174.1 0.1685
4.989 0.1076
11.67 0.03877
9.135 0.08083
1.41 0.2336
50.6 0.1905
17.04 0.1033
73.25 0.0745
76.72 0.06591
6.72 0.0001
25.17 0.0842
40.25 0.0343
49.68 0.04755
35.19 0.0776
44.11 0.1167
29.71 0.02913
29.36 0.03573
3.903 2.494
77.86 0.04382
175 0.1374
7.305 0.5075
21.16 0.05598
39.02 0.06591
30.75 0.05831
81.25 0.01859
61.93 0.1491
53.19 0.0001
15.99 0.05374
17.25 0.02189
78.43 0.0228
43.43 0.1756
5.02 0.4138
43.01 0.3239
436.5 0.01645
4.556 0.0001
23.77 0.08771
4.866 0.0001
15.43 0.1756
3.042 0.0001
162.7 0.03035
405 0.09914
7.677 0.2751
87.48 0.06074
18.85 0.0001
198.3 0.008917
145.1 0.04755
33.41 0.1121
52.87 0.0228
160 0.03161
14.35 0.2865
45.57 0.2243
93.77 0.03293
78.13 0.0343
15.63 0.2865
5.407 0.0001
34.13 0.0001
6.501 0.1033
395.4 0.04038
137.2 0.1121
3.926 0.2751
48.81 0.05831
577.8 0.0343
33.03 0.05374
10.93 0.1553
20.86 0.06591
48.34 0.0001
5.656 0.1319
42.2 0.04953
7.899 0.2067
4.735 0.02685
5.582 0.0776
28.19 0.03293
76.04 0.08771
508.2 0.02577
9.666 0.1905
50.33 0.04755
157 0.02017
65.4 0.0343
15.94 0.00464
11.84 0.1984
2.223 0.5506
38.54 0.09914
7.614 0.0001
0.583 0.0001
18.07 0.3374
8.846 0.07152
8.879 0.1432
0.6125 13.3
48.8 0.02685
5.08 0.1756
10.55 0.0001
106 0.05374
29.31 0.06865
67.95 0.01341
32.97 0.02913
24.33 0.08771
6.742 0.4677
12.98 0.05831
4.797 0.08771
62.14 0.007889
7.899 0.7633
28.43 0.02913
1.547 2.706
44.23 0.1216
19.32 0.05159
16.1 0.1491
1.643 11.29
632 0.007889
23.29 0.08771
2.017 0.0001
16.22 0.09136
146.6 0.0842
6.931 0.3972
21.59 0.1685
9.753 0.1216
0.984 0.0001
16.15 0.04207
107.2 0.1432
19.62 0.0745
36.16 0.09914
0.6776 0.0001
37.24 0.02797
4.934 0.9361
2.382 0.03722
11.26 0.00262
53.99 0.01139
59.94 0.2243
7.786 0.03877
198.7 0.02913
130.4 0.1432
131.7 0.003784
9.135 0.01455
58.69 0.3514
52.45 0.04953
37.82 0.01785
22.57 0.1076
306.1 0.02577
43.19 0.0001
45.71 0.2153
28.68 0.0228
14.54 0.3239
41.86 0.1076
181.5 0.0745
294.8 0.2153
7.769 0.1167
32.05 0.0842
49.87 0.1076
12.55 0.1756
44.83 0.1033
18.99 0.1905
91.83 0.1319
9.27 0.4677
29.94 0.3109
14.5 0.0745
355.1 0.06591
8.062 0.1432
15.44 0.02017
280.9 0.06327
131.4 0.1267
162.1 0.08083
27.02 0.1216
44.36 0.3374
22.24 0.04564
27.47 0.1319
43.32 0.1076
41.34 0.1033
255.5 0.02913
12.76 0.3239
104.8 0.03161
313.8 0.02577
40.16 0.0105
5.392 0.3374
956.7 0.1756
133.4 0.04755
5.588 0.4138
4.043 0.1432
147.1 0.02017
179.9 0.09914
22.71 0.02101
85.99 0.03573
14.85 0.002729
9.767 0.0001
196.5 0.07152
20.84 0.04755
18.24 0.06865
5.192 0.0001
35.62 0.01236
21.63 0.04207
18.4 0.0001
25.65 0.4138
12.36 0.009288
603.9 0.03161
452.2 0.01713
10.4 0.1319
123.2 0.01859
6.674 0.0001
20.69 0.05831
3.532 1.727
39.22 0.1319
6.524 0.0001
18.77 0.07152
113.9 0.0745
6.836 0.2067
5.894 0.0001
26.5 0.0001
23.46 0.0745
12.74 0.5975
27.94 0.0001
25.84 0.2434
86.97 0.05598
7.422 0.0745
206.3 0.04038
4.829 0.4872
66.27 0.04755
17.67 0.05374
127.4 0.03722
108.3 0.01785
3.399 0.01785
541.1 0.05598
58.55 0.1491
25.8 0.1432
14.49 0.1618
34.33 0.1167
19.66 0.4138
28.55 0.2985
10.3 0.1491
18.76 0.06327
37.39 0.03293
326 0.06865
7.571 0.0001
56.69 0.03877
14.46 0.1267
33.69 0.09136
34.06 0.1491
14.66 0.04755
231 0.05831
8.645 0.0001
27.68 0.003941
12.84 0.04207
1.515 0.0001
47.65 0.1167
15.1 0.2153
932 0.01937
1.261 13.3
61.45 0.09517
63.2 0.04382
20.71 0.1167
19.58 0.04755
23.19 0.1216
60.25 0.0343
42.22 0.09914
41.2 0.04564
1.415 3.457
264.4 0.09914
26.44 0.09517
35.86 0.02685
136.6 0.07152
36.08 0.09517
33.75 0.2153
105.9 0.09136
6.456 0.3972
22.54 0.07152
267.6 0.09914
31.05 0.0001
57.32 0.1553
2.298 0.5506
72.89 0.08771
33.23 0.09136
71.13 0.09517
10.54 0.5736
7.875 0.2865
5.077 1.592
0.8244 0.0001
46.43 0.003347
39.05 0.005463
22.34 0.1267
77.76 0.009675
66.88 0.0776
7.892 0.05831
11.83 0.0001
25.98 0.05831
16.06 0.009288
48.41 0.1076
125.9 0.04382
14.73 0.03573
4.279 0.0001
2.156 0.4138
11.12 0.6224
46.36 0.01785
81.02 0.09914
33.86 0.0001
3.906 0.1374
3.362 0.2535
67.34 0.0842
16.27 0.2434
24.99 0.03035
54.36 0.05598
12.59 0.06074
693.4 0.06074
132.7 0.1033
43.88 0.1905
29.88 0.03573
2.224 0.2434
17.19 0.01288
66.13 0.1216
18.64 0.5286
17.94 0.05159
4.441 0.1984
115 0.04207
7.833 0.0001
4.977 0.2535
12.95 0.02577
3.637 0.8282
26.74 0.01397
18.95 0.0001
314 0.006175
14.35 0.09136
5.565 0.7035
6.44 0.06865
13.37 0.09136
156.1 0.01516
14.37 0.0001
13.07 0.09517
4.059 0.0001
6.756 0.449
3.73 0.8282
16.04 0.2067
755 0.02375
4.225 0.2985
4.8 0.0001
766 0.06327
11.16 0.0001
66.84 0.02913
7.631 0.05598
40.26 0.05598
63.42 0.09517
171.7 0.007889
242.3 0.05831
68.98 0.03877
66.03 0.1618
5.955 0.06074
45.68 0.1432
4.758 0.7951
80.91 0.03877
4.408 0.4677
1.265 0.6753
44.93 0.05831
119.5 0.09136
26.25 0.0228
27.47 0.03035
4.337 1.467
6.665 0.0001
52.5 0.01139
5.751 0.0001
11.04 0.03293
8.892 0.2243
63.72 0.06074
4.437 0.7328
7.104 0.0001
2.8 0.02474
73.97 0.1033
159.2 0.1033
767.9 0.01397
129.1 0.09517
40.14 0.1984
152.2 0.05831
791.6 0.07152
95.83 0.03722
22.41 0.1033
15.84 0.0001
55.04 0.08771
17.19 0.2535
13.72 0.0001
49.42 0.09517
17.35 0.0001
41.7 0.1033
28.56 0.04207
11.02 0.4677
24.6 0.04755
5.041 0.01859
55.13 0.04755
28.66 0.1618
1.75 0.08771
20.79 0.09136
16.21 0.3239
2.917 0.3972
19.33 0.0001
146.6 0.009288
66.19 0.04755
11.66 0.1491
2.317 0.8627
39.29 0.05598
7.179 0.3813
234.1 0.1033
4.468 0.8282
112.4 0.06865
32.34 0.04382
65.31 0.05374
9.022 0.0001
50.29 0.1374
11.08 0.1033
6.811 0.2067
8.552 0.1618
94.22 0.0745
28.97 0.02797
6.685 0.1432
2251 0.08083
7.853 0.0001
150.1 0.03877
42.99 0.02017
15.85 0.0001
28.23 0.0001
39.3 0.007889
4.413 0.6483
16.49 0.02685
380.5 0.04207
5.237 0.3514
20.32 0.0001
1.897 0.0001
15.38 0.0001
7.517 0.2535
261.8 0.02101
6.363 0.3972
21.05 0.09914
121.4 0.06591
166.1 0.03161
47.13 0.04564
207.5 0.1319
4.147 0.5736
13.88 0.0001
45.13 0.0842
2.262 0.4138
58.11 0.03161
193.8 0.01236
81.85 0.02375
12.93 0.1167
79.95 0.00856
40.08 0.0001
32.28 0.1553
1.291 0.3972
1.004 2.598
6.416 0.1267
174.6 0.02189
33.21 0.03573
45.49 0.1216
232.9 0.001605
110.7 0.1033
118 0.04755
61.14 0.03573
1.183 1.058
25.64 0.0001
64.04 0.005691
4.026 0.5506
80.97 0.0001
66.71 0.0842
2.067 0.0001
26.35 0.2535
59.68 0.01288
58.67 0.04382
92.81 0.02797
1.031 0.1374
27.91 0.1076
14 0.1374
112.9 0.0842
102.6 0.1756
60.44 0.03293
144.8 0.04564
77.32 0.01645
5.94 0.0001
2.527 0.6753
16.23 0.2243
162.3 0.0776
299 0.05598
4.651 0.3374
36.34 0.03573
2.972 0.0001
155 0.06865
4.081 0.2751
64.26 0.02017
15.18 0.04038
43.05 0.08083
34.2 0.1553
23.3 0.1267
15.3 0.3813
56.93 0.05598
31.15 0.03573
9.438 0.06865
8.278 0.7633
20.1 0.1984
81.42 0.008917
8.668 0.03573
25.87 0.07152
9.323 0.05159
18.85 0.004834
30.96 0.2153
37.11 0.01139
13.2 0.2865
21 0.09136
19.45 0.0001
45.7 0.07152
74.6 0.05374
61.76 0.04038
208.7 0.03161
1008 0.02101
21.7 0.1216
10.51 0.02685
21.86 0.05374
9.671 0.0745
15.65 0.01455
13.07 0.1319
9.249 0.05831
71.21 0.01785
222 0.02474
18.93 0.06074
172.1 0.1319
73.04 0.0001
80.21 0.1319
14.22 0.3109
28.84 0.04953
57.33 0.03877
36.75 0.03293
20.15 0.01859
5.942 0.04953
59.82 0.01397
111.5 0.1167
73.57 0.01455
45.78 0.1432
92.2 0.04207
106.8 0.01713
14.77 0.1267
236.4 0.03573
112.3 0.1121
153 0.02797
29.58 0.02685
60.86 0.09136
100.6 0.02189
1.987 0.0001
64.14 0.1267
34.27 0.06074
18.24 0.2067
8.615 0.0001
3.42 0.0001
14.87 0.1905
56.5 0.04382
61.14 0.09914
9.131 0.1033
12.05 0.0001
141.4 0.0745
205 0.04953
18.59 0.4872
550.2 0.06074
25.45 0.05374
167.4 0.005691
10.95 0.0001
129.7 0.03877
225.2 0.02189
208.7 0.0228
373.5 0.1033
14.03 0.03573
73.86 0.1491
242 0.1319
26.66 0.05831
3.278 0.3239
93.95 0.03877
