m a
57.34 0.08771
33.38 0.08083
21.45 0.1491
228.9 0.05831
546.1 0.04038
0.5422 2.936
64.71 0.06865
6.419 0.3661
34.75 0.2865
7.476 0.3109
603.1 0.03573
0.8258 2.033
309.8 0.03573
372.2 0.06865
94.83 0.05831
7.652 0.2067
33.09 0.1033
3.319 0.4872
7.319 0.2535
14.6 0.1553
15.29 0.1756
18.17 0.1756
49.03 0.08083
41.98 0.08083
7.624 0.2641
6.417 0.3374
14.1 0.1553
158.5 0.06074
69.84 0.08083
15.13 0.1829
1.131 1.298
31.12 0.09914
11.98 0.1685
891.7 0.04207
468.1 0.03573
23.6 0.1491
64.3 0.09517
17.24 0.1216
8.231 0.2153
232.3 0.03722
245.3 0.03877
22.08 0.1216
22.57 0.1491
5.358 0.3972
144.5 0.06074
0.5551 3.319
15.07 0.1374
329.6 0.06865
139 0.05159
20.11 0.1685
2.666 0.6224
21.26 0.1267
43.82 0.08771
19.5 0.1267
170.7 0.07152
148.9 0.05374
10.98 0.6224
8.362 0.2243
30.07 0.1267
5.486 0.3661
17.4 0.1432
491.5 0.04953
112.8 0.06591
7.96 0.3109
43.75 0.08771
5.369 0.3239
34.45 0.0842
167.2 0.06591
50.42 0.2985
28.49 0.09914
12.76 0.2153
9.752 0.1756
11.38 0.1685
64.79 0.06865
34.46 0.1076
16.48 0.1267
93.38 0.04953
2.389 0.7633
25.2 0.1553
63.13 0.07152
495.6 0.04207
168.5 0.08083
483.1 0.03573
87.95 0.04755
2.047 0.7633
6.83 0.2751
65.08 0.08083
5.207 0.4138
3.253 0.5286
47.82 0.06327
364.5 0.1491
104.5 0.05831
16.81 0.1432
21.67 0.1121
59.33 0.08771
7.817 0.2336
11.48 0.2153
10.13 0.2434
276.8 0.04564
1.93 0.8987
25.47 0.08771
14.06 0.1432
30.52 0.1267
77.07 0.05159
27.97 0.0842
151.4 0.05159
168.7 0.04755
45.16 0.06865
115.3 0.0745
254.3 0.04382
34.21 0.08771
8.194 0.2751
10.64 0.1685
3.701 0.5736
81.3 0.06591
274.9 0.06074
11.78 0.1685
701.5 0.05159
63.89 0.0776
2.243 1.016
10.59 0.1984
181.4 0.04564
25.13 0.09517
107.8 0.06865
5.511 0.3374
12.29 0.1984
63.83 0.07152
21.3 0.1432
112.5 0.09136
8.212 0.2641
27.55 0.1374
22.34 0.1216
21.28 0.1432
14.29 0.1491
59.69 0.08083
98.44 0.09517
69.8 0.05159
174.6 0.04207
81.56 0.06327
26.44 0.09914
1161 0.04755
20.39 0.1267
59.25 0.06327
15.39 0.5736
10.58 0.2535
115.5 0.0776
15.66 0.1491
2.055 4.07
422.2 0.04038
95.37 0.07152
15.3 0.1432
120.3 0.0776
142.9 0.04953
13.74 0.1432
11.5 0.1685
102.2 0.05374
475.2 0.05831
5.541 0.431
49.26 0.0776
8.841 0.2985
11.59 0.1756
11.49 0.1618
35.75 0.2865
0.664 2.394
9.741 0.1984
8.407 0.2434
34.73 0.08771
9.262 0.2751
36.29 0.07152
97.98 0.0745
7.406 0.2751
732.4 0.04953
1.661 1.016
3.553 0.6753
65.3 0.05598
166.8 0.05598
24.71 0.1121
38.47 0.1076
106.3 0.06865
56.43 0.0842
4.698 0.3661
111.6 0.0842
6.453 0.2751
79.11 0.06865
398.2 0.05598
3.073 0.6753
526.6 0.06591
96.37 0.06074
1.738 0.8627
1.181 1.528
48.69 0.06865
77.58 0.05159
39.35 0.0776
148.4 0.05831
195.1 0.04038
3.802 0.4677
20.05 0.3813
16.84 0.1984
21.88 0.1167
55.37 0.08771
360.1 0.04038
5.043 0.431
4.917 0.3109
0.765 1.874
11.79 0.1553
22 0.09517
41.56 0.1076
2.53 0.6753
16.65 0.1432
3.005 0.5286
15.59 0.1216
70.12 0.08083
25.83 0.1033
10.16 0.2751
6.381 0.9751
4.086 0.3972
35.85 0.08771
57.75 0.06591
47.83 0.06591
15.11 0.1267
88.63 0.09914
17.55 0.1374
15.93 0.1267
5.802 0.2751
6.351 0.2641
28.52 0.1167
41.21 0.0776
386.4 0.04953
303.8 0.04755
2.142 0.7633
165.2 0.06074
2.277 0.7633
22.45 0.1216
2.999 0.5975
222.7 0.06074
2.211 0.7951
4.192 0.3374
3.775 0.449
9.133 0.2243
336 0.04038
310 0.0776
120.7 0.06074
54.9 0.08771
44.32 0.0745
104.6 0.06327
275.3 0.04755
21.89 0.1121
8.684 0.1905
124.8 0.06327
112.6 0.05598
2.009 0.7951
309.4 0.04038
3.11 0.5506
25.39 0.1216
293.6 0.03877
11.93 0.2336
77.74 0.1033
81.48 0.0745
68.2 0.06074
21.42 0.09517
6.91 0.2865
45.57 0.07152
35.63 0.0776
29.13 0.1121
5.053 0.3374
39.17 0.09517
457 0.04564
81.68 0.06591
41.57 0.08771
27.3 0.09136
55.48 0.09136
60.67 0.2985
91.16 0.07152
56.57 0.06327
16.63 0.1756
12.12 0.1829
61.58 0.05831
64.17 0.05598
6.496 0.2336
222.4 0.0842
39.03 0.06591
25.75 0.1216
629.3 0.03573
11.19 0.2243
58.74 0.06074
11.41 0.1829
0.8268 2.118
152 0.06591
606.6 0.04382
39.19 0.07152
353.1 0.03573
6.936 1.874
214.7 0.04953
985.3 0.05159
12.13 0.1984
37.32 0.07152
9.308 0.9361
44.88 0.2434
4.803 0.5075
536.8 0.05598
3.075 0.4677
5.666 0.3661
5.167 0.3514
5.686 0.431
208.2 0.05374
5.282 0.3661
225 0.04953
43.82 0.1033
86.71 0.05374
6.926 0.2865
6900 0.03722
10.05 0.1829
1.026 1.874
29.47 0.0776
77.99 0.06074
3.289 0.449
0.5302 2.936
85.8 0.0745
25.46 0.1121
3.68 7.208
57.04 0.06074
22.82 0.1491
5.957 0.2535
9.857 0.2243
6.938 0.2434
5.222 0.3972
5.052 0.3661
122.4 0.04755
31.25 0.08771
98.12 0.0776
21.56 0.1618
16.52 0.1216
335.7 0.05374
29.13 0.08771
34.33 0.1033
57.66 0.0745
5.947 0.2641
188.9 0.07152
68.61 0.05598
25.47 0.08771
335.5 0.06074
26.65 0.09517
2.617 0.5975
44.4 0.08771
31.67 0.09914
4.596 0.3514
16.89 0.1618
33.78 0.1121
33.34 0.0745
50.26 0.08083
12.98 0.5506
4.779 0.3661
13.82 0.1685
8.038 0.2434
19.04 0.1374
43.86 0.06865
22.3 0.1267
11.4 0.1618
151.8 0.06074
47.33 0.06865
12.3 0.1491
32.84 0.0842
4.475 0.4138
339.8 0.03722
352.7 0.03877
37.07 0.08083
8.533 0.2434
19.5 0.1432
11.55 0.1756
94 0.05831
19.27 0.1121
16.62 0.1267
5.858 0.4138
49.57 0.06865
2.351 0.9361
68.26 0.05374
65.06 0.3514
34.06 0.08083
6.95 0.2434
132.4 0.04382
10.92 0.1905
50.47 0.06865
86.47 0.05598
100.1 0.04564
18.09 0.1756
46.76 0.09914
6.81 0.2751
144.5 0.05159
33.29 0.08771
34.45 0.0842
144 0.04564
18.99 0.1984
159.3 0.04564
35.14 0.07152
77.96 0.09914
11.92 0.1984
98.95 0.04755
113.1 0.04382
37.55 0.0776
10.6 0.1905
23.37 0.09136
48.32 0.06074
91.16 0.04953
9.593 0.1905
30.67 0.3972
180.8 0.05374
13.01 0.1829
47.28 0.09136
7.166 0.3514
80.22 0.05374
6.674 0.3374
112.1 0.05159
24.34 0.1167
7.464 0.2243
3.26 0.6483
7.268 0.2985
311.5 0.05598
40 0.06591
20.11 0.1319
6.769 0.2535
31.69 0.1033
1186 0.05831
21.21 0.1553
33.16 0.1267
217.5 0.05159
10.06 0.1984
25.67 0.09517
14.45 0.1374
56.77 0.0776
168.3 0.08083
22.44 0.1553
44.6 0.06865
4.537 0.3661
105.5 0.04953
29.71 0.0776
21.79 0.1319
6.051 0.2751
17.8 0.1491
43.8 0.09136
16.77 0.1216
12.91 0.1618
1.157 1.408
66.76 0.06591
13.17 0.1685
45.9 0.1076
17.69 0.7035
4.923 0.449
67.84 0.05374
70.36 0.06591
122 0.04755
3.841 0.4677
247.7 0.07152
9.906 0.2243
9.113 0.2434
27.27 0.1216
17.97 0.1216
226.3 0.04382
28.11 0.1216
34.73 0.08771
39.25 0.0745
15.2 0.1432
41.96 0.07152
25.92 0.09914
41.36 0.1167
123.8 0.05831
45.45 0.08083
13.5 0.1432
121.7 0.05831
23.43 0.1685
293.1 0.04207
181.1 0.04953
161.4 0.04953
94.49 0.05374
75.52 0.0842
291.2 0.06074
68.18 0.1033
48.8 0.0842
298.2 0.05374
21.36 0.1685
84.65 0.0745
82.7 0.2243
41.51 0.08771
128.2 0.0776
12.53 0.1756
4.398 0.4677
2.523 2.206
20.5 0.1033
33.18 0.09136
195.2 0.06591
4.289 1.952
6.791 0.2243
10.38 0.1829
2.089 4.24
26.35 0.1033
15.65 0.1756
213.5 0.04382
328.1 0.05598
126.5 0.05598
103.1 0.06327
15.2 0.1685
9.16 0.2153
31.06 0.08771
8.953 0.1905
12.48 0.1756
17.58 0.1121
32.73 0.1167
1.879 1.058
732.3 0.06591
14.75 0.1319
65.18 0.0842
3.308 0.4677
8.24 0.2153
41.66 0.09136
8.339 0.7328
16.88 0.1491
32.51 0.0842
77.82 0.05598
165 0.04953
50.33 0.0842
26.8 0.1167
35.17 0.2751
185 0.06327
5.639 0.2751
6.15 0.3813
12.5 0.2434
8.983 0.2535
6.378 0.2751
1.827 0.8987
70.74 0.1033
37.24 0.09136
22.39 0.1167
19.68 0.1319
37.62 0.09517
49.41 0.06591
20.22 0.1167
460.5 0.04382
37 0.09136
43.05 0.08083
8.187 0.2535
448 0.04382
10.04 0.1829
15.5 0.1829
29.97 0.1167
6.788 0.2865
44.41 0.06591
19.22 0.1685
3.032 0.4872
5.617 0.3109
10.3 0.1984
77.95 0.05598
1.419 13.3
65.98 0.05831
25.58 0.1076
49.09 0.0776
20.52 0.4138
12.41 0.2434
34.88 0.08771
22.82 0.4138
20.82 0.1033
51.2 0.0745
30.03 0.09136
7.557 0.3374
10.6 0.2535
15.32 0.1829
135.1 0.07152
18.56 0.1033
9.695 0.2243
1.48 0.9751
92.02 0.0745
7.455 0.2751
50.57 0.07152
4.839 0.4872
11.58 0.1984
17.44 0.1685
32.66 0.1267
62.99 0.0776
21.55 0.1432
20.93 0.1491
14.86 0.1319
66.56 0.09517
172 0.06591
40.21 0.0745
40.04 0.08771
118.3 0.05831
110.8 0.05831
264.2 0.04953
10.71 0.1756
35.33 0.08771
109.2 0.06327
8.582 0.2535
515 0.05159
11.62 0.1685
6.908 0.3109
35.79 0.1121
10.37 0.9361
8.375 0.2336
190.8 0.04038
8.039 0.2336
29.39 0.09517
181.3 0.04564
31.37 0.0842
16.44 0.1432
34.53 0.0745
1.229 1.592
45.66 0.09517
302.5 0.05159
93.54 0.07152
14.32 0.1491
14.18 0.1829
6.739 0.8987
25.09 0.09517
37.09 0.09914
17.02 0.1491
8.787 0.1829
242.4 0.06865
11.47 0.1685
184.8 0.03877
4.218 0.449
2.837 0.6753
135.7 0.04382
252.9 0.05598
17.09 0.1267
1.573 0.9361
44.84 0.07152
38.15 0.07152
6.357 0.4138
34.79 0.1076
37.94 0.09914
30.85 0.0842
325 0.05374
35 0.09136
112.1 0.0745
67.57 0.06074
26.96 0.1033
57.28 0.1076
1.254 1.196
222 0.04953
28.87 0.1076
4.623 0.3514
46.72 0.06865
11.78 0.1685
6.091 0.3813
95.09 0.04953
33.89 0.0842
10.36 0.1553
87.28 0.0745
24.96 0.09914
6.474 0.2865
117.8 0.0745
29.13 0.09517
9.381 0.2153
22.01 0.1121
77.1 0.06074
4.178 0.431
333.2 0.04382
10.24 0.2153
8.943 0.7035
5.518 0.2751
19.44 0.1267
3.396 0.4872
99 0.04564
7.45 0.2434
40.48 0.08083
84.4 0.0776
537.6 0.04953
0.6125 13.3
11.34 0.2153
6.391 0.2535
13.5 0.1756
6.586 0.2751
34.53 0.08083
71.49 0.08083
184.1 0.05831
124.9 0.08083
46.48 0.0776
16.52 0.1267
369.7 0.05374
44.6 0.07152
3.153 0.4677
714.4 0.03722
21.12 0.5075
8.175 0.2153
25.47 0.1374
21.38 0.1076
45.41 0.0776
76.09 0.06865
2.706 0.5506
15.46 0.1319
548.1 0.2751
1.206 1.592
4.157 0.449
11.58 0.1618
8.347 0.2243
0.9294 1.658
10.49 0.2865
19.82 0.1491
33.72 0.08771
36.41 0.0776
40 0.08771
42.22 0.07152
4.647 0.3661
82.54 0.3109
38.01 0.1167
35.21 0.1216
307.4 0.04564
169.1 0.04207
108.5 0.05159
177.6 0.04207
15.3 0.1491
38.59 0.0745
67.23 0.06074
28.38 0.09136
111.1 0.09517
66.46 0.06591
125.9 0.06074
64.88 0.06865
556.5 0.03573
7.558 0.2243
229.3 0.04755
12.14 0.1685
11.86 0.1491
12.4 0.1905
33.63 0.1033
114.6 0.05374
20.53 0.1121
79.88 0.06327
105.6 0.05598
70.49 0.06865
27.83 0.09914
2.52 0.5286
56.78 0.0776
12.91 0.1374
23.69 0.1076
28.78 0.1319
220.1 0.04382
14.43 0.1374
25.95 0.08771
18.47 0.1076
46.08 0.09136
30.9 0.09136
2.935 0.5736
30.85 0.0776
23.5 0.1267
60.68 0.08083
18.09 0.1267
226.2 0.04207
47.08 0.06865
48.75 0.0745
13.17 0.1905
53.89 0.0776
7.479 0.2243
19.5 0.1033
353.1 0.03877
511.8 0.03877
11.9 0.1618
112.2 0.08083
0.879 1.592
214.1 0.04564
41.38 0.1076
277 0.04382
12.43 0.1756
17.55 0.1267
31.67 0.08771
200.2 0.05598
3.762 0.5286
16.5 0.1121
2.477 0.8627
33.2 0.0776
5.819 0.2865
160.4 0.05374
44.09 0.0776
83.76 0.04953
8.76 0.2434
21.2 0.1216
5.148 0.2985
155.6 0.06074
344.1 0.03877
200 0.05159
5.921 0.2641
40.9 0.09136
44.19 0.0842
9.518 0.1756
33.34 0.08083
17.6 0.1167
13.97 0.1618
135.6 0.05159
3.443 0.5075
20.83 0.1216
115.3 0.05159
129.3 0.06591
24.47 0.1267
28.35 0.1319
396.3 0.05598
9.924 0.2434
15.88 0.1905
31.67 0.08083
16.1 0.1618
7.534 0.3239
10.64 0.1984
32.1 0.08083
7.405 0.3514
4.976 0.2985
8.378 0.2243
15.55 0.1216
5.72 0.2865
102.8 0.05159
31.37 0.09136
96.52 0.06865
569.4 0.06865
35.3 0.1121
95.21 0.0842
7.376 0.2336
13.94 0.1319
101.3 0.2336
1930 0.07152
6.721 0.3813
3.079 0.5075
250.4 0.05374
8.414 0.2153
14.33 0.5506
10.29 0.1829
27.83 0.1076
12.42 0.1685
17.35 0.5506
8.34 0.1984
26.58 0.1033
402.1 0.04953
234.9 0.06074
4.664 0.3514
102 0.04953
6.271 0.2535
12.65 0.1756
144.8 0.05374
25.22 0.09136
87.5 0.04953
54.24 0.2641
11.67 0.1756
13.04 0.1553
38.58 0.1167
12.74 0.1491
115.7 0.04953
21.9 0.09914
127.2 0.05598
1.206 1.592
7.201 0.2336
8.692 0.2434
9.384 0.1984
15.6 0.1618
25.4 0.09136
16.43 0.1553
8.036 0.2153
117.8 0.04755
109.8 0.05374
72.95 0.08771
28.47 0.1033
13.34 0.1984
112.4 0.06591
21.08 0.1076
5.749 0.2865
21.95 0.1216
34.16 0.09136
14.9 0.1491
16.03 0.1905
4.472 0.3374
24.34 0.09914
132.1 0.04382
10.32 0.1905
27.73 0.09136
14.26 0.1553
61.97 0.05831
35.75 0.08083
4.973 0.4677
1.313 0.9751
1415 0.0343
4.758 0.3661
22.37 0.1618
4.272 0.4872
25.07 0.09517
6.774 0.2865
156.8 0.08083
10.24 0.2641
100.7 0.05598
52.75 0.1076
111.6 0.04755
1.607 0.8627
124.7 0.04953
161.4 0.04564
18.22 0.1685
77.15 0.08083
38.24 0.08083
527.9 0.06591
19.06 0.1076
1801 0.05374
29.17 0.1033
11.22 0.1905
55.61 0.08771
18.68 0.1267
9.844 0.2336
158.6 0.06865
4.506 0.3374
26.51 0.1033
31.05 0.09914
11.91 0.1432
41.66 0.08083
12.16 0.1829
50.81 0.09136
1169 0.0343
53.52 0.06865
25.67 0.1216
13.91 0.1319
29.08 0.09517
41.92 0.09517
101.9 0.06865
43.93 0.07152
85.62 0.04755
36.9 0.1167
4.677 0.4677
46.34 0.09517
147.6 0.06591
6.762 0.3109
3.34 0.5736
13.15 0.1618
26.02 0.08083
24.14 0.09136
234.9 0.04382
75.33 0.05159
10.45 0.1829
13.37 1.016
11.58 0.1756
18.94 0.6753
29 0.1319
69.96 0.09517
2.788 0.5736
2.608 0.7951
45.35 0.07152
97.67 0.06591
6.793 0.2336
1.959 0.9361
21.11 0.1553
26.98 0.1167
23.92 0.09136
3.905 0.4138
3.534 0.4872
98.58 0.0776
11.03 0.1829
35.21 0.08771
52.23 0.06074
16.17 0.1685
130.8 0.07152
1040 0.04755
27.52 0.1033
12.88 0.1756
1.68 0.9751
7.019 0.2434
23.56 0.09136
7.539 0.2153
41.13 0.0776
116.8 0.0842
1.063 1.528
41.37 0.09136
70.5 0.06074
16.87 0.1374
41.81 0.0776
69.95 0.07152
1.775 0.8627
9.76 0.2434
71.92 0.1033
14.76 0.1216
32.63 0.1267
21.25 0.1167
43.57 0.0776
22.81 0.1076
23.33 0.1216
8.498 0.1905
277.7 0.06327
8.232 0.2434
14.18 0.1491
20.69 0.1033
9.45 0.1685
13.92 0.1319
73.19 0.08771
53.76 0.0842
79.92 0.0842
53.4 0.06865
11.14 0.1685
4.62 0.4138
129 0.04382
70.99 0.08771
19.63 0.1076
5.15 0.3239
29.4 0.1076
79.71 0.05831
13.47 0.1685
4.405 0.3813
85.64 0.06591
306.9 0.05831
123.3 0.04755
127.6 0.04564
1.528 1.016
16.38 0.1829
45.02 0.09136
48.9 0.09136
1.537 11.76
13.39 0.1491
11.19 0.1685
12.2 0.1553
10.71 0.2434
4.475 0.431
2.338 0.8987
5.855 0.3813
145.7 0.04755
12.96 0.1905
4.96 0.431
79.62 0.05598
5.881 0.3514
14.69 0.1685
122 0.06865
14.67 0.1374
28.72 0.09136
9.556 0.1685
39.44 0.06591
26.31 0.09517
69.25 0.06074
63.27 0.06074
27.17 0.1267
48.35 0.08771
9.403 0.2153
0.7665 2.298
1.999 3.907
152.5 0.05374
1126 0.04564
218.6 0.04755
4.996 0.3374
31.82 0.09914
63.12 0.07152
36.55 0.1033
303.1 0.05374
149.6 0.05159
59.96 0.05831
71.43 0.05831
50.8 0.06865
1.5 0.9751
94.8 0.0776
102.4 0.05598
467.4 0.0776
47.44 0.08771
16.32 0.1374
14.98 0.1319
6.299 0.2535
28.81 0.08771
31.71 0.0842
106.4 0.05598
7.844 0.2641
75.01 0.0776
6.074 0.2985
8.473 0.1905
126.8 0.05159
26.82 0.08771
53.57 0.06865
226 0.05374
3.35 0.5286
34.77 0.09136
13.51 0.1756
64.83 0.06591
1.08 9.592
18.82 0.1618
10.67 0.1905
111.8 0.05374
47.43 0.3239
65.74 0.0842
7.778 0.2153
77.1 0.06865
19.42 0.1319
146.4 0.05831
16.92 0.1491
3.657 0.4872
215.4 0.05598
25.71 0.09517
2.136 0.7328
41.41 0.1121
53.32 0.09136
122.1 0.04564
7.359 0.2985
3.097 0.5975
1.043 1.528
203 0.04382
12.48 0.1491
6.414 0.3374
2.757 0.6224
4.379 0.4138
107.7 0.06074
308.5 0.04755
15.6 0.1216
22.14 0.09517
80.1 0.06865
21.38 0.1267
4.094 0.431
156.8 0.04207
137.4 0.07152
33.27 0.0776
89.69 0.05831
254.1 0.04038
24.16 0.1121
4.595 0.3374
36.29 0.09517
28.52 0.1033
152.7 0.04207
3.975 0.449
12.88 0.1685
4.313 0.4138
19.72 0.1432
64.29 0.05831
32.85 0.1076
35.49 0.09517
7.291 0.2434
134.3 0.04038
1.27 1.102
11.52 0.2434
29.17 0.08771
3.966 0.4872
15.42 0.1216
159.4 0.06865
619.7 0.03293
11.29 0.1618
25.59 0.1076
77.44 0.04953
280.3 0.06327
43.3 0.07152
14.56 0.1491
16.26 0.1319
4.642 0.431
13.45 0.1319
84.15 0.05598
1.906 0.9361
10.38 0.1829
103.1 0.1905
69.25 0.0842
80.71 0.0745
306.5 0.05159
5.338 0.4677
17.62 0.1319
9.159 0.2153
62.07 0.07152
47.29 0.09517
11.43 0.1905
25.72 0.1216
18.01 0.1553
224.2 0.07152
183.3 0.04953
9.999 0.2243
11.41 0.1685
44.6 0.09136
0.6062 2.598
104.4 0.05374
17.09 0.1432
21.26 0.1167
33.14 0.0745
100.5 0.05598
25.84 0.1076
18 0.1121
34.27 0.07152
9.691 0.1829
46.19 0.09517
42.45 0.06327
17.26 0.1319
19.93 0.1033
7.059 0.2434
79.73 0.06074
15.65 0.1374
14.15 0.1905
46.61 0.09136
13.35 0.1984
4.53 0.3972
115.2 0.05598
175.4 0.05598
5.541 0.2751
159.5 0.06074
5.944 0.3239
45.83 0.06865
35.54 0.08083
64.1 0.0776
8.101 0.2751
550.4 0.06074
13.33 0.1374
4.451 0.3661
2.335 0.9751
103.2 0.05831
182.1 0.06865
12.57 0.1905
101.2 0.0776
4.032 0.3972
2.985 0.5075
92.91 0.04953
16.86 0.1121
58.1 0.05831
2.368 0.7633
4.439 0.3972
22.12 0.1267
2162 0.04207
466.6 0.06865
3.313 0.5736
10.74 0.2535
67.47 0.06865
3.35 0.4677
9.979 0.1829
10.18 0.1905
82.26 0.06327
14.73 0.1267
387.6 0.05374
28.63 0.1033
157 0.06591
5.562 0.3514
349.4 0.05374
197.8 0.06074
32.37 0.09517
775.7 0.0343
46.64 0.0745
5.518 0.3514
36.79 0.1121
15.1 0.1432
32.32 0.1033
34.48 0.1121
122.4 0.05831
24.18 0.1374
97.18 0.06327
42.49 0.08771
4.852 0.3109
20.84 0.1319
97.09 0.05598
16.73 0.1319
8.483 0.2153
111.2 0.04382
44.06 0.06327
180.8 0.03877
57.79 0.0776
10.77 0.2434
30.21 0.08083
7.645 0.2641
18.64 0.1319
141 0.04207
149.2 0.07152
4.505 0.5506
499 0.04207
91.73 0.08083
97.75 0.06074
66.35 0.05598
106.1 0.08083
18.67 0.1829
41.63 0.08771
131.1 0.05159
52.24 0.09517
13.2 0.1432
18.59 0.1167
49.44 0.3661
53.42 0.0776
35.27 0.0842
65.42 0.0842
71.53 0.06327
26.82 0.1033
89.05 0.06591
38.3 0.0745
32.93 0.0842
26.03 0.1121
21.17 0.1167
159.6 0.06074
122.5 0.0776
6.744 0.2865
34.04 0.09517
11.56 0.2243
66.79 0.07152
1.583 1.352
20.34 0.1076
29.36 0.09517
1463 0.1756
121.7 0.05598
7.869 0.1984
125.7 0.0776
3.9 0.4677
108.5 0.04953
12.34 0.1984
77.1 0.06865
2.596 6.122
121.1 0.05598
3.837 0.3972
8.637 0.2751
5.816 0.3972
7.588 0.2535
3.333 0.5075
11.69 0.2434
47.24 0.09914
10.37 0.2865
16.77 0.1216
31.22 0.1076
7.344 0.2336
4.219 0.431
186.4 0.05374
170.7 0.05831
42.02 0.09914
16.36 0.1618
30.85 0.09517
42.87 0.0745
3.057 0.5975
10.22 0.1829
9.286 0.1984
3.784 0.3972
16 0.1319
5.332 0.431
1.097 1.246
32.55 0.1076
30.08 0.1319
14.66 0.1618
34.23 0.08083
684.3 0.05831
116.8 0.05159
14.82 0.1829
204.1 0.06074
245.6 0.04038
336 0.04564
16.04 0.1167
10.76 0.1829
55.91 0.06074
14.44 0.2067
13.8 0.1491
8.919 0.1905
8.363 0.2243
52.96 0.06591
173.2 0.05159
6.972 0.2336
69.32 0.2243
390.8 0.05374
11.57 0.1905
12.69 0.1984
8.508 0.2067
36.79 0.4677
11.56 0.1829
280.2 0.04953
50.88 0.0745
65.53 0.06074
8.556 0.2243
32.59 0.08771
255 0.04564
25.41 0.1167
33.7 0.1121
13.45 0.1829
778.2 0.0745
17.25 0.1374
120.8 0.05831
3.903 0.4872
4.815 0.431
20.15 0.1076
16.27 0.1319
31.81 0.1267
7.712 0.2067
37.51 0.0842
15.77 0.1491
62.69 0.05374
6.626 0.2641
52.8 0.06865
16.06 0.1756
7.329 0.2985
70.73 0.06591
185.3 0.03722
39.2 0.07152
56.99 0.07152
225.8 0.05831
10.45 0.1685
14.18 0.1553
120.7 0.06591
7.155 0.2641
6.349 0.2751
49.34 0.06327
80.61 0.05374
10.21 0.1829
138 0.05374
16.7 0.1319
3.118 0.5286
28.2 0.1167
147.5 0.04953
59.71 0.06074
22.51 0.1267
9.65 0.2067
9.012 0.2434
21.81 0.1216
301.7 0.03877
10.95 0.2067
4.982 0.3813
10.9 0.1553
61.81 0.07152
23.47 0.1076
65.47 0.06074
119.7 0.06865
16.95 0.1216
103 0.0776
1.817 0.9361
114.3 0.05159
32.38 0.1267
16.04 0.1374
13.49 0.1618
174.4 0.06327
15.21 0.1618
15.54 0.1685
21.3 0.1374
35.7 0.08771
30.59 0.3813
52.09 0.1076
6.531 0.2336
63.9 0.09136
92.59 0.09136
22.88 0.09517
72.1 0.0776
8.488 0.1905
30.1 0.1076
115.4 0.05831
8.009 0.3239
13.71 0.5075
13.05 0.1553
52.06 0.07152
10.82 0.1905
21.19 0.1319
77.71 0.0745
27.71 0.1167
18.49 0.1319
8.864 0.2153
109.6 0.05598
13.94 0.1553
14.82 0.1685
7.924 0.2641
10.65 0.1756
28.1 0.09517
6.894 0.2336
14.15 0.1374
4.893 0.3109
20.75 0.1076
53.85 0.2751
161.4 0.1685
11.85 0.1491
6.101 0.2865
20.37 0.09914
36.92 0.08083
18.2 0.1618
39.91 0.0776
160.6 0.04755
10.1 0.1829
28.99 0.0776
32.54 0.09914
19.3 0.1121
7.605 0.2751
0.7537 2.033
45.5 0.07152
16.29 0.1553
3.424 0.5506
27.42 0.1033
99.92 0.06327
4.984 0.3109
3854 0.04207
60.61 0.08083
13.55 0.1374
68.31 0.06074
49.03 0.0745
15.26 0.1374
4.48 0.3374
52.85 0.0776
478.6 0.04564
101.4 0.04564
101.9 0.06865
936.3 0.03722
96.17 0.05374
8.932 0.2067
87.19 0.06327
85.86 0.04953
44.53 0.1076
5.101 0.3661
64.79 0.1033
962 0.04564
468.8 0.04953
2.873 0.5075
157.9 0.04564
28.14 0.08771
59.42 0.06591
64.32 0.1033
86.33 0.06591
242.5 0.0776
36.99 0.09914
152 0.04382
13.41 0.1319
17.99 0.1432
62.96 0.05831
352.6 0.07152
47.84 0.0776
284.3 0.1685
10.52 0.1756
6.125 0.2751
39.47 0.0776
841.7 0.0343
65.57 0.05831
12.92 0.1905
3.837 0.5075
6.853 0.3972
6.285 0.2865
90.68 0.06074
12.49 0.1491
8.534 0.1984
11.18 0.2243
13.27 0.1756
89.17 0.06327
24.94 0.1167
4.751 0.3239
1.585 0.9751
35.19 0.09914
9.992 0.1618
41.26 0.08083
29.02 0.09136
14.02 0.6753
43.09 0.0842
2.926 0.6753
11.03 0.1685
71.84 0.05598
16.15 0.1216
18.95 0.4872
26.51 0.1121
301.2 0.04207
44.14 0.08083
30.65 0.08083
39.91 0.06865
11.33 0.1829
54.95 0.05831
19.05 0.1829
15.3 0.1216
82.62 0.0776
30.82 0.1033
14.15 0.1618
30.64 0.1491
4.429 0.431
11.57 0.1756
516.2 0.04755
83.43 0.08771
19.45 0.1267
17.55 0.1267
2.349 0.5975
1.073 1.799
26.46 0.1121
94.59 0.0745
228.8 0.05831
40.14 0.07152
91.92 0.06591
38.06 0.1121
25.12 0.08771
36.96 0.09517
185.6 0.06074
12.5 0.2535
10.69 0.1685
196.3 0.04755
24.93 0.4872
787.2 0.04953
16.76 0.1374
12.06 0.1829
33.95 0.09914
18.65 0.4138
153.6 0.04382
401.6 0.06074
18.53 0.1167
639.3 0.05374
14.39 0.1432
131.4 0.04564
8.513 0.2153
5.506 0.3661
19.14 0.1374
120.6 0.06074
12.87 0.1618
37.51 0.0745
135.4 0.06327
63.66 0.09914
39.69 0.09914
91.05 0.04564
161.1 0.04207
7.161 0.2434
3.236 0.6224
35.09 0.08083
2.45 2.206
333.4 0.03877
9.127 0.1756
6.348 0.2985
188.9 0.07152
59.87 0.06865
22.83 0.1374
12.74 0.2434
9.692 0.2535
24.23 0.1319
12.36 0.1432
14.01 0.1553
2222 0.05374
58.33 0.06074
7.331 0.3661
41.49 0.0745
23.42 0.1319
7.949 0.2751
29.14 0.1374
61.22 0.05831
15.91 0.1216
62.7 0.05598
116.8 0.05598
29.83 0.08083
313.2 0.05831
41.1 0.06865
970.1 0.04755
544.6 0.05374
43.37 0.08083
36.61 0.09517
56.58 0.06865
34.56 0.08083
20.84 0.1374
5.677 0.3514
11.9 0.1984
100.2 0.04564
2.451 2.598
16.12 0.1267
53.12 0.05831
9.997 0.1829
105.7 0.05374
63.05 0.06074
53.29 0.06865
25.68 0.3374
64.88 0.0745
47.77 0.06591
87.03 0.06074
2.29 5.2
1.028 1.592
5.086 0.3813
28.18 0.09914
18.09 0.1267
57.31 0.09517
120.9 0.04564
92.16 0.07152
6.171 0.2985
9.41 0.2067
167.8 0.05374
134.1 0.0745
20.66 0.1267
73.84 0.05374
17.82 0.1491
299.9 0.05159
25.14 0.09914
106.6 0.08771
21.38 0.1076
6.045 0.3374
24.11 0.1121
78.49 0.05374
109 0.04755
4.602 0.3661
13.77 0.1685
15.16 0.1553
25.04 0.1121
22.56 0.1491
16.37 0.1319
34.11 0.0776
45.76 0.08083
35.13 0.09517
15.88 0.1756
12.52 0.1756
146.7 0.04564
27.93 0.09517
26.94 0.09136
193.3 0.05598
12.17 0.1491
20.97 0.1033
50.33 0.07152
79.81 0.05374
4.754 0.3514
20.84 0.1167
106.3 0.06327
444.6 0.04038
65.37 0.1033
90.21 0.07152
106.5 0.04564
4.239 0.3972
62.52 0.2865
21.38 0.1432
17.57 0.1618
182 0.06074
36.92 0.0842
230 0.04755
5.347 0.3374
4.712 0.3661
33.87 0.0776
44.8 0.0745
39.76 0.0745
6.476 1.727
1.914 0.8627
611.5 0.04755
154.4 0.04564
6.113 0.2751
0.8059 1.874
25 0.3514
2.356 0.5736
6.782 0.3514
43.7 0.06591
133.9 0.06865
43.55 0.2865
11.95 0.1905
45.69 0.0745
31.77 0.6224
51.55 0.08771
22.08 0.1167
3.09 0.5736
77.76 0.04953
2.519 0.7951
10.55 0.2336
15.12 0.1319
24.26 0.1076
178.4 0.04564
206.4 0.05159
1142 0.05831
48.24 0.06865
10.23 0.1685
56.09 0.06591
28.08 0.0842
16.05 0.1984
1.305 1.298
256.3 0.05159
5.349 0.3661
13.43 0.1829
6.752 0.2985
11.22 0.1553
1.914 0.7035
8.719 0.1905
2.025 0.7328
7.946 0.2243
13.76 0.1756
26.53 0.09136
97.79 0.0842
2.31 0.7035
8.459 0.2751
2.116 0.8987
25.64 0.1033
244 0.08083
291 0.04755
366.1 0.05159
2151 0.04207
5.243 0.2865
34.6 0.0776
2.186 0.8987
4.504 0.3239
6.291 0.4138
7.018 0.2434
142.9 0.06074
20.73 0.1076
7.196 0.3109
240.5 0.04564
71.53 0.08771
2.998 0.8282
123 0.05831
165.3 0.2067
168.8 0.06591
10.78 0.1756
7.381 0.2985
41.15 0.07152
151.8 0.05598
17.49 0.1756
13.74 0.2336
57.2 0.05374
23.03 0.09517
8.592 0.2336
50.09 0.0745
10.37 0.2336
145.9 0.05598
22.28 0.1167
9.403 0.1905
45.43 0.06327
187 0.05374
30.22 0.1267
48.22 0.06865
1.668 4.6
135.6 0.06327
13.98 0.1374
33.91 0.09914
20.71 0.1267
9.314 0.1905
32.78 0.1076
30.97 0.1267
48.68 0.08083
3.489 0.449
10.51 0.2535
9.343 0.2153
38.43 0.09517
563.1 0.03573
1.005 1.727
14.1 0.1829
23.9 0.1374
24.32 0.1121
47.74 0.06865
31.74 0.09517
20.4 0.1319
17.33 0.1553
69.48 0.0776
1.542 4.416
37.03 0.1033
4.655 0.449
176.1 0.04207
26.9 0.1216
2.784 2.936
95.94 0.06591
9.747 0.2751
173.7 0.04564
6.574 0.2865
49.05 0.06591
78.23 0.09517
21.43 0.1121
5.833 0.2751
37.01 0.09136
3.326 0.449
30.58 0.0745
17.8 0.1319
126.7 0.06074
3.088 0.6224
3.995 0.3972
29.86 0.09136
403.1 0.06591
103 0.04953
2.548 0.5736
6.089 0.3109
16.61 0.1121
3.721 1.874
56.96 0.08083
3.466 0.5286
375.7 0.06591
85 0.06327
51.26 0.06591
1631 0.04755
11.43 0.2641
11.67 0.1829
106.1 0.07152
164.2 0.0776
2.564 0.5975
41.93 0.07152
6.061 0.3109
58.94 0.0842
40.25 0.1216
213.5 0.05159
127 0.05159
227 0.04038
318.5 0.05598
21.25 0.1167
3.828 0.3813
2.231 0.6483
41.14 0.09136
46.64 0.08771
121.1 0.04382
6.139 0.2641
37.47 0.0842
24.48 0.09136
167.5 0.04038
37.46 0.1216
222.8 0.05831
60.4 0.06591
25.78 0.1033
8.557 0.2434
20.22 0.1167
28.66 0.1033
39.22 0.0776
22.18 0.1033
9.884 0.1756
38.46 0.09136
6.034 0.2641
24.08 0.09517
10.3 0.1685
58.47 0.06591
121.5 0.06327
10.72 0.2336
185.9 0.1829
117.3 0.05831
1557 0.04564
69.08 0.05374
4.845 0.4138
39.62 0.06865
82.84 0.08771
17.63 0.1319
0.9262 1.592
80.01 0.05374
9.281 0.2751
4.245 0.431
5.728 0.3109
5.628 0.2865
71.86 0.05374
5.866 0.3109
108 0.06327
15.24 0.1553
65.15 0.06591
5.008 0.3514
365 0.05831
24.79 0.1033
37.79 0.06865
41.96 0.0842
8.038 0.2985
9.17 0.1984
140.3 0.06074
1.721 0.9751
1594 0.2067
3.341 1.952
239 0.05159
134.4 0.04953
40.5 0.0776
8.352 0.2641
33.64 0.0745
21.12 0.1076
43.21 0.1076
14.98 0.1553
11.12 0.2067
5.304 0.3374
16.63 0.1319
49.54 0.06591
9.363 0.2153
54.93 0.07152
83.74 0.06865
1.193 1.408
15.83 0.1553
12.08 0.1685
423.9 0.04207
271 0.04207
5.046 0.3514
55.32 0.1076
201.8 0.06327
37.9 0.0842
32.56 0.09914
46.84 0.08083
129.5 0.05831
29.85 0.1033
6.921 1.058
46.28 0.0745
41.63 0.06865
9.104 0.2336
1.168 1.727
16.41 0.1121
38.19 0.1076
35.4 0.0745
16.97 0.1374
34.44 0.08083
174.1 0.1685
4.989 0.3374
11.67 0.1756
9.135 0.2067
1.41 1.102
50.6 0.1076
17.04 0.1374
73.25 0.07152
76.72 0.06865
6.72 0.2434
25.17 0.1121
40.25 0.0776
49.68 0.0745
35.19 0.09136
44.11 0.09517
29.71 0.08771
29.36 0.09136
3.903 2.494
77.86 0.06327
175 0.08083
7.305 0.3239
21.16 0.1121
39.02 0.08771
30.75 0.09517
81.25 0.05598
61.93 0.09517
53.19 0.05831
15.99 0.1374
17.25 0.1216
78.43 0.05598
43.43 0.1076
5.02 0.3972
43.01 0.3239
436.5 0.04038
4.556 0.3374
23.77 0.1167
4.866 0.3109
15.43 0.1685
3.042 0.4872
162.7 0.04953
405 0.06591
7.677 0.2751
87.48 0.06591
18.85 0.1076
198.3 0.04038
145.1 0.05598
33.41 0.1033
52.87 0.06591
160 0.05159
14.35 0.1984
45.57 0.1216
93.77 0.05831
78.13 0.06074
15.63 0.1905
5.407 0.2865
34.13 0.06865
6.501 0.2751
395.4 0.04953
137.2 0.0745
3.926 0.4677
48.81 0.0776
577.8 0.04564
33.03 0.09136
10.93 0.1984
20.86 0.1167
48.34 0.06074
5.656 0.3109
42.2 0.08083
7.899 0.2641
4.735 0.3374
5.582 0.3109
28.19 0.09517
76.04 0.0745
508.2 0.04207
9.666 0.2243
50.33 0.0745
157 0.04755
65.4 0.06327
15.94 0.1267
11.84 0.1984
2.223 0.7951
38.54 0.09517
7.614 0.2243
0.583 2.598
18.07 0.1905
8.846 0.2067
8.879 0.2243
0.6125 13.3
48.8 0.06865
5.08 0.3514
10.55 0.1618
106 0.06074
29.31 0.09914
67.95 0.05831
32.97 0.0842
24.33 0.1121
6.742 0.3374
12.98 0.1553
4.797 0.3514
62.14 0.05831
7.899 0.7633
28.43 0.09136
1.547 1.352
44.23 0.09517
19.32 0.1167
16.1 0.1553
1.643 11.29
632 0.03573
23.29 0.1167
2.017 0.7633
16.22 0.1432
146.6 0.06591
6.931 0.3239
21.59 0.1374
9.753 0.2067
0.984 1.352
16.15 0.1319
107.2 0.0842
19.62 0.1216
36.16 0.09517
0.6776 2.033
37.24 0.0776
4.934 0.4677
2.382 0.6753
11.26 0.1618
53.99 0.06327
59.94 0.2243
7.786 0.2243
198.7 0.04755
130.4 0.0842
131.7 0.04382
9.135 0.1984
58.69 0.3514
52.45 0.0745
37.82 0.0745
22.57 0.1216
306.1 0.04382
43.19 0.06591
45.71 0.1167
28.68 0.08771
14.54 0.2067
41.86 0.09517
181.5 0.06327
294.8 0.2153
7.769 0.2434
32.05 0.09914
49.87 0.08771
12.55 0.1829
44.83 0.09136
18.99 0.1491
91.83 0.0842
9.27 0.2865
29.94 0.3109
14.5 0.1491
355.1 0.05598
8.062 0.2434
15.44 0.1319
280.9 0.05831
131.4 0.08083
162.1 0.06591
27.02 0.1167
44.36 0.3374
22.24 0.1121
27.47 0.1167
43.32 0.09517
41.34 0.09136
255.5 0.04564
12.76 0.2153
104.8 0.05598
313.8 0.04382
40.16 0.07152
5.392 0.3661
956.7 0.1756
133.4 0.05598
5.588 0.3661
4.043 0.4138
147.1 0.04755
179.9 0.06865
22.71 0.1033
85.99 0.06074
14.85 0.1319
9.767 0.1756
196.5 0.06074
20.84 0.1121
18.24 0.1267
5.192 0.2985
35.62 0.0776
21.63 0.1121
18.4 0.1076
25.65 0.4138
12.36 0.1553
603.9 0.04382
452.2 0.04038
10.4 0.1984
123.2 0.04953
6.674 0.2243
20.69 0.1167
3.532 1.727
39.22 0.1033
6.524 0.2535
18.77 0.1267
113.9 0.06591
6.836 0.2865
5.894 0.2751
26.5 0.08771
23.46 0.1121
12.74 0.5975
27.94 0.08083
25.84 0.1432
86.97 0.06327
7.422 0.2434
206.3 0.05159
4.829 0.431
66.27 0.06865
17.67 0.1267
127.4 0.05374
108.3 0.04953
3.399 0.449
541.1 0.05374
58.55 0.09517
25.8 0.1216
14.49 0.1685
34.33 0.1033
19.66 0.4138
28.55 0.1553
10.3 0.2067
18.76 0.1267
37.39 0.08083
326 0.05831
7.571 0.2067
56.69 0.06865
14.46 0.1618
33.69 0.09914
34.06 0.1121
14.66 0.1432
231 0.05598
8.645 0.2067
27.68 0.08771
12.84 0.1553
1.515 0.9751
47.65 0.09136
15.1 0.1756
932 0.03877
1.261 13.3
61.45 0.08083
63.2 0.06591
20.71 0.1267
19.58 0.1167
23.19 0.1216
60.25 0.06591
42.22 0.09136
41.2 0.08083
1.415 1.467
264.4 0.06865
26.44 0.1121
35.86 0.08083
136.6 0.06327
36.08 0.09517
33.75 0.1267
105.9 0.07152
6.456 0.3374
22.54 0.1121
267.6 0.06865
31.05 0.0745
57.32 0.09914
2.298 0.7633
72.89 0.0776
33.23 0.09914
71.13 0.0776
10.54 0.2865
7.875 0.2751
5.077 1.592
0.8244 1.658
46.43 0.06591
39.05 0.07152
22.34 0.1267
77.76 0.05374
66.88 0.0745
7.892 0.2336
11.83 0.1553
25.98 0.1033
16.06 0.1267
48.41 0.09136
125.9 0.05598
14.73 0.1432
4.279 0.3514
2.156 0.7951
11.12 0.6224
46.36 0.06865
81.02 0.0776
33.86 0.0745
3.906 0.431
3.362 0.5075
67.34 0.0776
16.27 0.1756
24.99 0.09914
54.36 0.0745
12.59 0.1618
693.4 0.05374
132.7 0.07152
43.88 0.1121
29.88 0.09136
2.224 0.7328
17.19 0.1216
66.13 0.08771
18.64 0.5286
17.94 0.1267
4.441 0.3813
115 0.05831
7.833 0.2153
4.977 0.3661
12.95 0.1553
3.637 0.5975
26.74 0.09136
18.95 0.1076
314 0.03877
14.35 0.1553
5.565 0.4138
6.44 0.2751
13.37 0.1618
156.1 0.04564
14.37 0.1267
13.07 0.1618
4.059 0.3661
6.756 0.3374
3.73 0.5736
16.04 0.1685
755 0.04038
4.225 0.431
4.8 0.2985
766 0.05598
11.16 0.1618
66.84 0.06074
7.631 0.2434
40.26 0.0842
63.42 0.08083
171.7 0.04207
242.3 0.05598
68.98 0.06327
66.03 0.09914
5.955 0.2865
45.68 0.09914
4.758 0.4677
80.91 0.06074
4.408 0.449
1.265 1.408
44.93 0.08083
119.5 0.07152
26.25 0.09517
27.47 0.09517
4.337 1.467
6.665 0.2535
52.5 0.06327
5.751 0.2751
11.04 0.1756
8.892 0.2434
63.72 0.07152
4.437 0.4872
7.104 0.2243
2.8 0.5286
73.97 0.08083
159.2 0.07152
767.9 0.03722
129.1 0.07152
40.14 0.1216
152.2 0.05831
791.6 0.05598
95.83 0.05831
22.41 0.1216
15.84 0.1167
55.04 0.08083
17.19 0.1685
13.72 0.1319
49.42 0.08771
17.35 0.1121
41.7 0.09136
28.56 0.09517
11.02 0.2641
24.6 0.1033
5.041 0.3109
55.13 0.07152
28.66 0.1216
1.75 0.8282
20.79 0.1216
16.21 0.1905
2.917 0.5975
19.33 0.1033
146.6 0.04382
66.19 0.06865
11.66 0.1905
2.317 0.8282
39.29 0.0842
7.179 0.3109
234.1 0.06865
4.468 0.5075
112.4 0.06591
32.34 0.08771
65.31 0.06865
9.022 0.1905
50.29 0.09517
11.08 0.1829
6.811 0.2865
8.552 0.2336
94.22 0.06865
28.97 0.09136
6.685 0.2751
2251 0.05831
7.853 0.2153
150.1 0.05374
42.99 0.07152
15.85 0.1216
28.23 0.0842
39.3 0.07152
4.413 0.4677
16.49 0.1267
380.5 0.04953
5.237 0.3813
20.32 0.09914
1.897 0.7328
15.38 0.1267
7.517 0.2751
261.8 0.04382
6.363 0.3374
21.05 0.1267
121.4 0.06327
166.1 0.04953
47.13 0.0745
207.5 0.0776
4.147 0.4872
13.88 0.1267
45.13 0.08771
2.262 0.7633
58.11 0.06591
193.8 0.04207
81.85 0.05598
12.93 0.1685
79.95 0.05374
40.08 0.07152
32.28 0.1121
1.291 1.298
1.004 1.874
6.416 0.2865
174.6 0.04755
33.21 0.0842
45.49 0.09517
232.9 0.03722
110.7 0.0745
118 0.05831
61.14 0.06591
1.183 1.467
25.64 0.08771
64.04 0.05831
4.026 0.4872
80.97 0.04953
66.71 0.0776
2.067 0.6753
26.35 0.1491
59.68 0.06327
58.67 0.07152
92.81 0.05598
1.031 1.528
27.91 0.1121
14 0.1685
112.9 0.06865
102.6 0.09517
60.44 0.06591
144.8 0.05598
77.32 0.05598
5.94 0.2535
2.527 0.7328
16.23 0.1685
162.3 0.06327
299 0.05374
4.651 0.4138
36.34 0.08083
2.972 0.5506
155 0.06327
4.081 0.431
64.26 0.06074
15.18 0.1374
43.05 0.08771
34.2 0.1121
23.3 0.1216
15.3 0.2067
56.93 0.07152
31.15 0.08771
9.438 0.1984
8.278 0.7633
20.1 0.1491
81.42 0.05374
8.668 0.2153
25.87 0.1076
9.323 0.1984
18.85 0.1121
30.96 0.1319
37.11 0.0745
13.2 0.2067
21 0.1216
19.45 0.09914
45.7 0.0842
74.6 0.06591
61.76 0.06865
208.7 0.04953
1008 0.03877
21.7 0.1267
10.51 0.1829
21.86 0.1121
9.671 0.1984
15.65 0.1267
13.07 0.1685
9.249 0.2067
71.21 0.05831
222 0.04564
18.93 0.1267
172.1 0.0776
73.04 0.04953
80.21 0.08771
14.22 0.2067
28.84 0.09517
57.33 0.06865
36.75 0.0842
20.15 0.1076
5.942 0.2751
59.82 0.06074
111.5 0.0776
73.57 0.05598
45.78 0.09914
92.2 0.06074
106.8 0.04953
14.77 0.1553
236.4 0.04953
112.3 0.0776
153 0.04953
29.58 0.08771
60.86 0.08083
100.6 0.05374
1.987 0.7035
64.14 0.08771
34.27 0.09136
18.24 0.1553
8.615 0.1984
3.42 0.449
14.87 0.1685
56.5 0.06865
61.14 0.08083
9.131 0.2153
12.05 0.1432
141.4 0.06591
205 0.05374
18.59 0.4872
550.2 0.05374
25.45 0.1033
167.4 0.04207
10.95 0.1553
129.7 0.05374
225.2 0.04564
208.7 0.04564
373.5 0.06865
14.03 0.1432
73.86 0.09136
242 0.0776
26.66 0.09914
3.278 0.5286
93.95 0.05831
