it a1 a2 a3
0 0.33333 0.33333 0.33333
1 0.36402 0.33595 0.30004
2 0.38291 0.33162 0.28547
3 0.39513 0.32587 0.27899
4 0.40343 0.32056 0.27601
5 0.40926 0.31617 0.27456
6 0.41348 0.3127 0.27381
7 0.41659 0.31002 0.27339
8 0.4189 0.30797 0.27313
9 0.42064 0.3064 0.27296
10 0.42194 0.30521 0.27285
11 0.42293 0.3043 0.27277
12 0.42368 0.30361 0.27271
13 0.42425 0.30308 0.27267
14 0.42468 0.30269 0.27263
15 0.42501 0.30238 0.27261
16 0.42525 0.30215 0.27259
17 0.42544 0.30198 0.27258
18 0.42559 0.30184 0.27257
19 0.4257 0.30174 0.27256
20 0.42578 0.30167 0.27255
21 0.42584 0.30161 0.27255
22 0.42589 0.30156 0.27255
23 0.42593 0.30153 0.27254
24 0.42596 0.3015 0.27254
25 0.42598 0.30148 0.27254
26 0.42599 0.30147 0.27254
27 0.42601 0.30146 0.27254
28 0.42602 0.30145 0.27254
29 0.42602 0.30144 0.27254
30 0.42603 0.30144 0.27254
31 0.42603 0.30143 0.27254
32 0.42604 0.30143 0.27254
33 0.42604 0.30143 0.27254
34 0.42604 0.30142 0.27254
35 0.42604 0.30142 0.27254
36 0.42604 0.30142 0.27254
37 0.42604 0.30142 0.27254
38 0.42604 0.30142 0.27254
39 0.42604 0.30142 0.27254
40 0.42604 0.30142 0.27254
