it ll
0 -8.5781
1 -2.9483
2 -1.2961
3 -0.66227
4 -0.36186
5 -0.20319
6 -0.11546
7 -0.066014
8 -0.03788
9 -0.02179
10 -0.012556
11 -0.0072447
12 -0.0041841
13 -0.0024183
14 -0.0013985
15 -0.00080904
16 -0.0004682
17 -0.00027102
18 -0.00015691
19 -9.0857e-05
20 -5.2615e-05
21 -3.0472e-05
22 -1.7648e-05
23 -1.0222e-05
24 -5.9204e-06
25 -3.429e-06
26 -1.9859e-06
27 -1.15e-06
28 -6.6575e-07
29 -3.8526e-07
30 -2.2278e-07
31 -1.2865e-07
32 -7.4126e-08
33 -4.2541e-08
34 -2.4243e-08
35 -1.3644e-08
36 -7.5033e-09
37 -3.9454e-09
38 -1.8845e-09
39 -6.9303e-10
40 0
