i r
1 15
6 13.55
11 10.94
16 10.23
21 9.387
26 8.787
31 8.498
36 8.245
41 7.745
46 7.365
51 6.813
56 6.545
61 6.096
66 5.793
71 5.645
76 5.451
81 5.295
86 5.157
91 5.08
96 5.007
101 4.887
106 4.739
111 4.581
116 4.536
121 4.42
126 4.366
131 4.289
136 4.142
141 4.002
146 3.885
151 3.813
156 3.764
161 3.717
166 3.62
171 3.567
176 3.447
181 3.412
186 3.365
191 3.337
196 3.272
201 3.228
206 3.182
211 3.117
216 3.033
221 3
226 2.963
231 2.941
236 2.924
241 2.896
246 2.852
251 2.793
256 2.773
261 2.726
266 2.688
271 2.66
276 2.626
281 2.608
286 2.564
291 2.542
296 2.512
301 2.496
306 2.478
311 2.461
316 2.432
321 2.408
326 2.393
331 2.37
336 2.355
341 2.336
346 2.328
351 2.31
356 2.281
361 2.266
366 2.255
371 2.245
376 2.226
381 2.215
386 2.199
391 2.188
396 2.165
401 2.148
406 2.139
411 2.114
416 2.103
421 2.085
426 2.075
431 2.066
436 2.063
441 2.059
446 2.041
451 2.03
456 2.021
461 2.013
466 2
471 1.991
476 1.982
481 1.976
486 1.967
491 1.961
496 1.956
501 1.948
506 1.93
511 1.92
516 1.912
521 1.902
526 1.881
531 1.871
536 1.868
541 1.862
546 1.854
551 1.848
556 1.841
561 1.839
566 1.832
571 1.82
576 1.816
581 1.806
586 1.798
591 1.789
596 1.779
601 1.771
606 1.761
611 1.759
616 1.751
621 1.747
626 1.743
631 1.732
636 1.722
641 1.712
646 1.701
651 1.698
656 1.692
661 1.687
666 1.685
671 1.678
676 1.674
681 1.669
686 1.658
691 1.652
696 1.645
701 1.634
706 1.632
711 1.626
716 1.618
721 1.612
726 1.608
731 1.597
736 1.591
741 1.585
746 1.58
751 1.577
756 1.573
761 1.568
766 1.563
771 1.558
776 1.554
781 1.548
786 1.546
791 1.543
796 1.54
801 1.536
806 1.53
811 1.527
816 1.524
821 1.518
826 1.509
831 1.504
836 1.5
841 1.495
846 1.486
851 1.48
856 1.476
861 1.472
866 1.47
871 1.467
876 1.463
881 1.462
886 1.459
891 1.454
896 1.448
901 1.441
906 1.436
911 1.431
916 1.428
921 1.425
926 1.42
931 1.418
936 1.417
941 1.413
946 1.412
951 1.405
956 1.4
961 1.399
966 1.395
971 1.39
976 1.384
981 1.377
986 1.376
991 1.371
996 1.367
1001 1.362
1006 1.359
1011 1.353
1016 1.349
1021 1.348
1026 1.345
1031 1.344
1036 1.339
1041 1.336
1046 1.331
1051 1.326
1056 1.325
1061 1.319
1066 1.317
1071 1.311
1076 1.308
1081 1.304
1086 1.301
1091 1.299
1096 1.296
1101 1.295
1106 1.291
1111 1.287
1116 1.281
1121 1.274
1126 1.271
1131 1.269
1136 1.266
1141 1.262
1146 1.257
1151 1.255
1156 1.253
1161 1.25
1166 1.245
1171 1.241
1176 1.239
1181 1.234
1186 1.233
1191 1.23
1196 1.226
1201 1.225
1206 1.223
1211 1.221
1216 1.219
1221 1.215
1226 1.213
1231 1.21
1236 1.208
1241 1.203
1246 1.2
1251 1.198
1256 1.194
1261 1.193
1266 1.189
1271 1.184
1276 1.183
1281 1.18
1286 1.177
1291 1.174
1296 1.173
1301 1.171
1306 1.164
1311 1.157
1316 1.153
1321 1.151
1326 1.149
1331 1.148
1336 1.146
1341 1.144
1346 1.142
1351 1.139
1356 1.136
1361 1.134
1366 1.132
1371 1.13
1376 1.128
1381 1.126
1386 1.125
1391 1.123
1396 1.121
1401 1.116
1406 1.113
1411 1.109
1416 1.107
1421 1.104
1426 1.1
1431 1.096
1436 1.091
1441 1.089
1446 1.088
1451 1.084
1456 1.081
1461 1.079
1466 1.078
1471 1.075
1476 1.071
1481 1.07
1486 1.068
1491 1.066
1496 1.065
1501 1.062
1506 1.06
1511 1.057
1516 1.052
1521 1.05
1526 1.047
1531 1.044
1536 1.04
1541 1.038
1546 1.034
1551 1.033
1556 1.032
1561 1.029
1566 1.027
1571 1.026
1576 1.023
1581 1.021
1586 1.019
1591 1.018
1596 1.015
1601 1.014
1606 1.012
1611 1.011
1616 1.009
1621 1.005
1626 1.002
1631 0.9995
1636 0.995
1641 0.9938
1646 0.9906
1651 0.9887
1656 0.9871
1661 0.9854
1666 0.9814
1671 0.9792
1676 0.9759
1681 0.9746
1686 0.9739
1691 0.9704
1696 0.9688
1701 0.9669
1706 0.9638
1711 0.9622
1716 0.9591
1721 0.9576
1726 0.956
1731 0.9554
1736 0.9537
1741 0.9506
1746 0.9492
1751 0.9465
1756 0.9453
1761 0.9433
1766 0.9398
1771 0.9383
1776 0.9375
1781 0.9354
1786 0.9347
1791 0.9327
1796 0.9312
1801 0.9292
1806 0.9277
1811 0.9256
1816 0.9227
1821 0.9209
1826 0.919
1831 0.917
1836 0.9159
1841 0.9108
1846 0.9081
1851 0.9053
1856 0.9037
1861 0.9006
1866 0.8999
1871 0.8985
1876 0.897
1881 0.8952
1886 0.8941
1891 0.893
1896 0.8915
1901 0.8897
1906 0.8872
1911 0.8825
1916 0.8804
1921 0.8784
1926 0.8763
1931 0.874
1936 0.8729
1941 0.8706
1946 0.8693
1951 0.8665
1956 0.8638
1961 0.8621
1966 0.8597
1971 0.8584
1976 0.857
1981 0.8544
1986 0.8509
1991 0.8499
1996 0.8468
2001 0.8461
2006 0.8454
2011 0.8444
2016 0.8412
2021 0.8403
2026 0.8387
2031 0.8349
2036 0.833
2041 0.8316
2046 0.8287
2051 0.826
2056 0.824
2061 0.8218
2066 0.819
2071 0.8169
2076 0.8148
2081 0.8127
2086 0.811
2091 0.81
2096 0.8078
2101 0.8065
2106 0.8051
2111 0.8038
2116 0.8004
2121 0.7981
2126 0.7971
2131 0.7953
2136 0.7908
2141 0.7872
2146 0.7848
2151 0.7821
2156 0.7784
2161 0.7762
2166 0.7748
2171 0.7735
2176 0.7679
2181 0.7649
2186 0.7638
2191 0.763
2196 0.7611
2201 0.7587
2206 0.7574
2211 0.7563
2216 0.755
2221 0.753
2226 0.7515
2231 0.7502
2236 0.7483
2241 0.7453
2246 0.7439
2251 0.7423
2256 0.7409
2261 0.7395
2266 0.7382
2271 0.7359
2276 0.7335
2281 0.731
2286 0.7299
2291 0.7278
2296 0.7265
2301 0.7251
2306 0.7242
2311 0.7215
2316 0.7201
2321 0.7182
2326 0.7173
2331 0.7154
2336 0.7128
2341 0.7117
2346 0.7097
2351 0.7091
2356 0.7071
2361 0.7063
2366 0.704
2371 0.7007
2376 0.6984
2381 0.6964
2386 0.6946
2391 0.6917
2396 0.6903
2401 0.6896
2406 0.6888
2411 0.688
2416 0.6856
2421 0.6841
2426 0.6833
2431 0.6812
2436 0.6774
2441 0.6767
2446 0.6757
2451 0.6741
2456 0.6701
2461 0.6692
2466 0.6679
2471 0.6647
2476 0.6634
2481 0.6615
2486 0.6586
2491 0.658
2496 0.6564
2501 0.6537
2506 0.651
2511 0.65
2516 0.6489
2521 0.646
2526 0.6446
2531 0.6439
2536 0.6408
2541 0.6405
2546 0.6387
2551 0.6362
2556 0.6346
2561 0.6336
2566 0.6331
2571 0.6323
2576 0.6313
2581 0.6294
2586 0.6276
2591 0.6266
2596 0.6256
2601 0.6245
2606 0.6223
2611 0.6203
2616 0.6179
2621 0.6164
2626 0.6155
2631 0.6143
2636 0.6133
2641 0.6116
2646 0.6104
2651 0.6092
2656 0.6083
2661 0.6078
2666 0.6067
2671 0.606
2676 0.6045
2681 0.6025
2686 0.6017
2691 0.6002
2696 0.5994
2701 0.5979
2706 0.5956
2711 0.5937
2716 0.5904
2721 0.5894
2726 0.587
2731 0.5861
2736 0.5851
2741 0.5833
2746 0.5824
2751 0.5798
2756 0.578
2761 0.5771
2766 0.5737
2771 0.5726
2776 0.5707
2781 0.5686
2786 0.5671
2791 0.5643
2796 0.5631
2801 0.5624
2806 0.5602
2811 0.559
2816 0.5584
2821 0.5574
2826 0.5568
2831 0.555
2836 0.5536
2841 0.5497
2846 0.5484
2851 0.5474
2856 0.546
2861 0.5446
2866 0.5432
2871 0.5425
2876 0.5408
2881 0.54
2886 0.5385
2891 0.5372
2896 0.5363
2901 0.5343
2906 0.5326
2911 0.5304
2916 0.5293
2921 0.5284
2926 0.5266
2931 0.5242
2936 0.5234
2941 0.5225
2946 0.5216
2951 0.5191
2956 0.518
2961 0.5171
2966 0.5138
2971 0.5125
2976 0.5106
2981 0.5096
2986 0.5079
2991 0.5067
2996 0.5056
3001 0.5043
3006 0.502
3011 0.5002
3016 0.4985
3021 0.4978
3026 0.4965
3031 0.4947
3036 0.4925
3041 0.4904
3046 0.4888
3051 0.4855
3056 0.4828
3061 0.4814
3066 0.4801
3071 0.4772
3076 0.4767
3081 0.4749
3086 0.4737
3091 0.4728
3096 0.4708
3101 0.4692
3106 0.4677
3111 0.4673
3116 0.4663
3121 0.4654
3126 0.4644
3131 0.4629
3136 0.4624
3141 0.4601
3146 0.4594
3151 0.4579
3156 0.4567
3161 0.4563
3166 0.4548
3171 0.4534
3176 0.452
3181 0.4511
3186 0.4486
3191 0.4466
3196 0.4454
3201 0.4443
3206 0.4435
3211 0.4426
3216 0.4406
3221 0.44
3226 0.4388
3231 0.4377
3236 0.4362
3241 0.4348
3246 0.4329
3251 0.4312
3256 0.4295
3261 0.4294
3266 0.4275
3271 0.4268
3276 0.4252
3281 0.4244
3286 0.4229
3291 0.4216
3296 0.4204
3301 0.419
3306 0.4179
3311 0.4171
3316 0.4158
3321 0.415
3326 0.4137
3331 0.4131
3336 0.4121
3341 0.4089
3346 0.4081
3351 0.407
3356 0.406
3361 0.4049
3366 0.4037
3371 0.4016
3376 0.4
3381 0.3974
3386 0.3968
3391 0.3952
3396 0.3934
3401 0.3924
3406 0.3912
3411 0.3894
3416 0.388
3421 0.387
3426 0.3855
3431 0.3851
3436 0.3819
3441 0.3797
3446 0.3782
3451 0.3771
3456 0.3758
3461 0.3752
3466 0.3745
3471 0.3726
3476 0.3716
3481 0.37
3486 0.3689
3491 0.3672
3496 0.3661
3501 0.3652
3506 0.3636
3511 0.3623
3516 0.3599
3521 0.3586
3526 0.3554
3531 0.3546
3536 0.3531
3541 0.3516
3546 0.3494
3551 0.3486
3556 0.347
3561 0.3434
3566 0.3424
3571 0.3408
3576 0.3391
3581 0.3378
3586 0.336
3591 0.3346
3596 0.334
3601 0.3335
3606 0.3324
3611 0.3302
3616 0.3278
3621 0.3256
3626 0.3242
3631 0.3233
3636 0.3217
3641 0.3209
3646 0.3198
3651 0.3182
3656 0.3173
3661 0.3165
3666 0.315
3671 0.3138
3676 0.3115
3681 0.3105
3686 0.3084
3691 0.3072
3696 0.305
3701 0.3044
3706 0.3032
3711 0.3022
3716 0.3009
3721 0.2999
3726 0.2981
3731 0.2955
3736 0.2935
3741 0.2927
3746 0.2916
3751 0.2903
3756 0.2893
3761 0.2867
3766 0.2849
3771 0.2835
3776 0.2812
3781 0.2794
3786 0.2775
3791 0.276
3796 0.2745
3801 0.273
3806 0.271
3811 0.2698
3816 0.269
3821 0.2668
3826 0.2648
3831 0.2635
3836 0.2631
3841 0.2618
3846 0.2606
3851 0.2601
3856 0.2585
3861 0.2556
3866 0.2545
3871 0.2531
3876 0.2518
3881 0.2504
3886 0.2498
3891 0.2487
3896 0.2476
3901 0.2468
3906 0.2444
3911 0.243
3916 0.2409
3921 0.24
3926 0.2386
3931 0.2374
3936 0.2361
3941 0.2348
3946 0.2328
3951 0.2306
3956 0.23
3961 0.227
3966 0.226
3971 0.225
3976 0.2236
3981 0.222
3986 0.2209
3991 0.2191
3996 0.2178
4001 0.2172
4006 0.216
4011 0.215
4016 0.2141
4021 0.2131
4026 0.2117
4031 0.2109
4036 0.2103
4041 0.2097
4046 0.2083
4051 0.2078
4056 0.2067
4061 0.2057
4066 0.2038
4071 0.2025
4076 0.2004
4081 0.1993
4086 0.1988
4091 0.1965
4096 0.1959
4101 0.1955
4106 0.1942
4111 0.1922
4116 0.1906
4121 0.1895
4126 0.1876
4131 0.186
4136 0.1846
4141 0.183
4146 0.181
4151 0.1795
4156 0.1787
4161 0.177
4166 0.176
4171 0.1751
4176 0.1742
4181 0.1731
4186 0.1716
4191 0.1701
4196 0.1691
4201 0.1682
4206 0.1672
4211 0.1667
4216 0.1655
4221 0.164
4226 0.1631
4231 0.1625
4236 0.1619
4241 0.1606
4246 0.1591
4251 0.158
4256 0.1571
4261 0.1561
4266 0.1551
4271 0.1535
4276 0.152
4281 0.1511
4286 0.1491
4291 0.1479
4296 0.1467
4301 0.1464
4306 0.1457
4311 0.1451
4316 0.1443
4321 0.1408
4326 0.1388
4331 0.138
4336 0.1365
4341 0.1351
4346 0.1328
4351 0.1322
4356 0.1301
4361 0.1291
4366 0.1282
4371 0.1275
4376 0.1262
4381 0.1253
4386 0.1244
4391 0.1232
4396 0.1222
4401 0.1199
4406 0.1188
4411 0.1172
4416 0.1164
4421 0.1157
4426 0.1134
4431 0.1125
4436 0.1116
4441 0.1109
4446 0.1101
4451 0.1096
4456 0.1077
4461 0.1068
4466 0.1053
4471 0.1043
4476 0.1029
4481 0.1009
4486 0.1
4491 0.09958
4496 0.09897
4501 0.09728
4506 0.09615
4511 0.09515
4516 0.09399
4521 0.09308
4526 0.09131
4531 0.08994
4536 0.08934
4541 0.08883
4546 0.08754
4551 0.08625
4556 0.08494
4561 0.08393
4566 0.08307
4571 0.08167
4576 0.08059
4581 0.0795
4586 0.07831
4591 0.0765
4596 0.07538
4601 0.07447
4606 0.07346
4611 0.07258
4616 0.0716
4621 0.0706
4626 0.07013
4631 0.06843
4636 0.06617
4641 0.06434
4646 0.06344
4651 0.06175
4656 0.05998
4661 0.05857
4666 0.05816
4671 0.05741
4676 0.05537
4681 0.0539
4686 0.05237
4691 0.05108
4696 0.04893
4701 0.04704
4706 0.04484
4711 0.0433
4716 0.0424
4721 0.04152
4726 0.04057
4731 0.03939
4736 0.038
4741 0.0372
4746 0.03561
4751 0.03482
4756 0.03198
4761 0.03013
4766 0.02882
4771 0.02835
4776 0.02663
4781 0.02612
4786 0.02332
4791 0.02228
4796 0.0205
4801 0.01938
4806 0.01705
4811 0.0157
4816 0.01493
4821 0.01314
4826 0.01159
4831 0.009955
4836 0.009407
4841 0.008197
4846 0.006851
4851 0.004976
4856 0.004155
4861 0.002649
4866 0.001526
4871 0.0004796
4876 1.573e-05
4881 1.573e-05
4886 1.573e-05
4891 1.573e-05
4896 1.573e-05
4901 -9.018e-06
4906 -9.686e-06
4911 -1.37e-05
4916 -1.655e-05
4921 -2.023e-05
4926 -2.293e-05
4931 -2.929e-05
4936 -0.001133
4941 -0.002164
4946 -0.003702
4951 -0.004908
4956 -0.006445
4961 -0.007439
4966 -0.008723
4971 -0.009579
4976 -0.01145
4981 -0.01388
4986 -0.01555
4991 -0.017
4996 -0.01905
5001 -0.02024
5006 -0.02121
5011 -0.02275
5016 -0.02479
5021 -0.02582
5026 -0.02666
5031 -0.02758
5036 -0.02902
5041 -0.0296
5046 -0.03053
5051 -0.031
5056 -0.03236
5061 -0.03418
5066 -0.03576
5071 -0.03751
5076 -0.03838
5081 -0.03913
5086 -0.04124
5091 -0.04254
5096 -0.04448
5101 -0.04583
5106 -0.04862
5111 -0.04954
5116 -0.05007
5121 -0.05086
5126 -0.05206
5131 -0.05324
5136 -0.05484
5141 -0.05626
5146 -0.0581
5151 -0.0593
5156 -0.0606
5161 -0.06155
5166 -0.06254
5171 -0.06338
5176 -0.06412
5181 -0.06494
5186 -0.06587
5191 -0.06836
5196 -0.06959
5201 -0.07129
5206 -0.0722
5211 -0.07488
5216 -0.07659
5221 -0.07804
5226 -0.07902
5231 -0.07992
5236 -0.08176
5241 -0.08229
5246 -0.08285
5251 -0.0846
5256 -0.08525
5261 -0.08603
5266 -0.08655
5271 -0.08814
5276 -0.08903
5281 -0.09074
5286 -0.09341
5291 -0.09548
5296 -0.09622
5301 -0.09711
5306 -0.09811
5311 -0.09849
5316 -0.1002
5321 -0.1018
5326 -0.1024
5331 -0.1033
5336 -0.1043
5341 -0.1055
5346 -0.1066
5351 -0.1078
5356 -0.109
5361 -0.1108
5366 -0.1127
5371 -0.1137
5376 -0.1161
5381 -0.1171
5386 -0.1177
5391 -0.1207
5396 -0.1215
5401 -0.1228
5406 -0.1239
5411 -0.1261
5416 -0.1269
5421 -0.1274
5426 -0.1284
5431 -0.1293
5436 -0.1309
5441 -0.1327
5446 -0.134
5451 -0.135
5456 -0.136
5461 -0.137
5466 -0.1379
5471 -0.1384
5476 -0.1392
5481 -0.14
5486 -0.1409
5491 -0.1438
5496 -0.1451
5501 -0.1461
5506 -0.1475
5511 -0.1495
5516 -0.1505
5521 -0.1509
5526 -0.1514
5531 -0.1536
5536 -0.1545
5541 -0.1559
5546 -0.1576
5551 -0.1585
5556 -0.1597
5561 -0.1601
5566 -0.1623
5571 -0.1648
5576 -0.1658
5581 -0.1668
5586 -0.1677
5591 -0.1692
5596 -0.1708
5601 -0.1724
5606 -0.1735
5611 -0.1745
5616 -0.1762
5621 -0.1772
5626 -0.1792
5631 -0.1806
5636 -0.1809
5641 -0.1816
5646 -0.1831
5651 -0.1845
5656 -0.1867
5661 -0.1885
5666 -0.1912
5671 -0.1925
5676 -0.1947
5681 -0.1966
5686 -0.1983
5691 -0.1996
5696 -0.2006
5701 -0.2028
5706 -0.2041
5711 -0.2047
5716 -0.2065
5721 -0.2074
5726 -0.2086
5731 -0.2094
5736 -0.2104
5741 -0.2116
5746 -0.2131
5751 -0.2141
5756 -0.2156
5761 -0.217
5766 -0.219
5771 -0.2201
5776 -0.2213
5781 -0.223
5786 -0.2243
5791 -0.225
5796 -0.2253
5801 -0.2265
5806 -0.2282
5811 -0.2301
5816 -0.2308
5821 -0.2315
5826 -0.2325
5831 -0.2355
5836 -0.2369
5841 -0.2382
5846 -0.2393
5851 -0.2407
5856 -0.2427
5861 -0.2445
5866 -0.2467
5871 -0.2495
5876 -0.2511
5881 -0.253
5886 -0.2546
5891 -0.2553
5896 -0.2564
5901 -0.2575
5906 -0.2593
5911 -0.2614
5916 -0.2626
5921 -0.2637
5926 -0.2656
5931 -0.2662
5936 -0.267
5941 -0.2681
5946 -0.2693
5951 -0.2709
5956 -0.2714
5961 -0.2728
5966 -0.2744
5971 -0.276
5976 -0.2768
5981 -0.2782
5986 -0.2799
5991 -0.2807
5996 -0.2815
6001 -0.2837
6006 -0.2868
6011 -0.2876
6016 -0.2884
6021 -0.2892
6026 -0.2909
6031 -0.2913
6036 -0.2921
6041 -0.2928
6046 -0.2943
6051 -0.2967
6056 -0.2981
6061 -0.299
6066 -0.3002
6071 -0.3009
6076 -0.3023
6081 -0.3035
6086 -0.3043
6091 -0.3053
6096 -0.306
6101 -0.3069
6106 -0.3079
6111 -0.3093
6116 -0.3101
6121 -0.3137
6126 -0.3149
6131 -0.3155
6136 -0.316
6141 -0.3166
6146 -0.3181
6151 -0.3194
6156 -0.3204
6161 -0.3222
6166 -0.3235
6171 -0.3247
6176 -0.3257
6181 -0.3272
6186 -0.328
6191 -0.3292
6196 -0.3305
6201 -0.3315
6206 -0.3318
6211 -0.3325
6216 -0.3339
6221 -0.3349
6226 -0.3364
6231 -0.3376
6236 -0.3382
6241 -0.3397
6246 -0.3406
6251 -0.3416
6256 -0.3431
6261 -0.3456
6266 -0.3471
6271 -0.3486
6276 -0.349
6281 -0.35
6286 -0.3514
6291 -0.3531
6296 -0.3546
6301 -0.3562
6306 -0.3573
6311 -0.3585
6316 -0.3591
6321 -0.3606
6326 -0.3609
6331 -0.3622
6336 -0.3634
6341 -0.3656
6346 -0.3663
6351 -0.3676
6356 -0.3687
6361 -0.3697
6366 -0.3705
6371 -0.3714
6376 -0.3726
6381 -0.3746
6386 -0.3755
6391 -0.3779
6396 -0.3794
6401 -0.3811
6406 -0.383
6411 -0.384
6416 -0.3855
6421 -0.386
6426 -0.3881
6431 -0.3892
6436 -0.3907
6441 -0.3925
6446 -0.3944
6451 -0.395
6456 -0.3964
6461 -0.3973
6466 -0.3982
6471 -0.3999
6476 -0.4011
6481 -0.402
6486 -0.4047
6491 -0.4059
6496 -0.4076
6501 -0.4096
6506 -0.4104
6511 -0.4113
6516 -0.4118
6521 -0.4128
6526 -0.415
6531 -0.416
6536 -0.4173
6541 -0.4197
6546 -0.4207
6551 -0.4221
6556 -0.4231
6561 -0.4237
6566 -0.4251
6571 -0.4262
6576 -0.4272
6581 -0.4276
6586 -0.4289
6591 -0.4298
6596 -0.4308
6601 -0.4329
6606 -0.4342
6611 -0.4354
6616 -0.4364
6621 -0.4377
6626 -0.4388
6631 -0.4401
6636 -0.4416
6641 -0.4427
6646 -0.4445
6651 -0.4461
6656 -0.4471
6661 -0.449
6666 -0.4498
6671 -0.4507
6676 -0.4523
6681 -0.4535
6686 -0.4547
6691 -0.4567
6696 -0.4583
6701 -0.4596
6706 -0.4607
6711 -0.4621
6716 -0.4631
6721 -0.4668
6726 -0.4678
6731 -0.4686
6736 -0.4696
6741 -0.4723
6746 -0.4738
6751 -0.4753
6756 -0.4761
6761 -0.4766
6766 -0.4778
6771 -0.4804
6776 -0.4821
6781 -0.483
6786 -0.484
6791 -0.4857
6796 -0.4868
6801 -0.4888
6806 -0.4903
6811 -0.4923
6816 -0.4929
6821 -0.4942
6826 -0.4962
6831 -0.497
6836 -0.4985
6841 -0.4995
6846 -0.5016
6851 -0.5039
6856 -0.5047
6861 -0.506
6866 -0.5074
6871 -0.5089
6876 -0.5102
6881 -0.5132
6886 -0.5137
6891 -0.5145
6896 -0.516
6901 -0.5184
6906 -0.5194
6911 -0.521
6916 -0.5228
6921 -0.5244
6926 -0.5253
6931 -0.5275
6936 -0.5305
6941 -0.5322
6946 -0.5337
6951 -0.5351
6956 -0.5363
6961 -0.5377
6966 -0.5385
6971 -0.5397
6976 -0.5405
6981 -0.5422
6986 -0.5434
6991 -0.5442
6996 -0.5466
7001 -0.548
7006 -0.549
7011 -0.5501
7016 -0.5524
7021 -0.5529
7026 -0.554
7031 -0.5549
7036 -0.5557
7041 -0.5569
7046 -0.5581
7051 -0.5608
7056 -0.5617
7061 -0.5632
7066 -0.5654
7071 -0.5674
7076 -0.5694
7081 -0.5704
7086 -0.5729
7091 -0.575
7096 -0.5768
7101 -0.579
7106 -0.5798
7111 -0.5811
7116 -0.5824
7121 -0.5835
7126 -0.5854
7131 -0.5887
7136 -0.5901
7141 -0.5908
7146 -0.5922
7151 -0.5932
7156 -0.5946
7161 -0.5955
7166 -0.5971
7171 -0.5992
7176 -0.6002
7181 -0.601
7186 -0.6018
7191 -0.6032
7196 -0.6042
7201 -0.6053
7206 -0.6068
7211 -0.6086
7216 -0.6131
7221 -0.6139
7226 -0.6145
7231 -0.6164
7236 -0.6178
7241 -0.6189
7246 -0.6199
7251 -0.621
7256 -0.6233
7261 -0.624
7266 -0.6256
7271 -0.6281
7276 -0.6297
7281 -0.6315
7286 -0.6336
7291 -0.635
7296 -0.6368
7301 -0.64
7306 -0.6411
7311 -0.642
7316 -0.6428
7321 -0.6452
7326 -0.6464
7331 -0.6488
7336 -0.6506
7341 -0.653
7346 -0.6537
7351 -0.6554
7356 -0.6583
7361 -0.6604
7366 -0.6627
7371 -0.6654
7376 -0.6671
7381 -0.6692
7386 -0.6729
7391 -0.6746
7396 -0.6762
7401 -0.678
7406 -0.6786
7411 -0.6809
7416 -0.6817
7421 -0.6843
7426 -0.6865
7431 -0.6877
7436 -0.6893
7441 -0.6897
7446 -0.691
7451 -0.693
7456 -0.6943
7461 -0.696
7466 -0.6964
7471 -0.6976
7476 -0.6995
7481 -0.701
7486 -0.7024
7491 -0.7044
7496 -0.7059
7501 -0.7067
7506 -0.7085
7511 -0.7096
7516 -0.7117
7521 -0.7139
7526 -0.7149
7531 -0.7159
7536 -0.7177
7541 -0.7185
7546 -0.7204
7551 -0.723
7556 -0.7254
7561 -0.7272
7566 -0.7284
7571 -0.7298
7576 -0.7307
7581 -0.7323
7586 -0.7338
7591 -0.7352
7596 -0.7368
7601 -0.7375
7606 -0.7391
7611 -0.7408
7616 -0.742
7621 -0.7439
7626 -0.7452
7631 -0.747
7636 -0.7483
7641 -0.7494
7646 -0.7509
7651 -0.7521
7656 -0.7543
7661 -0.7559
7666 -0.7577
7671 -0.7597
7676 -0.7609
7681 -0.7637
7686 -0.7654
7691 -0.7675
7696 -0.7684
7701 -0.7701
7706 -0.7723
7711 -0.7741
7716 -0.776
7721 -0.7779
7726 -0.7794
7731 -0.7813
7736 -0.783
7741 -0.7845
7746 -0.7871
7751 -0.7895
7756 -0.7912
7761 -0.7935
7766 -0.7961
7771 -0.799
7776 -0.8022
7781 -0.8032
7786 -0.8045
7791 -0.8064
7796 -0.8079
7801 -0.8101
7806 -0.8112
7811 -0.814
7816 -0.8149
7821 -0.8159
7826 -0.8185
7831 -0.8196
7836 -0.8221
7841 -0.8234
7846 -0.8252
7851 -0.8269
7856 -0.8275
7861 -0.8319
7866 -0.8331
7871 -0.835
7876 -0.8399
7881 -0.841
7886 -0.8429
7891 -0.8455
7896 -0.8468
7901 -0.8492
7906 -0.8517
7911 -0.8535
7916 -0.8558
7921 -0.857
7926 -0.8583
7931 -0.8611
7936 -0.8632
7941 -0.8657
7946 -0.8664
7951 -0.8671
7956 -0.8689
7961 -0.8717
7966 -0.8727
7971 -0.8745
7976 -0.8769
7981 -0.8787
7986 -0.88
7991 -0.8818
7996 -0.8835
8001 -0.8847
8006 -0.8868
8011 -0.8895
8016 -0.8916
8021 -0.8936
8026 -0.8946
8031 -0.8962
8036 -0.8981
8041 -0.9003
8046 -0.9036
8051 -0.9062
8056 -0.908
8061 -0.9087
8066 -0.9115
8071 -0.9132
8076 -0.916
8081 -0.9192
8086 -0.9207
8091 -0.922
8096 -0.9233
8101 -0.9242
8106 -0.9249
8111 -0.9283
8116 -0.9318
8121 -0.9331
8126 -0.9341
8131 -0.9347
8136 -0.9381
8141 -0.9408
8146 -0.9426
8151 -0.9447
8156 -0.946
8161 -0.948
8166 -0.9498
8171 -0.9513
8176 -0.9535
8181 -0.9541
8186 -0.9568
8191 -0.9581
8196 -0.9594
8201 -0.9607
8206 -0.9613
8211 -0.962
8216 -0.964
8221 -0.9674
8226 -0.969
8231 -0.9708
8236 -0.9716
8241 -0.973
8246 -0.9758
8251 -0.9769
8256 -0.9789
8261 -0.9806
8266 -0.9831
8271 -0.9844
8276 -0.986
8281 -0.9873
8286 -0.9901
8291 -0.992
8296 -0.9938
8301 -0.9957
8306 -0.9989
8311 -0.9996
8316 -1.002
8321 -1.004
8326 -1.005
8331 -1.007
8336 -1.009
8341 -1.012
8346 -1.015
8351 -1.017
8356 -1.021
8361 -1.023
8366 -1.024
8371 -1.026
8376 -1.027
8381 -1.031
8386 -1.034
8391 -1.036
8396 -1.037
8401 -1.039
8406 -1.04
8411 -1.042
8416 -1.044
8421 -1.044
8426 -1.047
8431 -1.049
8436 -1.053
8441 -1.055
8446 -1.056
8451 -1.059
8456 -1.061
8461 -1.062
8466 -1.068
8471 -1.07
8476 -1.072
8481 -1.075
8486 -1.08
8491 -1.082
8496 -1.085
8501 -1.087
8506 -1.09
8511 -1.093
8516 -1.095
8521 -1.098
8526 -1.099
8531 -1.101
8536 -1.103
8541 -1.106
8546 -1.11
8551 -1.113
8556 -1.116
8561 -1.121
8566 -1.123
8571 -1.127
8576 -1.129
8581 -1.132
8586 -1.134
8591 -1.135
8596 -1.14
8601 -1.143
8606 -1.145
8611 -1.151
8616 -1.153
8621 -1.157
8626 -1.16
8631 -1.165
8636 -1.168
8641 -1.172
8646 -1.173
8651 -1.175
8656 -1.177
8661 -1.18
8666 -1.182
8671 -1.188
8676 -1.19
8681 -1.192
8686 -1.197
8691 -1.199
8696 -1.203
8701 -1.206
8706 -1.21
8711 -1.213
8716 -1.213
8721 -1.218
8726 -1.22
8731 -1.221
8736 -1.225
8741 -1.228
8746 -1.231
8751 -1.234
8756 -1.236
8761 -1.237
8766 -1.239
8771 -1.242
8776 -1.243
8781 -1.247
8786 -1.251
8791 -1.254
8796 -1.255
8801 -1.259
8806 -1.263
8811 -1.265
8816 -1.266
8821 -1.268
8826 -1.27
8831 -1.274
8836 -1.277
8841 -1.279
8846 -1.287
8851 -1.292
8856 -1.295
8861 -1.296
8866 -1.298
8871 -1.303
8876 -1.305
8881 -1.308
8886 -1.311
8891 -1.313
8896 -1.317
8901 -1.324
8906 -1.326
8911 -1.328
8916 -1.334
8921 -1.337
8926 -1.339
8931 -1.341
8936 -1.344
8941 -1.347
8946 -1.351
8951 -1.352
8956 -1.357
8961 -1.36
8966 -1.365
8971 -1.367
8976 -1.369
8981 -1.371
8986 -1.374
8991 -1.379
8996 -1.381
9001 -1.384
9006 -1.385
9011 -1.388
9016 -1.39
9021 -1.392
9026 -1.396
9031 -1.397
9036 -1.4
9041 -1.402
9046 -1.405
9051 -1.408
9056 -1.411
9061 -1.414
9066 -1.416
9071 -1.419
9076 -1.424
9081 -1.426
9086 -1.428
9091 -1.431
9096 -1.435
9101 -1.44
9106 -1.445
9111 -1.447
9116 -1.453
9121 -1.455
9126 -1.459
9131 -1.465
9136 -1.469
9141 -1.478
9146 -1.483
9151 -1.486
9156 -1.491
9161 -1.497
9166 -1.5
9171 -1.503
9176 -1.505
9181 -1.507
9186 -1.509
9191 -1.512
9196 -1.516
9201 -1.519
9206 -1.524
9211 -1.526
9216 -1.528
9221 -1.533
9226 -1.536
9231 -1.544
9236 -1.551
9241 -1.554
9246 -1.558
9251 -1.563
9256 -1.568
9261 -1.571
9266 -1.576
9271 -1.581
9276 -1.586
9281 -1.59
9286 -1.595
9291 -1.6
9296 -1.602
9301 -1.605
9306 -1.611
9311 -1.616
9316 -1.618
9321 -1.624
9326 -1.627
9331 -1.635
9336 -1.64
9341 -1.644
9346 -1.655
9351 -1.661
9356 -1.674
9361 -1.679
9366 -1.687
9371 -1.692
9376 -1.701
9381 -1.704
9386 -1.706
9391 -1.712
9396 -1.716
9401 -1.724
9406 -1.729
9411 -1.735
9416 -1.742
9421 -1.748
9426 -1.753
9431 -1.759
9436 -1.764
9441 -1.769
9446 -1.776
9451 -1.782
9456 -1.792
9461 -1.795
9466 -1.8
9471 -1.813
9476 -1.822
9481 -1.825
9486 -1.832
9491 -1.84
9496 -1.844
9501 -1.848
9506 -1.855
9511 -1.864
9516 -1.878
9521 -1.892
9526 -1.9
9531 -1.906
9536 -1.916
9541 -1.923
9546 -1.931
9551 -1.94
9556 -1.946
9561 -1.953
9566 -1.957
9571 -1.963
9576 -1.975
9581 -1.986
9586 -1.991
9591 -1.997
9596 -2.006
9601 -2.017
9606 -2.025
9611 -2.033
9616 -2.043
9621 -2.051
9626 -2.057
9631 -2.075
9636 -2.087
9641 -2.102
9646 -2.114
9651 -2.139
9656 -2.148
9661 -2.163
9666 -2.171
9671 -2.184
9676 -2.191
9681 -2.204
9686 -2.218
9691 -2.231
9696 -2.248
9701 -2.257
9706 -2.267
9711 -2.29
9716 -2.318
9721 -2.334
9726 -2.344
9731 -2.358
9736 -2.382
9741 -2.396
9746 -2.403
9751 -2.416
9756 -2.43
9761 -2.443
9766 -2.451
9771 -2.47
9776 -2.499
9781 -2.537
9786 -2.567
9791 -2.582
9796 -2.606
9801 -2.637
9806 -2.662
9811 -2.715
9816 -2.764
9821 -2.783
9826 -2.845
9831 -2.861
9836 -2.91
9841 -2.953
9846 -3.008
9851 -3.021
9856 -3.085
9861 -3.135
9866 -3.174
9871 -3.236
9876 -3.343
9881 -3.38
9886 -3.471
9891 -3.521
9896 -3.578
9901 -3.726
9906 -3.77
9911 -3.929
9916 -4.01
9921 -4.055
9926 -4.309
9931 -4.504
9936 -4.712
9941 -4.881
9946 -5.248
9951 -5.419
9956 -5.489
9961 -5.582
9966 -5.708
9971 -5.966
9976 -6.402
9981 -7.113
9986 -8.261
9991 -11.54
