i rs
1 -0.0001009
6 -0.0006053
11 0.09168
16 0.1673
21 0.1668
26 0.1663
31 0.1658
36 0.1653
41 0.1648
46 0.2175
51 0.217
56 0.2165
61 0.216
66 0.2155
71 0.215
76 0.2145
81 0.214
86 0.2135
91 0.2868
96 0.2863
101 0.2858
106 0.3197
111 0.3192
116 0.3516
121 0.3511
126 0.3506
131 0.3501
136 0.3496
141 0.3787
146 0.3782
151 0.3777
156 0.3772
161 0.3767
166 0.4029
171 0.4283
176 0.4528
181 0.4772
186 0.5013
191 0.5007
196 0.5002
201 0.5233
206 0.5228
211 0.5223
216 0.5217
221 0.5212
226 0.5207
231 0.5417
236 0.5412
241 0.5407
246 0.5402
251 0.5397
256 0.5392
261 0.5387
266 0.5382
271 0.5376
276 0.5371
281 0.5746
286 0.5741
291 0.5921
296 0.5916
301 0.5911
306 0.5906
311 0.608
316 0.6075
321 0.607
326 0.6065
331 0.606
336 0.6055
341 0.622
346 0.6215
351 0.621
356 0.6372
361 0.6367
366 0.6362
371 0.6357
376 0.6352
381 0.6347
386 0.6342
391 0.6337
396 0.6332
401 0.6327
406 0.6322
411 0.6317
416 0.6312
421 0.6307
426 0.6302
431 0.6297
436 0.6292
441 0.6287
446 0.643
451 0.6425
456 0.642
461 0.6415
466 0.641
471 0.6405
476 0.64
481 0.6395
486 0.639
491 0.6385
496 0.638
501 0.6375
506 0.6369
511 0.6504
516 0.6499
521 0.6494
526 0.6489
531 0.6484
536 0.6479
541 0.6474
546 0.6469
551 0.6464
556 0.6593
561 0.6588
566 0.6583
571 0.6578
576 0.6573
581 0.6568
586 0.6563
591 0.6558
596 0.6553
601 0.6548
606 0.6543
611 0.6666
616 0.6661
621 0.6655
626 0.665
631 0.6645
636 0.664
641 0.6635
646 0.663
651 0.6625
656 0.662
661 0.6615
666 0.661
671 0.6605
676 0.66
681 0.6595
686 0.659
691 0.6585
696 0.658
701 0.6575
706 0.657
711 0.6565
716 0.656
721 0.6555
726 0.655
731 0.6545
736 0.6539
741 0.6534
746 0.6529
751 0.6524
756 0.6519
761 0.6514
766 0.6509
771 0.6504
776 0.6499
781 0.6494
786 0.6489
791 0.6484
796 0.6479
801 0.6474
806 0.6469
811 0.6464
816 0.6459
821 0.6454
826 0.6449
831 0.6444
836 0.6439
841 0.6434
846 0.6428
851 0.6423
856 0.6418
861 0.6413
866 0.6408
871 0.6403
876 0.6398
881 0.6393
886 0.6388
891 0.6383
896 0.6378
901 0.6373
906 0.6368
911 0.6363
916 0.6358
921 0.6353
926 0.6348
931 0.6343
936 0.6441
941 0.6436
946 0.6431
951 0.6426
956 0.6421
961 0.6416
966 0.6411
971 0.6406
976 0.6401
981 0.6396
986 0.6391
991 0.6486
996 0.6481
1001 0.6476
1006 0.6471
1011 0.6565
1016 0.656
1021 0.6554
1026 0.6549
1031 0.6544
1036 0.6539
1041 0.6534
1046 0.6529
1051 0.6524
1056 0.6519
1061 0.6514
1066 0.6509
1071 0.66
1076 0.6595
1081 0.659
1086 0.6585
1091 0.6675
1096 0.667
1101 0.6665
1106 0.666
1111 0.6655
1116 0.665
1121 0.6645
1126 0.6639
1131 0.6634
1136 0.6629
1141 0.6624
1146 0.6619
1151 0.6614
1156 0.6609
1161 0.6604
1166 0.6599
1171 0.6594
1176 0.6589
1181 0.6584
1186 0.6579
1191 0.6574
1196 0.6569
1201 0.6564
1206 0.6559
1211 0.6554
1216 0.6549
1221 0.6544
1226 0.6539
1231 0.6534
1236 0.6529
1241 0.6523
1246 0.6518
1251 0.6601
1256 0.6596
1261 0.6591
1266 0.6586
1271 0.6581
1276 0.6576
1281 0.6571
1286 0.6566
1291 0.6561
1296 0.6556
1301 0.6551
1306 0.6546
1311 0.654
1316 0.6535
1321 0.653
1326 0.6525
1331 0.652
1336 0.6599
1341 0.6594
1346 0.6589
1351 0.6584
1356 0.6579
1361 0.6574
1366 0.6569
1371 0.6564
1376 0.6559
1381 0.6554
1386 0.6549
1391 0.6544
1396 0.6538
1401 0.6533
1406 0.6528
1411 0.6523
1416 0.6518
1421 0.6513
1426 0.6508
1431 0.6503
1436 0.6498
1441 0.6493
1446 0.6488
1451 0.6483
1456 0.6478
1461 0.6473
1466 0.6468
1471 0.6463
1476 0.6458
1481 0.6453
1486 0.6448
1491 0.6443
1496 0.6438
1501 0.6433
1506 0.6427
1511 0.6422
1516 0.6417
1521 0.6412
1526 0.6407
1531 0.6402
1536 0.6397
1541 0.6392
1546 0.6387
1551 0.6382
1556 0.6377
1561 0.6372
1566 0.6367
1571 0.6362
1576 0.6357
1581 0.6352
1586 0.6347
1591 0.6342
1596 0.6337
1601 0.6332
1606 0.6327
1611 0.6322
1616 0.6317
1621 0.6311
1626 0.6306
1631 0.6301
1636 0.6296
1641 0.6291
1646 0.6286
1651 0.6281
1656 0.6276
1661 0.6271
1666 0.6266
1671 0.6261
1676 0.6256
1681 0.6251
1686 0.6246
1691 0.6241
1696 0.6236
1701 0.6231
1706 0.6226
1711 0.6221
1716 0.6216
1721 0.6211
1726 0.6206
1731 0.6271
1736 0.6265
1741 0.626
1746 0.6325
1751 0.632
1756 0.6315
1761 0.631
1766 0.6305
1771 0.63
1776 0.6363
1781 0.6358
1786 0.6422
1791 0.6417
1796 0.6412
1801 0.6407
1806 0.6402
1811 0.6464
1816 0.6459
1821 0.6454
1826 0.6449
1831 0.6444
1836 0.6439
1841 0.6434
1846 0.6429
1851 0.6424
1856 0.6419
1861 0.6414
1866 0.6409
1871 0.6404
1876 0.6399
1881 0.6394
1886 0.6389
1891 0.6384
1896 0.6379
1901 0.6374
1906 0.6369
1911 0.6364
1916 0.6359
1921 0.6354
1926 0.6413
1931 0.6408
1936 0.6403
1941 0.6398
1946 0.6393
1951 0.6388
1956 0.6382
1961 0.6377
1966 0.6372
1971 0.6367
1976 0.6362
1981 0.6357
1986 0.6352
1991 0.6347
1996 0.6342
2001 0.6337
2006 0.6332
2011 0.6327
2016 0.6322
2021 0.6317
2026 0.6312
2031 0.6307
2036 0.6302
2041 0.6358
2046 0.6353
2051 0.6348
2056 0.6343
2061 0.6338
2066 0.6333
2071 0.6328
2076 0.6323
2081 0.6318
2086 0.6312
2091 0.6307
2096 0.6302
2101 0.6297
2106 0.6292
2111 0.6287
2116 0.6282
2121 0.6277
2126 0.6272
2131 0.6267
2136 0.6262
2141 0.6257
2146 0.6252
2151 0.6247
2156 0.6242
2161 0.6237
2166 0.6232
2171 0.6227
2176 0.6222
2181 0.6273
2186 0.6268
2191 0.6263
2196 0.6258
2201 0.6309
2206 0.6304
2211 0.6298
2216 0.6293
2221 0.6288
2226 0.6283
2231 0.6278
2236 0.6273
2241 0.6268
2246 0.6263
2251 0.6258
2256 0.6253
2261 0.6248
2266 0.6243
2271 0.6238
2276 0.6233
2281 0.6228
2286 0.6223
2291 0.6218
2296 0.6213
2301 0.6208
2306 0.6203
2311 0.6198
2316 0.6193
2321 0.6187
2326 0.6182
2331 0.6177
2336 0.6172
2341 0.6167
2346 0.6162
2351 0.6157
2356 0.6152
2361 0.6147
2366 0.6142
2371 0.6137
2376 0.6132
2381 0.6127
2386 0.6122
2391 0.6117
2396 0.6112
2401 0.6107
2406 0.6102
2411 0.6097
2416 0.6092
2421 0.6087
2426 0.6082
2431 0.6077
2436 0.6071
2441 0.6066
2446 0.6061
2451 0.6056
2456 0.6051
2461 0.6046
2466 0.6041
2471 0.6036
2476 0.6031
2481 0.6026
2486 0.6021
2491 0.6016
2496 0.6011
2501 0.6006
2506 0.6001
2511 0.5996
2516 0.5991
2521 0.5986
2526 0.5981
2531 0.6023
2536 0.6018
2541 0.6013
2546 0.6008
2551 0.6003
2556 0.5998
2561 0.5993
2566 0.5988
2571 0.5983
2576 0.5978
2581 0.5973
2586 0.5968
2591 0.6009
2596 0.6004
2601 0.5999
2606 0.5994
2611 0.5989
2616 0.5984
2621 0.5979
2626 0.5974
2631 0.5969
2636 0.5963
2641 0.5958
2646 0.5953
2651 0.5948
2656 0.5943
2661 0.5938
2666 0.5933
2671 0.5928
2676 0.5923
2681 0.5963
2686 0.5958
2691 0.5953
2696 0.5948
2701 0.5942
2706 0.5937
2711 0.5932
2716 0.5927
2721 0.5922
2726 0.5917
2731 0.5912
2736 0.5907
2741 0.5902
2746 0.5897
2751 0.5892
2756 0.5887
2761 0.5882
2766 0.5877
2771 0.5872
2776 0.5867
2781 0.5862
2786 0.5857
2791 0.5852
2796 0.5847
2801 0.5842
2806 0.5837
2811 0.5831
2816 0.5826
2821 0.5821
2826 0.5816
2831 0.5811
2836 0.5806
2841 0.5801
2846 0.5796
2851 0.5791
2856 0.5786
2861 0.5781
2866 0.5776
2871 0.5771
2876 0.5766
2881 0.5761
2886 0.5756
2891 0.5751
2896 0.5746
2901 0.5741
2906 0.5736
2911 0.5731
2916 0.5726
2921 0.5721
2926 0.5715
2931 0.571
2936 0.5744
2941 0.5739
2946 0.5734
2951 0.5729
2956 0.5724
2961 0.5719
2966 0.5714
2971 0.5709
2976 0.5704
2981 0.5699
2986 0.5694
2991 0.5689
2996 0.5684
3001 0.5679
3006 0.5674
3011 0.5669
3016 0.5664
3021 0.5658
3026 0.5653
3031 0.5648
3036 0.5643
3041 0.5638
3046 0.5633
3051 0.5628
3056 0.5623
3061 0.5618
3066 0.5613
3071 0.5608
3076 0.5603
3081 0.5598
3086 0.5593
3091 0.5588
3096 0.5583
3101 0.5578
3106 0.5573
3111 0.5568
3116 0.5563
3121 0.5558
3126 0.5553
3131 0.5548
3136 0.5542
3141 0.5537
3146 0.5532
3151 0.5527
3156 0.5522
3161 0.5517
3166 0.5512
3171 0.5507
3176 0.5502
3181 0.5497
3186 0.5492
3191 0.5487
3196 0.5482
3201 0.5477
3206 0.5472
3211 0.5467
3216 0.5462
3221 0.5457
3226 0.5452
3231 0.5447
3236 0.5442
3241 0.5437
3246 0.5431
3251 0.5426
3256 0.5421
3261 0.5416
3266 0.5411
3271 0.5406
3276 0.5401
3281 0.5396
3286 0.5391
3291 0.5386
3296 0.5381
3301 0.5376
3306 0.5371
3311 0.5366
3316 0.5361
3321 0.5356
3326 0.5351
3331 0.5346
3336 0.5341
3341 0.5336
3346 0.5331
3351 0.5326
3356 0.5321
3361 0.5315
3366 0.531
3371 0.5305
3376 0.53
3381 0.5295
3386 0.529
3391 0.5285
3396 0.528
3401 0.5275
3406 0.527
3411 0.5265
3416 0.526
3421 0.5255
3426 0.525
3431 0.5245
3436 0.524
3441 0.5235
3446 0.523
3451 0.5225
3456 0.522
3461 0.5215
3466 0.521
3471 0.5204
3476 0.5199
3481 0.5194
3486 0.5189
3491 0.5184
3496 0.5179
3501 0.5174
3506 0.5169
3511 0.5164
3516 0.5159
3521 0.5154
3526 0.5149
3531 0.5144
3536 0.5139
3541 0.5134
3546 0.5129
3551 0.5124
3556 0.5119
3561 0.5114
3566 0.5109
3571 0.5104
3576 0.5099
3581 0.5094
3586 0.5088
3591 0.5083
3596 0.5078
3601 0.5073
3606 0.5068
3611 0.5063
3616 0.5058
3621 0.5053
3626 0.5048
3631 0.5043
3636 0.5038
3641 0.5033
3646 0.5028
3651 0.5023
3656 0.5018
3661 0.5013
3666 0.5008
3671 0.5003
3676 0.4998
3681 0.4993
3686 0.4988
3691 0.4983
3696 0.4977
3701 0.4972
3706 0.4967
3711 0.4962
3716 0.4957
3721 0.4952
3726 0.4947
3731 0.4942
3736 0.4937
3741 0.4954
3746 0.4949
3751 0.4944
3756 0.4939
3761 0.4934
3766 0.4929
3771 0.4924
3776 0.4919
3781 0.4914
3786 0.4909
3791 0.4904
3796 0.4899
3801 0.4894
3806 0.4889
3811 0.4884
3816 0.4879
3821 0.4874
3826 0.4869
3831 0.4863
3836 0.4878
3841 0.4873
3846 0.4868
3851 0.4863
3856 0.4858
3861 0.4853
3866 0.4848
3871 0.4843
3876 0.4838
3881 0.4833
3886 0.4828
3891 0.4823
3896 0.4818
3901 0.4813
3906 0.4808
3911 0.4803
3916 0.4798
3921 0.4793
3926 0.4788
3931 0.4783
3936 0.4778
3941 0.4772
3946 0.4767
3951 0.4762
3956 0.4757
3961 0.4752
3966 0.4747
3971 0.4742
3976 0.4737
3981 0.4732
3986 0.4727
3991 0.4722
3996 0.4717
4001 0.4712
4006 0.4707
4011 0.4702
4016 0.4697
4021 0.4692
4026 0.4687
4031 0.4682
4036 0.4677
4041 0.4672
4046 0.4667
4051 0.4662
4056 0.4656
4061 0.4667
4066 0.4662
4071 0.4657
4076 0.4652
4081 0.4647
4086 0.4642
4091 0.4637
4096 0.4632
4101 0.4627
4106 0.4622
4111 0.4617
4116 0.4612
4121 0.4607
4126 0.4602
4131 0.4597
4136 0.4592
4141 0.4587
4146 0.4582
4151 0.4576
4156 0.4571
4161 0.4566
4166 0.4561
4171 0.4556
4176 0.4551
4181 0.4546
4186 0.4541
4191 0.4536
4196 0.4531
4201 0.4539
4206 0.4534
4211 0.4529
4216 0.4524
4221 0.4519
4226 0.4514
4231 0.4509
4236 0.4504
4241 0.4499
4246 0.4494
4251 0.4489
4256 0.4484
4261 0.4479
4266 0.4474
4271 0.4469
4276 0.4464
4281 0.4459
4286 0.4453
4291 0.4448
4296 0.4443
4301 0.4438
4306 0.4433
4311 0.4428
4316 0.4423
4321 0.4418
4326 0.4413
4331 0.4408
4336 0.4403
4341 0.4398
4346 0.4393
4351 0.4388
4356 0.4383
4361 0.4378
4366 0.4373
4371 0.4368
4376 0.4363
4381 0.4358
4386 0.4353
4391 0.4348
4396 0.4343
4401 0.4337
4406 0.4332
4411 0.4327
4416 0.4322
4421 0.4317
4426 0.4312
4431 0.4307
4436 0.4302
4441 0.4297
4446 0.4292
4451 0.4287
4456 0.4282
4461 0.4277
4466 0.4272
4471 0.4267
4476 0.4262
4481 0.4257
4486 0.4252
4491 0.4247
4496 0.4242
4501 0.4237
4506 0.4232
4511 0.4226
4516 0.4221
4521 0.4216
4526 0.4211
4531 0.4206
4536 0.4201
4541 0.4196
4546 0.4191
4551 0.4186
4556 0.4181
4561 0.4176
4566 0.4171
4571 0.4166
4576 0.4161
4581 0.4156
4586 0.4151
4591 0.4146
4596 0.4141
4601 0.4136
4606 0.4131
4611 0.4126
4616 0.4121
4621 0.4116
4626 0.411
4631 0.4105
4636 0.41
4641 0.4095
4646 0.409
4651 0.4085
4656 0.408
4661 0.4075
4666 0.407
4671 0.4065
4676 0.406
4681 0.4055
4686 0.405
4691 0.4045
4696 0.404
4701 0.4035
4706 0.403
4711 0.4025
4716 0.402
4721 0.4015
4726 0.401
4731 0.4005
4736 0.3999
4741 0.3994
4746 0.3989
4751 0.3984
4756 0.3979
4761 0.3974
4766 0.3969
4771 0.3964
4776 0.3959
4781 0.3954
4786 0.3949
4791 0.3944
4796 0.3939
4801 0.3934
4806 0.3929
4811 0.3924
4816 0.3919
4821 0.3914
4826 0.3909
4831 0.3904
4836 0.3899
4841 0.3894
4846 0.3889
4851 0.3883
4856 0.3878
4861 0.3873
4866 0.3868
4871 0.3863
4876 0.3858
4881 0.3853
4886 0.3848
4891 0.3843
4896 0.3838
4901 0.3833
4906 0.3828
4911 0.3823
4916 0.3818
4921 0.3813
4926 0.3808
4931 0.3803
4936 0.3798
4941 0.3793
4946 0.3788
4951 0.3783
4956 0.3778
4961 0.3773
4966 0.3767
4971 0.3762
4976 0.3757
4981 0.3752
4986 0.3747
4991 0.3742
4996 0.3737
5001 0.3732
5006 0.3727
5011 0.3722
5016 0.3717
5021 0.3712
5026 0.3707
5031 0.3702
5036 0.37
5041 0.3695
5046 0.369
5051 0.3685
5056 0.368
5061 0.3678
5066 0.3673
5071 0.3668
5076 0.3663
5081 0.3662
5086 0.3657
5091 0.3652
5096 0.3647
5101 0.3642
5106 0.3637
5111 0.3631
5116 0.3626
5121 0.3621
5126 0.3616
5131 0.3611
5136 0.3606
5141 0.3601
5146 0.3596
5151 0.3591
5156 0.3586
5161 0.3581
5166 0.3576
5171 0.3571
5176 0.3566
5181 0.3561
5186 0.3556
5191 0.3557
5196 0.3552
5201 0.3547
5206 0.3541
5211 0.3536
5216 0.3531
5221 0.3526
5226 0.3521
5231 0.3516
5236 0.3511
5241 0.3506
5246 0.3501
5251 0.3496
5256 0.3491
5261 0.3486
5266 0.3481
5271 0.3476
5276 0.3471
5281 0.3466
5286 0.3461
5291 0.3456
5296 0.3451
5301 0.3446
5306 0.3441
5311 0.3436
5316 0.343
5321 0.3425
5326 0.342
5331 0.3415
5336 0.341
5341 0.3405
5346 0.34
5351 0.3395
5356 0.339
5361 0.3385
5366 0.338
5371 0.3375
5376 0.337
5381 0.3365
5386 0.336
5391 0.3355
5396 0.335
5401 0.3345
5406 0.334
5411 0.3335
5416 0.333
5421 0.3325
5426 0.332
5431 0.3314
5436 0.3309
5441 0.3304
5446 0.3299
5451 0.3294
5456 0.3289
5461 0.3284
5466 0.3279
5471 0.3274
5476 0.3269
5481 0.3264
5486 0.3259
5491 0.3254
5496 0.3249
5501 0.3244
5506 0.3239
5511 0.3234
5516 0.3229
5521 0.3224
5526 0.3219
5531 0.3214
5536 0.3209
5541 0.3203
5546 0.3198
5551 0.3193
5556 0.3188
5561 0.3183
5566 0.3178
5571 0.3173
5576 0.3168
5581 0.3163
5586 0.3158
5591 0.3153
5596 0.3148
5601 0.3143
5606 0.3138
5611 0.3133
5616 0.3128
5621 0.3123
5626 0.3118
5631 0.3113
5636 0.3108
5641 0.3103
5646 0.3098
5651 0.3093
5656 0.3087
5661 0.3082
5666 0.3077
5671 0.3087
5676 0.3082
5681 0.3077
5686 0.3087
5691 0.3082
5696 0.3077
5701 0.3072
5706 0.3067
5711 0.3062
5716 0.3057
5721 0.3052
5726 0.3047
5731 0.3042
5736 0.3037
5741 0.3032
5746 0.3027
5751 0.3022
5756 0.3017
5761 0.3012
5766 0.3007
5771 0.3002
5776 0.2997
5781 0.2992
5786 0.2987
5791 0.2981
5796 0.2976
5801 0.2971
5806 0.2966
5811 0.2961
5816 0.2956
5821 0.2951
5826 0.2946
5831 0.2941
5836 0.2936
5841 0.2931
5846 0.2926
5851 0.2921
5856 0.2916
5861 0.2911
5866 0.2906
5871 0.2901
5876 0.2896
5881 0.2891
5886 0.2886
5891 0.2881
5896 0.2876
5901 0.287
5906 0.2865
5911 0.286
5916 0.2875
5921 0.287
5926 0.2865
5931 0.286
5936 0.2855
5941 0.285
5946 0.2845
5951 0.284
5956 0.2835
5961 0.283
5966 0.2825
5971 0.282
5976 0.2815
5981 0.281
5986 0.2805
5991 0.28
5996 0.2795
6001 0.279
6006 0.2785
6011 0.2779
6016 0.2774
6021 0.2769
6026 0.2764
6031 0.2759
6036 0.2754
6041 0.2749
6046 0.2744
6051 0.2739
6056 0.2734
6061 0.2729
6066 0.2724
6071 0.2719
6076 0.2714
6081 0.2709
6086 0.2704
6091 0.2699
6096 0.2694
6101 0.2689
6106 0.2684
6111 0.2679
6116 0.2674
6121 0.2669
6126 0.2663
6131 0.2658
6136 0.2653
6141 0.2648
6146 0.2643
6151 0.2638
6156 0.2633
6161 0.2628
6166 0.2623
6171 0.2618
6176 0.2613
6181 0.2608
6186 0.2603
6191 0.2598
6196 0.2593
6201 0.2613
6206 0.2608
6211 0.2603
6216 0.2598
6221 0.2593
6226 0.2588
6231 0.2582
6236 0.2603
6241 0.2598
6246 0.2593
6251 0.2588
6256 0.2608
6261 0.2603
6266 0.2598
6271 0.2593
6276 0.2588
6281 0.2583
6286 0.2578
6291 0.2573
6296 0.2568
6301 0.2563
6306 0.2558
6311 0.2553
6316 0.2575
6321 0.257
6326 0.2565
6331 0.256
6336 0.2555
6341 0.2577
6346 0.2572
6351 0.2567
6356 0.2562
6361 0.2557
6366 0.2552
6371 0.2547
6376 0.2542
6381 0.2537
6386 0.2532
6391 0.2526
6396 0.2521
6401 0.2516
6406 0.2511
6411 0.2506
6416 0.2501
6421 0.2496
6426 0.2491
6431 0.2486
6436 0.2481
6441 0.2476
6446 0.2471
6451 0.2466
6456 0.2461
6461 0.2456
6466 0.2451
6471 0.2446
6476 0.2441
6481 0.2436
6486 0.2431
6491 0.2426
6496 0.2421
6501 0.2415
6506 0.241
6511 0.2405
6516 0.24
6521 0.2395
6526 0.239
6531 0.2385
6536 0.238
6541 0.2375
6546 0.237
6551 0.2365
6556 0.236
6561 0.2387
6566 0.2382
6571 0.2376
6576 0.2371
6581 0.2366
6586 0.2361
6591 0.2356
6596 0.2351
6601 0.2346
6606 0.2341
6611 0.2336
6616 0.2331
6621 0.2326
6626 0.2321
6631 0.2316
6636 0.2311
6641 0.2306
6646 0.2301
6651 0.2296
6656 0.2291
6661 0.2286
6666 0.2281
6671 0.2276
6676 0.2271
6681 0.2265
6686 0.226
6691 0.2255
6696 0.225
6701 0.2245
6706 0.2309
6711 0.2304
6716 0.2299
6721 0.2294
6726 0.2289
6731 0.2284
6736 0.2279
6741 0.2273
6746 0.2268
6751 0.2263
6756 0.2258
6761 0.2253
6766 0.2248
6771 0.2243
6776 0.2238
6781 0.2233
6786 0.2228
6791 0.2223
6796 0.2218
6801 0.2213
6806 0.2208
6811 0.2203
6816 0.2198
6821 0.2193
6826 0.2188
6831 0.2183
6836 0.2178
6841 0.2173
6846 0.2168
6851 0.2163
6856 0.2157
6861 0.2152
6866 0.2147
6871 0.2142
6876 0.2137
6881 0.2132
6886 0.2127
6891 0.2122
6896 0.2117
6901 0.2112
6906 0.2107
6911 0.2102
6916 0.2097
6921 0.2092
6926 0.2087
6931 0.2082
6936 0.2077
6941 0.2072
6946 0.2067
6951 0.2062
6956 0.2057
6961 0.2052
6966 0.2046
6971 0.2041
6976 0.2036
6981 0.2031
6986 0.2026
6991 0.2021
6996 0.2016
7001 0.2011
7006 0.2006
7011 0.2001
7016 0.1996
7021 0.1991
7026 0.1986
7031 0.1981
7036 0.1976
7041 0.1971
7046 0.1966
7051 0.1961
7056 0.1956
7061 0.1951
7066 0.1946
7071 0.1941
7076 0.1936
7081 0.193
7086 0.1925
7091 0.192
7096 0.1915
7101 0.191
7106 0.1905
7111 0.19
7116 0.1895
7121 0.189
7126 0.1885
7131 0.188
7136 0.1875
7141 0.187
7146 0.1865
7151 0.186
7156 0.1855
7161 0.185
7166 0.1845
7171 0.184
7176 0.1835
7181 0.183
7186 0.1825
7191 0.1819
7196 0.1814
7201 0.1809
7206 0.1804
7211 0.1799
7216 0.1794
7221 0.1789
7226 0.1784
7231 0.1779
7236 0.1774
7241 0.1769
7246 0.1764
7251 0.1759
7256 0.1754
7261 0.1749
7266 0.1744
7271 0.1739
7276 0.1734
7281 0.1729
7286 0.177
7291 0.1765
7296 0.176
7301 0.1802
7306 0.1797
7311 0.184
7316 0.1835
7321 0.183
7326 0.1824
7331 0.1819
7336 0.1814
7341 0.1809
7346 0.1804
7351 0.1799
7356 0.1794
7361 0.1789
7366 0.1784
7371 0.1779
7376 0.1823
7381 0.1818
7386 0.1813
7391 0.1808
7396 0.1803
7401 0.1798
7406 0.1793
7411 0.1788
7416 0.1783
7421 0.1828
7426 0.1823
7431 0.1818
7436 0.1813
7441 0.1808
7446 0.1803
7451 0.1798
7456 0.1793
7461 0.1788
7466 0.1783
7471 0.1778
7476 0.1773
7481 0.1768
7486 0.1763
7491 0.1758
7496 0.1753
7501 0.1747
7506 0.1742
7511 0.1737
7516 0.1732
7521 0.1727
7526 0.1722
7531 0.1717
7536 0.1712
7541 0.1707
7546 0.1702
7551 0.1697
7556 0.1692
7561 0.1687
7566 0.1682
7571 0.1677
7576 0.1726
7581 0.1721
7586 0.177
7591 0.1764
7596 0.1759
7601 0.1754
7606 0.1749
7611 0.1744
7616 0.1739
7621 0.1734
7626 0.1729
7631 0.1724
7636 0.1719
7641 0.1714
7646 0.1709
7651 0.1704
7656 0.1699
7661 0.1694
7666 0.1689
7671 0.1684
7676 0.1679
7681 0.1674
7686 0.1669
7691 0.1664
7696 0.1659
7701 0.1653
7706 0.1648
7711 0.1643
7716 0.1638
7721 0.1633
7726 0.1628
7731 0.1623
7736 0.1618
7741 0.1613
7746 0.1608
7751 0.1603
7756 0.1598
7761 0.1593
7766 0.1588
7771 0.1583
7776 0.1578
7781 0.1573
7786 0.1568
7791 0.1563
7796 0.1558
7801 0.1553
7806 0.1607
7811 0.1602
7816 0.1597
7821 0.1592
7826 0.1587
7831 0.1582
7836 0.1577
7841 0.1572
7846 0.1567
7851 0.1562
7856 0.1557
7861 0.1552
7866 0.1547
7871 0.1542
7876 0.1537
7881 0.1531
7886 0.1526
7891 0.1583
7896 0.1578
7901 0.1573
7906 0.1568
7911 0.1563
7916 0.1558
7921 0.1553
7926 0.1611
7931 0.1606
7936 0.1601
7941 0.1596
7946 0.1591
7951 0.1586
7956 0.1581
7961 0.1576
7966 0.157
7971 0.1565
7976 0.156
7981 0.1555
7986 0.155
7991 0.1545
7996 0.154
8001 0.1535
8006 0.1595
8011 0.159
8016 0.1585
8021 0.158
8026 0.1575
8031 0.157
8036 0.1565
8041 0.156
8046 0.1555
8051 0.155
8056 0.1545
8061 0.154
8066 0.1535
8071 0.153
8076 0.1524
8081 0.1519
8086 0.1514
8091 0.1509
8096 0.1504
8101 0.1499
8106 0.1494
8111 0.1489
8116 0.1484
8121 0.1479
8126 0.1474
8131 0.1469
8136 0.1464
8141 0.1459
8146 0.1454
8151 0.1449
8156 0.1444
8161 0.1439
8166 0.1434
8171 0.1429
8176 0.1424
8181 0.1419
8186 0.1413
8191 0.1408
8196 0.1403
8201 0.1398
8206 0.1464
8211 0.1459
8216 0.1454
8221 0.1449
8226 0.1444
8231 0.1439
8236 0.1433
8241 0.1428
8246 0.1423
8251 0.1418
8256 0.1413
8261 0.1408
8266 0.1403
8271 0.147
8276 0.1465
8281 0.146
8286 0.1455
8291 0.145
8296 0.1518
8301 0.1513
8306 0.1508
8311 0.1503
8316 0.1497
8321 0.1492
8326 0.1487
8331 0.1482
8336 0.1477
8341 0.1472
8346 0.1467
8351 0.1462
8356 0.1457
8361 0.1452
8366 0.1447
8371 0.1442
8376 0.1437
8381 0.1432
8386 0.1427
8391 0.1422
8396 0.1417
8401 0.1412
8406 0.1407
8411 0.1402
8416 0.1397
8421 0.1392
8426 0.1386
8431 0.1381
8436 0.1376
8441 0.1371
8446 0.1366
8451 0.1361
8456 0.1356
8461 0.1351
8466 0.1346
8471 0.1341
8476 0.1336
8481 0.1331
8486 0.1326
8491 0.1321
8496 0.1316
8501 0.1311
8506 0.1306
8511 0.1301
8516 0.1296
8521 0.1291
8526 0.1286
8531 0.1281
8536 0.1276
8541 0.127
8546 0.1265
8551 0.126
8556 0.1255
8561 0.125
8566 0.1245
8571 0.124
8576 0.1235
8581 0.123
8586 0.1225
8591 0.122
8596 0.1215
8601 0.121
8606 0.1205
8611 0.12
8616 0.1195
8621 0.119
8626 0.1185
8631 0.118
8636 0.1175
8641 0.117
8646 0.1165
8651 0.1159
8656 0.1154
8661 0.1149
8666 0.1144
8671 0.1139
8676 0.1134
8681 0.1129
8686 0.1124
8691 0.1119
8696 0.1114
8701 0.1109
8706 0.1104
8711 0.1099
8716 0.1094
8721 0.1089
8726 0.1084
8731 0.1079
8736 0.1074
8741 0.1069
8746 0.1064
8751 0.1059
8756 0.1054
8761 0.1049
8766 0.1043
8771 0.1038
8776 0.1033
8781 0.1028
8786 0.1023
8791 0.1018
8796 0.1013
8801 0.1008
8806 0.1003
8811 0.109
8816 0.1085
8821 0.108
8826 0.1075
8831 0.107
8836 0.1065
8841 0.106
8846 0.1055
8851 0.105
8856 0.1045
8861 0.104
8866 0.1035
8871 0.103
8876 0.1025
8881 0.102
8886 0.1015
8891 0.101
8896 0.1005
8901 0.09996
8906 0.09946
8911 0.09895
8916 0.09845
8921 0.09794
8926 0.09744
8931 0.09693
8936 0.09643
8941 0.09593
8946 0.09542
8951 0.09492
8956 0.09441
8961 0.09391
8966 0.0934
8971 0.0929
8976 0.09239
8981 0.09189
8986 0.09139
8991 0.09088
8996 0.09038
9001 0.08987
9006 0.08937
9011 0.09897
9016 0.09847
9021 0.09796
9026 0.09746
9031 0.09695
9036 0.09645
9041 0.09594
9046 0.09544
9051 0.09494
9056 0.09443
9061 0.09393
9066 0.09342
9071 0.09292
9076 0.09241
9081 0.09191
9086 0.0914
9091 0.0909
9096 0.0904
9101 0.08989
9106 0.08939
9111 0.08888
9116 0.08838
9121 0.08787
9126 0.08737
9131 0.08686
9136 0.08636
9141 0.08586
9146 0.08535
9151 0.08485
9156 0.08434
9161 0.08384
9166 0.08333
9171 0.08283
9176 0.08232
9181 0.08182
9186 0.08132
9191 0.08081
9196 0.08031
9201 0.0798
9206 0.0793
9211 0.07879
9216 0.07829
9221 0.07778
9226 0.07728
9231 0.07678
9236 0.07627
9241 0.07577
9246 0.07526
9251 0.07476
9256 0.07425
9261 0.07375
9266 0.07324
9271 0.07274
9276 0.07224
9281 0.07173
9286 0.07123
9291 0.07072
9296 0.07022
9301 0.06971
9306 0.06921
9311 0.0687
9316 0.0682
9321 0.0677
9326 0.06719
9331 0.06669
9336 0.06618
9341 0.06568
9346 0.06517
9351 0.06467
9356 0.06416
9361 0.06366
9366 0.06316
9371 0.06265
9376 0.06215
9381 0.06164
9386 0.06114
9391 0.06063
9396 0.06013
9401 0.05962
9406 0.05912
9411 0.05862
9416 0.05811
9421 0.05761
9426 0.0571
9431 0.0566
9436 0.05609
9441 0.05559
9446 0.05508
9451 0.05458
9456 0.05408
9461 0.05357
9466 0.05307
9471 0.05256
9476 0.05206
9481 0.05155
9486 0.05105
9491 0.05054
9496 0.05004
9501 0.04954
9506 0.04903
9511 0.04853
9516 0.04802
9521 0.04752
9526 0.04701
9531 0.04651
9536 0.046
9541 0.0455
9546 0.045
9551 0.04449
9556 0.04399
9561 0.04348
9566 0.04298
9571 0.04247
9576 0.04197
9581 0.04146
9586 0.04096
9591 0.04046
9596 0.03995
9601 0.03945
9606 0.03894
9611 0.03844
9616 0.03793
9621 0.03743
9626 0.03692
9631 0.03642
9636 0.03592
9641 0.03541
9646 0.03491
9651 0.0344
9656 0.0339
9661 0.03339
9666 0.03289
9671 0.03238
9676 0.03188
9681 0.03138
9686 0.03087
9691 0.03037
9696 0.02986
9701 0.02936
9706 0.02885
9711 0.02835
9716 0.02785
9721 0.02734
9726 0.02684
9731 0.02633
9736 0.02583
9741 0.02532
9746 0.02482
9751 0.02431
9756 0.02381
9761 0.02331
9766 0.0228
9771 0.0223
9776 0.02179
9781 0.02129
9786 0.02078
9791 0.02028
9796 0.01977
9801 0.01927
9806 0.01877
9811 0.01826
9816 0.01776
9821 0.01725
9826 0.01675
9831 0.01624
9836 0.01574
9841 0.01523
9846 0.01473
9851 0.01423
9856 0.01372
9861 0.01322
9866 0.01271
9871 0.01221
9876 0.0117
9881 0.0112
9886 0.01069
9891 0.01019
9896 0.009685
9901 0.009181
9906 0.008676
9911 0.008172
9916 0.007667
9921 0.007163
9926 0.006659
9931 0.006154
9936 0.00565
9941 0.005145
9946 0.004641
9951 0.004136
9956 0.003632
9961 0.003128
9966 0.002623
9971 0.002119
9976 0.001614
9981 0.00111
9986 0.0006053
9991 0.0001009
