a m
27.21 -0.273
0.3408 6
108.5 -0.07931
21.89 -0.1688
32.73 0.4787
202.8 0.03817
157 0.3996
2.759 1.13
59.8 0.2215
17.82 -0.3392
29.1 -0.03223
65.74 0.4477
1.419 0.8405
123.1 -0.3988
7.103 0.4523
118.8 0.6393
2.935 -3.002
43.55 -0.9348
45.69 -0.1112
37.14 -0.4086
23.63 0.5508
115.2 0.1342
107.2 0.2013
15.7 -0.6594
6.316 -1.646
78.02 0.5816
105.8 0.1193
8.038 1.021
18.18 -0.3208
5.503 -1.184
32.28 -0.04086
65.5 -0.1271
439.9 -0.00398
15.51 -0.4879
14.15 0.5522
283.9 -0.179
133.9 -0.164
8.231 0.455
7.27 0.752
138.9 -0.1629
0.6125 6
39.94 -0.6385
7.359 -0.5666
35.47 -0.4199
135.1 0.1053
8.287 -0.805
35.41 0.1903
146.6 -0.2899
39.33 0.596
15.64 -0.305
166.2 0.02249
524.4 -0.01394
259 -0.2819
402.1 -0.3248
162.7 -0.1618
4.696 -0.0585
7.101 -0.5972
2.956 0.9468
107.6 0.09665
49.09 0.03719
41.09 0.03389
684.3 -0.02373
24.57 0.6083
25.79 0.451
70.4 0.4552
62.51 -0.2161
41.28 -0.01954
6.217 -0.04336
21.84 -0.3888
152.1 -0.05192
7.96 0.9066
20.15 -0.3803
30.9 0.2145
306.9 -0.2099
176.1 -0.188
315.8 -0.08428
93.98 0.6294
224.7 0.5033
30.21 0.5808
65.18 -0.3376
23.07 0.0596
14.44 -0.1675
16.43 0.1289
3.701 0.8298
90.51 -0.4696
25.14 0.5433
4.996 -0.1732
29.69 -0.08019
41.61 -0.8502
2.096 -0.181
312.8 0.7143
20.6 -0.3359
103.7 0.2086
77.76 -0.1636
5.347 0.3172
29.41 0.136
107.8 0.1818
32.71 -0.04452
10.38 1.059
62.82 0.3767
304.2 0.427
20.58 0.04988
43.61 0.2119
15.65 0.8201
39.62 0.1464
29.54 1.135
12.7 -1.319
46.03 0.4182
3.332 0.1817
33.09 0.1114
56.43 0.262
19.27 -0.06476
11.6 -0.8115
166.6 -0.0475
103.6 0.2382
92.33 0.3081
190.2 -0.3402
494.2 0.1129
35.57 -0.3917
109.9 -0.4339
23.51 0.02892
2.666 0.6097
4.618 -0.2714
254.2 -0.4186
66.61 -0.3809
172 -0.4327
87.26 -0.1228
3.308 -0.2639
23.23 -0.144
41.63 0.06493
131.5 0.3574
71.21 -0.07222
11.58 -0.3853
15.63 0.04394
4.026 0.0812
190.5 -0.2347
34.23 0.5395
71.42 0.1052
700.1 -0.353
63.42 0.1497
1.922 0.4625
158.6 -0.05347
1.594 -1.31
79.08 0.4794
14.91 -0.6145
61.05 -0.223
52.99 0.1926
7.455 -0.1201
6.29 -0.5631
32.27 -0.06398
23.5 -0.6018
12.2 0.3312
21.9 -0.02324
27.68 -0.3869
24.11 0.2755
1557 -0.1043
14.66 0.4723
110.2 -0.07031
38.17 0.221
3.935 -0.3968
66.65 0.389
28.58 0.3595
3.579 1.061
0.7305 6
7 0.08009
13.94 -0.9184
19.75 -0.02079
158.1 0.3352
8.143 -0.2914
29.98 -0.1857
1.005 2.258
17.19 0.8015
92.15 -0.06464
17.62 0.141
178.1 -0.04436
59.87 -0.6718
38.74 0.5248
4.898 0.1896
95.47 -0.2584
113.9 -0.4174
28.04 -0.1754
9.438 -0.304
5.806 0.2557
182.7 0.2039
2.992 -0.9847
72.95 0.8059
65.63 -0.4743
90.72 -0.1016
20.62 0.0922
13.35 0.4836
47.65 -0.6059
7.376 -0.334
35.39 -0.2505
26.82 0.1767
2.851 0.7034
30.31 0.1464
19.05 -0.518
15.89 -0.4309
24.94 -0.128
46.36 0.05381
9.971 0.3948
57.2 0.3849
5.666 1.15
23.6 0.2831
79.25 0.5146
13.23 -0.2412
158.9 -0.2657
12.7 1.199
97.42 0.1457
72.03 0.5191
78.33 0.368
8.995 1.115
6.453 0.592
29.25 -0.08139
221 -0.05853
22.82 0.3777
38.23 -0.05869
46.5 0.02379
97.98 -0.1655
31.8 1.072
80.06 0.1103
48.41 0.4462
8.608 0.8134
2.582 0.7294
7.463 -0.3322
409.6 0.1792
21.22 -0.5522
205.8 -0.2427
24.48 -0.2157
7.539 -0.379
13.92 -0.4057
0.4932 -1.15
10.2 0.9367
289.7 0.05787
30.82 0.2676
17.25 -0.4154
80.22 -0.8112
94.83 0.4851
95.83 -0.04623
5.707 -1.309
40.25 0.274
22.57 0.2888
15.05 -0.1879
7.281 0.1306
375.7 0.3324
3.633 0.9707
21.43 0.6906
244.9 0.4057
12.53 0.7724
3.905 0.6735
577.4 0.1412
2.131 -1.484
58.78 0.03545
21.11 0.4338
12.56 -0.2939
4.724 -0.9046
91.37 0.2247
17.35 -0.4735
3.116 -0.07995
295.1 0.27
1006 0.7529
10.3 0.4871
35.32 0.3486
95.99 -0.4807
34.22 -0.6843
2.476 0.3993
30.85 -0.3647
72.18 0.4899
6.665 1.11
23.59 -0.5252
36.89 -0.1176
9.269 0.2915
61.19 0.3509
0.5316 1.388
10.14 -1.003
54.88 0.382
23.77 0.4492
57.53 -0.3144
40.36 -0.6413
2.291 0.9718
7.365 -0.9398
6.087 -0.963
21.48 0.2934
24.73 0.07474
15.42 -0.8979
77.11 0.1837
7.131 -0.03112
8.864 -0.7312
31.67 -0.3382
63.38 0.2357
0.8059 0.5695
41.2 -0.2109
9.753 0.3292
5.324 0.0489
58.1 -0.1883
154.7 0.02186
12.88 -1.415
3.597 -1.438
0.7508 6
56.59 0.08663
27.87 0.3364
146.6 -0.1036
203.2 -0.1198
14.98 0.7064
18.86 -0.2903
31.54 0.1899
10.66 0.4894
99.71 0.3087
23.57 -0.2814
14.04 0.3469
61.02 -0.2894
27.52 -1.144
27.37 0.01892
135.6 0.2367
18.84 -0.1484
244.1 -0.3149
86.88 0.6253
82.22 0.1112
112 -0.4629
36.8 -0.2437
146 0.1833
186.6 0.02628
21.38 -0.6366
78.13 0.06364
96.03 -0.008946
236.1 -0.3956
8.981 0.8759
16.58 -0.3599
4.977 -0.3123
20.91 0.5178
6.191 0.02179
16.41 -0.08192
19.69 -0.4919
3.399 -0.4831
0.7547 -1.707
2.2 -1.893
24.26 -0.6647
2.032 -1.77
8.243 -0.1955
126.3 -0.1634
40.14 -0.7179
27.4 -0.008542
309.9 0.6183
177.1 0.1102
400.3 0.4619
111.8 -0.02115
12.68 -1.144
6.685 -0.7458
54.93 -0.04913
26.08 0.6468
73.56 -0.1421
22.85 -0.4208
38.09 -0.06918
55.55 -0.5011
4.081 0.2867
26.74 0.1026
187.6 0.36
639.2 -0.1437
2.31 0.3596
33.28 0.1094
28.34 -0.4166
65.53 -0.3326
74.13 0.1014
11.95 1.223
41.77 -0.6103
448.9 0.4204
45.69 -0.002993
9.618 -0.374
19.32 1.211
10.27 0.8132
0.7906 0.3628
42.82 -0.009186
120.9 0.6124
32.48 0.4993
329.8 0.5426
349.4 0.02692
3.159 1.303
74.14 0.1671
22.9 0.3422
75.82 -0.04408
13.2 0.3073
589.3 -0.378
61.58 0.2787
12.05 0.03666
24.6 0.6148
6.612 0.9311
3.837 0.7374
116.1 -0.3315
2.934 -0.087
24.66 -0.4833
0.47 -1.282
4.876 -0.7075
142.9 0.7452
229.3 0.1248
22.54 -0.4584
64.94 -0.2266
3.478 -2.734
6.674 -1.087
8.211 -0.2957
1.881 -0.2233
52.05 0.2408
37.35 0.3013
184.8 -0.1368
8.627 0.1271
13.61 0.2893
76.77 -0.2628
9.395 0.4711
0.3754 6
14.96 -0.2374
164.2 -0.1649
261 -0.2479
219.1 0.2381
42.83 -0.1191
7.853 0.1651
3.424 -0.73
78.84 -0.4168
18.12 0.08161
124 0.08002
84.39 0.1371
61.51 0.7837
14.49 0.9417
34.2 -0.1446
42.37 0.09965
13.45 0.7857
5.014 1.536
21.78 -0.2062
6.703 -1.624
38.73 -0.0588
21.3 1.253
9.106 0.2633
35.24 -0.1299
113.3 -0.122
499.7 -0.2609
3.153 0.06014
302.5 -0.5788
79.62 -0.09748
20.83 -0.2172
41.81 0.0001799
134.5 0.2331
17.61 -0.5613
47.61 -0.5294
10.78 0.1917
50.57 -0.1449
94.08 -0.2955
84.89 0.526
62.1 0.1736
24.22 -0.4252
180.5 -0.1864
11.28 0.6135
2.119 2.389
498.4 0.1659
53.29 -0.4938
614.7 -0.6306
16.92 0.3886
162.2 -0.4443
10.64 -0.9343
1.914 0.8833
26.16 -0.2435
132.6 0.07756
13.8 -0.2565
97.85 0.3146
2.608 -1.1
22.13 0.5202
34.97 -0.2195
141 0.05116
9.705 -0.1953
8.7 0.04929
5.933 -0.1936
28.63 0.4421
62.08 -0.1025
98.39 -0.37
6.758 1.323
18.56 0.3973
27.88 0.3162
21.45 0.2686
544.6 -0.1869
45.6 0.5897
21.99 -0.5026
7.2 -1.681
44.2 -0.3224
19.34 -0.8221
33.76 0.07184
24.54 -0.8351
20.09 -0.9238
480.4 -0.04401
6.284 0.6218
123.3 -0.5095
27.53 0.8743
54.12 -0.2275
30.07 -0.2205
2151 -0.09759
68.08 0.1586
350.8 0.2067
85.64 -0.3258
83.69 0.5949
27.52 -0.4144
50.84 -0.7521
19.4 0.6319
34.11 -0.1337
58.69 -0.2262
1.999 1.952
7.949 0.8983
0.4256 -6
7.727 -1.276
22.44 -0.01826
31.37 -0.1773
11.55 0.7921
47.08 -0.4588
172.3 -0.08625
106.3 0.2276
1.038 -0.2159
117.7 0.03786
6.743 -0.3402
192.5 -0.02763
22.13 0.001375
37.31 -0.2299
6.339 -0.06574
11.16 -0.05168
19.5 -0.4964
4.906 0.6475
96.68 0.1496
14.53 -0.9195
125.7 0.2847
7.687 0.8724
83.52 0.2858
110.6 0.01385
4.966 -0.8836
458.9 0.562
83.85 -0.1185
154.8 -0.1428
13.1 0.8911
84.72 0.4997
16.92 -0.5646
27.22 -0.1201
225.2 0.3603
1305 -0.05852
16.58 -0.07341
17.47 0.2373
120.4 -0.3123
99.11 0.09822
22.9 -0.1364
19.1 0.4002
186.8 0.05861
63.1 0.37
2.798 -1.33
35.1 0.06599
20.35 0.4303
33.45 -0.08525
90.21 0.2169
3.396 -1.347
7.07 -0.5422
21.31 -0.01122
115.3 -0.04089
39.57 -0.2101
31.06 0.004578
27.94 0.272
5.526 0.4527
92.63 0.213
44.4 -0.4976
13.71 -1.127
26.87 0.4845
52.15 0.3618
13.72 -0.8717
78.56 0.539
27.74 -0.1308
7.336 0.3363
1.665 1.18
6.978 0.7937
80.21 0.01055
122.4 0.06472
97.54 -0.564
132.4 -0.1646
25.05 0.2401
11.14 -0.5858
17.38 -0.2395
10.38 -0.5147
8.958 -1.767
101.3 -0.2948
18.75 0.5666
41.44 0.05074
3.828 0.6383
28.25 -0.3474
3.08 0.7376
11.5 0.9424
12.39 0.09829
22.3 -0.04653
4.754 -0.5924
147.6 -0.3243
6.15 -0.1106
34.25 0.816
87.61 0.1223
68.83 -0.3096
24.26 0.04391
15.89 -0.4446
31.23 0.4036
10.26 -0.1599
45.43 -0.05239
672.2 -0.04822
21.31 1.074
28.12 -0.1071
110.4 -0.05461
43.66 0.2295
57.99 -0.2269
13.37 -0.3095
14.48 1.094
1.542 -1.335
24.28 -0.05333
47.77 0.3826
4.579 0.1654
11.18 0.05572
86.06 -0.2585
165 -0.5099
5.154 -0.001185
222.8 -0.2182
45.94 -0.1726
453.9 -0.4398
4.644 0.804
39.47 -0.02819
174.6 -0.165
47.23 0.3005
5.554 0.5945
24.27 0.1449
40.06 -0.539
12.49 -0.651
38.98 0.1451
14.58 0.09157
23.16 -0.1743
28.62 0.04807
64.24 -0.1139
16.04 -0.5805
29.42 -0.3619
4.045 0.05708
5.489 -1.031
12.55 -0.4515
174.3 0.1126
0.3897 6
22.44 0.7609
17.13 -0.1746
107.4 -1.019
23.34 0.1644
112.5 0.7446
19.49 0.8203
29.7 0.2497
259 -0.08953
26.35 1.151
76.15 -0.009128
0.6577 -0.1306
1.886 -2.271
15.31 0.3963
13.12 0.07765
29.28 0.0374
17.55 -0.4019
56.97 0.4872
1.435 6
16.91 -1.292
10.77 0.3254
12.88 0.08363
14.98 -1.164
13.2 0.6007
2.009 2.208
131.2 -0.8019
104.4 -0.5021
4.128 -0.1658
0.879 -6
1445 0.01423
63.12 -0.1684
12.47 -0.1663
47.28 -0.6846
30.33 -1.146
25.87 0.04652
457 0.4099
73.97 0.07968
7.065 1.076
74.68 0.04972
45.83 0.364
160.6 0.1684
23.56 -0.2082
47.77 -0.2617
40.4 0.3809
48.85 -0.3069
51.49 -0.439
595.8 0.6069
21.28 -0.3863
8.579 -0.3519
18.09 0.4713
38.43 -0.2274
13.66 -0.2294
3.212 -0.8713
3.552 0.2844
72.93 0.2812
4.245 -1.379
42.34 0.2941
181.4 0.04053
15.82 -0.2331
151.2 -0.3405
146.4 0.05456
31.78 -0.211
202 0.002461
152.5 0.3869
140.6 0.2158
7.022 0.4187
44.18 -0.2625
5.1 0.9129
100 -0.4201
23.62 -0.4486
46.46 -0.559
234.1 -0.02607
13.61 -0.07012
50.24 0.1026
185.9 -0.2771
12.17 0.5901
178.1 -0.1615
213.6 -0.5981
53.88 -0.6257
68.46 -0.07172
171.7 0.2001
126.5 0.1986
9.363 -0.6192
91.68 -0.229
65.61 -0.01929
164.4 -0.2832
34.65 -0.1506
117 -0.2739
1.875 0.4282
18.05 0.5484
4.272 -0.355
58.1 0.1495
58.32 0.3578
25.04 -0.04706
31.96 0.2482
18.05 0.612
10.77 -0.2693
10.79 0.2381
27.47 0.2591
290.9 0.1532
222.6 0.09798
2.363 -0.9154
103.1 0.1557
16.67 0.126
5.243 0.9116
36.66 0.4653
2.127 -1.289
15.91 0.7904
3.191 1.967
66.88 -0.3173
81.45 0.1195
29.58 0.009203
69.95 0.02776
9.666 -0.6728
35 -0.1641
8.254 -1.58
428.6 0.3813
199.8 -0.01208
15.48 -0.1989
130.2 -0.2266
32.46 0.268
130.8 0.3239
39.19 0.04265
23.29 -1.291
20.74 -0.2443
9.339 -0.5212
14.65 -0.1136
17.35 -0.7488
24.13 1.327
270.8 -0.2826
69.23 0.2614
359.8 0.1702
181.5 0.1374
23.68 0.2249
14.08 -0.00829
3.886 -0.4093
227.5 -0.4041
49.12 -0.2203
19.68 -0.8095
711.2 0.2139
234.3 0.1364
42.96 -0.1571
32.09 0.2652
1.538 -0.5371
1.832 2.051
4.969 0.4865
7.457 -0.2961
152 0.3155
5.571 -0.1791
2.429 -0.3583
42.59 -0.5984
13.13 -1.653
203 -0.1294
0.6133 -1.391
35.21 0.438
15.54 0.2545
42.49 1.037
15.63 0.5149
5.796 0.2721
8.475 0.2813
4.438 -0.8692
262.7 -0.1318
329.6 -0.6394
10.32 -0.5618
9.731 -0.05476
20.93 -0.3679
31.63 0.2572
1.349 2.801
1034 0.3525
88.91 -0.6547
201.5 -0.3813
56.69 -0.6256
24.25 -0.2524
3.26 -2.21
309.4 0.3688
3.35 1.121
82.54 0.09525
75.33 -0.1044
17.35 -0.1118
71.53 -0.8292
193.8 0.4147
29.98 -1.001
20.3 0.07809
53.78 -0.3959
4.552 0.8986
9.756 -0.8845
9.487 0.5188
127.3 -0.07284
20.75 -1.187
3.341 -2.218
350.2 0.1432
5.025 0.964
10.65 -0.1986
65.9 -0.1658
11.58 -0.1551
10.38 0.2194
1.362 -1.723
153.7 0.1369
43.04 -0.1519
122.3 -0.2018
25.78 -0.2356
112.3 -0.3964
10.32 -1.109
57.66 0.1155
59.86 -0.3464
67.95 0.1901
409.7 0.1133
93.19 -0.05868
94.49 -0.1393
10.56 -0.5125
54.53 -0.02155
9.768 -0.2115
36.87 -0.608
0.3062 6
93.94 -0.2612
7.68 -0.0625
11.99 1.728
21.78 0.5751
11.3 0.1031
127.2 -0.1826
6.857 -0.07042
6.236 0.2491
78.57 0.6351
34.5 0.1544
23.15 0.5769
237.9 0.1978
369.7 0.4397
10.55 1.799
65.42 0.2459
75.22 -0.1063
35.21 -0.1258
58.87 0.1624
44.58 0.142
443.2 0.1857
97.9 0.07642
6.19 -0.1484
10.24 -0.1443
198.3 -0.07792
35.51 0.5954
18.24 -0.3033
353.1 -0.3313
3.435 -0.4512
55.37 -0.3932
13.86 -0.2119
4.118 0.8427
21.7 -0.1858
12.73 0.07524
7.07 0.4625
24.62 0.6648
12 0.2001
19.45 -0.2477
278.2 -0.4604
42.18 0.2912
128.6 -0.484
824.9 -0.3297
32.96 0.9666
29.88 -0.1349
4.322 -1.319
48.35 -0.1661
9.683 -0.3526
10.45 -0.8419
238.6 -0.1573
39.29 0.4958
71.27 0.4207
39.81 -0.2873
153.6 -0.5906
81.48 0.6231
6.655 -0.3095
94.79 -0.01585
20.92 0.6431
4.055 -0.676
5.222 -0.6228
5.111 0.09296
44.25 0.2666
43.82 -0.05094
9.113 0.5511
327.1 0.2709
8.212 -0.1514
41.08 -0.7208
39.88 0.1741
30.31 0.0206
4.902 0.5047
7.992 0.8536
19.52 0.9526
8.842 -0.6317
78.23 -0.1649
59.72 -0.3178
38.13 0.2452
1.943 1.163
29.31 -0.4538
6.752 -0.4239
452.2 -0.1274
4.537 1.689
20.82 -0.03527
13.6 -0.2424
7.291 -0.2874
38.59 -0.6004
127.2 -0.04478
9.02 -1.159
113 -0.1183
55.74 -0.1858
33.28 0.09463
131.6 0.2962
70.99 -0.3046
3.974 0.1998
9.117 -0.0395
162.3 0.05882
109.6 -0.2401
5.19 -0.04505
66.35 0.09028
49.57 -0.1551
28.92 -0.3704
20.11 -0.422
569.4 -0.532
46.34 0.0387
556.5 -0.336
37.77 0.7617
147.4 0.303
8.215 -2.012
3.225 -1.03
12.47 0.7285
17.5 -0.7582
18.63 -0.8439
8.567 -0.9377
76.38 0.1661
21.31 -0.3786
16.01 -1.316
7.624 1.271
51.48 0.9103
9.403 -1.056
60.08 0.1427
33.21 -0.2587
6.973 -0.7021
103.2 0.5684
66.02 0.2916
232.9 -0.1414
41.15 0.4533
65.67 0.01777
2.859 0.4918
2.919 -1.106
132.7 -0.4095
7.167 -0.3798
265.5 0.06509
92.02 0.4256
15.81 0.09133
24.34 -0.7819
93.82 -0.2284
14.13 0.704
28.46 0.4402
33.86 -0.8626
2.815 1.169
19.74 0.47
247.7 0.2738
38.28 0.1003
146 0.191
40.88 -0.5675
248.9 -0.1298
62.02 -0.527
5.741 0.6103
63.66 -0.7066
26.05 0.04664
100.6 0.1715
678.1 -0.02098
429.3 0.1936
66.61 -0.6954
13.28 -0.0306
8.15 -0.9613
12.59 0.1707
3.708 0.09566
77.76 0.1178
256.3 -0.1185
4876 0.4029
142.8 -0.102
2.811 -1.172
198.9 -0.4868
14.88 -0.3983
10.06 0.2575
14.4 1.11
35.43 0.4733
9.318 -0.1051
15.99 0.4798
1.449 0.9077
33.28 -0.4529
13 0.7609
43.21 -0.0192
146.6 -0.06584
17.94 0.07962
90.56 -0.465
208.7 0.1321
63.3 -0.1096
62.79 -0.07079
15.61 -0.2323
3.057 -0.02829
10.36 -0.1668
65.98 0.03775
31.99 -0.0168
15.66 -0.8743
4.602 0.8887
175.4 -0.2526
8.67 0.7424
35.98 -0.3513
8.255 -0.441
13.34 1.549
2.086 -0.3983
597 -0.4763
911.1 -0.1066
34.6 -0.5223
7.899 -0.8153
6.894 0.4021
398.6 0.1614
95.6 0.1101
38.01 -0.1089
17.41 -1.255
18.18 -0.25
62.7 -0.2938
342.7 0.6481
4.379 0.01958
20.56 -0.06007
1.911 1.565
21.38 0.07294
39.16 -0.1249
49.44 -0.1869
40.3 0.2033
2.9 -0.1022
75.01 -0.5808
67.39 0.2241
56.39 0.1664
49.69 0.4072
3.912 1.319
14.35 1.7
21.67 -0.05677
14.02 -0.587
25.87 0.3422
6.516 -0.7217
70.14 0.04256
10.98 1.434
144.7 0.05272
230 -0.04847
42.54 -0.5059
21.82 -0.113
7.844 0.001758
4.064 -0.554
1.757 2.224
43.8 -0.138
7.204 1.289
42.53 -0.7439
86.03 0.6859
209.6 -0.5873
17.96 -0.04267
9.604 0.6572
24.22 -0.2373
63.43 0.07029
171.1 -0.02297
19.46 -0.3347
4.028 -1.388
10.4 -1.097
6900 -0.001957
3.411 -0.2699
15.21 -0.09389
52.09 -0.2908
865.2 -0.7269
234.9 0.08148
635.2 -0.1802
29.08 -0.1351
171.2 0.2413
43.29 -0.818
229.3 -0.28
5.282 0.1353
90.37 -0.4177
131.5 -0.6208
170 -0.2566
19.47 0.03949
5.944 0.4343
33.38 -0.5271
33.92 0.445
10.14 -0.01237
15.18 -0.6147
204.5 0.05995
60.44 -0.02643
29.98 0.1882
5.825 0.8419
14.66 0.4118
42.17 0.7895
40.21 -0.1323
58.44 -0.5396
34.06 0.7728
50.78 0.03565
7.155 -0.5613
18.16 -0.5242
127.9 -0.05664
4.506 -0.3159
64.88 0.252
112 -0.5113
90.09 0.1083
13.41 0.4589
24.19 -0.4652
49.52 -0.04119
11.25 -0.2507
10.88 -0.06925
332.8 -0.1943
613.5 -0.1029
65.4 0.3962
222.8 -0.106
33.5 0.5467
10.05 0.2286
120 -0.02283
117.8 0.03854
3.654 -1.901
12.75 0.3121
601 0.1082
127 -0.4464
701.5 0.4576
8.08 -0.1634
5.482 0.7497
39.03 0.3771
167.2 0.0728
54.29 0.6625
21.14 -0.008815
28.83 0.1492
42.28 -0.3056
5.835 0.199
28.4 -0.8931
1.206 -6
6.929 -1.485
13.23 0.1842
96.16 0.329
19.68 -0.05559
79.54 0.5459
18.09 -0.1027
14.17 -0.2864
40.92 -0.918
7.329 0.07628
5.105 -0.3647
8.214 0.03129
499.7 -0.1067
19.18 0.01825
291.4 0.396
27.27 0.3374
3.134 0.09495
50.96 0.2087
9.633 0.9014
20.78 -0.6816
7.297 0.6595
149.3 0.1184
4.468 1.291
1.097 0.2724
24.35 -0.013
8.892 -0.6417
140.3 0.03865
2.017 0.4865
92.91 0.2153
80.96 0.1095
34.73 0.2282
17.63 -0.8548
98.71 -0.7935
3.198 -0.635
4.549 -0.5279
9.674 0.1356
71.4 0.1991
34.19 0.5298
8.835 -0.06306
366.5 -0.01192
4.454 -0.1484
176.1 0.1277
86.14 0.1098
13.36 -0.2776
25.09 -0.09226
12.76 0.3322
99.22 -0.008161
47.37 0.6573
27.67 -0.9971
21.77 0.06457
68.2 -0.254
223.3 0.4214
94.59 -0.2998
3.707 0.4398
102.8 0.1924
50.12 -0.2963
10.61 -0.2275
48.42 0.05598
48.65 -0.1829
32.78 0.1169
11.03 0.8059
22.16 -0.4208
90.93 -0.3577
1.975 -0.376
26.15 0.29
46.28 0.3046
334.2 0.1716
114.9 -0.1742
4.602 -0.534
3.297 0.4033
28.08 -1.056
12.3 0.4547
10.98 -0.8966
7.877 1.109
39.98 0.0856
48.94 0.233
23.19 0.3043
35.87 -0.4094
52.52 0.01512
19.72 -0.311
0.5302 0.711
13.29 0.4775
69.17 0.07993
5.541 0.8879
88.16 0.4156
22.06 0.2237
22.51 0.601
7.817 -0.4073
39.59 0.05395
4.13 0.7657
4.138 -1.754
8.036 -1.236
112.3 0.3236
20.84 -0.2286
46.41 -0.2055
3.404 -0.7486
11.02 0.4832
48.22 0.3231
1.963 -1.101
28.99 0.00535
73.04 0.1112
38.3 -0.2675
4.27 0.907
16.11 0.05838
14.08 0.3663
13.04 -0.557
7.631 1.172
32.36 0.6799
10.22 -0.5563
50.81 -0.2987
7.712 0.3963
458.3 0.2178
53.2 0.05933
4.313 2.001
34.53 -0.3562
30.58 -0.09768
3.114 -0.3108
27.83 -0.6259
34.21 0.505
372.2 0.8681
39.68 0.2666
5.44 -0.4337
611.5 -0.282
192.3 -0.0607
105.6 -0.1487
45.41 -0.317
89.77 -0.4286
84.35 0.2673
226.3 0.0326
175.6 0.01227
14.34 0.5742
4.047 2.726
879.3 0.03316
38.19 -0.322
10.18 -0.5279
9.301 -0.4384
32.5 0.2099
12.83 -0.4648
0.8843 2.237
35.04 -0.08212
50.46 -0.1464
27.46 0.3877
112.3 0.1021
8.477 -0.1347
41.7 0.8215
24.77 0.2662
32.55 -0.2417
18.21 -0.4007
17.54 -0.7462
488.4 0.01637
79.71 -0.0186
18.9 -0.4489
34.04 -0.3985
65.04 0.1423
2.406 -1.19
7.811 -1.641
17.17 0.539
5.878 0.01139
179.4 0.0006498
22 -0.4842
38.52 -0.948
6.782 -0.5813
34.22 -0.02331
85.57 -0.1274
85.18 0.1143
546.1 0.1656
4.602 -0.47
76.37 0.1932
46.87 0.326
12.74 0.5011
3.765 -0.6073
52.18 -0.2785
5.833 -1.745
13.45 -0.06256
40.13 -0.3249
61.22 0.0312
293.1 0.0004088
43.75 -0.1449
67.13 -0.6419
41.21 -0.07707
10.38 0.1028
100.7 -0.01975
37.38 -0.8303
32.84 -0.0611
5.94 -0.0252
60.9 -0.08878
18.57 -0.6003
29.02 -0.3898
43.7 -0.09677
26.89 0.6486
19.29 -0.2713
3.34 -0.9079
3.848 2.805
6.306 1.057
9.964 0.7289
306.9 0.6323
28.3 0.5374
4.855 -0.2675
29.64 0.08494
32.73 0.1144
28.95 0.184
14.01 0.1211
143 0.05961
48.66 1.027
1.405 -3.222
14.85 0.01808
36.71 0.218
61.72 -0.05937
18.01 0.6422
7.555 -0.3167
136.4 0.335
4.398 1.007
9.029 -0.2297
5.773 -0.3695
62.18 0.1453
51.16 -0.04262
3.66 -0.3304
420.7 0.5129
98.32 0.06032
4.001 0.9502
52.87 0.1373
5.26 0.6869
1885 0.2371
20.65 0.1365
14.29 -0.6236
40.55 -0.5303
405.1 -0.1835
15.75 0.03708
36.79 -0.5483
4.254 -1.21
8.668 0.5155
118 0.2761
16.85 -0.7733
49.03 -0.4053
12.88 1.078
6.753 -0.2669
21.11 -0.08258
222.7 -0.3515
33.69 -0.663
22.87 -0.8854
5.261 -0.02748
25.67 -0.5156
12.74 -0.5571
2.723 -0.3196
656.3 0.3073
25.59 0.6679
59.31 0.124
6.836 -0.3127
31.74 -0.5837
24.77 0.1996
80.84 -0.296
0.3545 -6
11.27 0.1782
5.938 -1.082
42.22 -0.5087
15.32 -0.7459
22.39 0.2784
37.19 -0.945
15.13 -0.4315
39.26 -0.03756
23.16 0.4913
7.9 -0.9849
159.8 -0.06818
1318 0.3072
3.42 -0.7338
36.37 1.006
37.28 -0.3053
73.48 0.07852
4.219 -0.4674
85 -0.4236
14.6 0.05561
9.729 -0.1429
4.187 0.01109
5.985 -0.04121
99.92 -0.4891
135.6 0.02784
9.992 -0.7967
123 -0.3805
11.43 -1.366
4.893 -0.3886
62.96 -0.05439
7.869 -0.08971
5.75 -1.112
43.13 0.04592
14.55 0.5148
105.9 -0.3979
9.262 -1.045
4.754 -0.5438
1.884 1.947
136.2 0.2518
7.055 -0.5827
150.7 -0.5629
14.73 -0.8153
45.02 -0.3265
4.379 -0.2027
7.274 -0.6087
5.918 -0.8626
25.47 -0.1254
19.45 -0.0288
297.8 -0.1118
21.58 0.07235
384.1 -0.03045
8.645 0.7307
230.6 -0.02616
27.98 0.09359
13.46 0.08363
74.07 0.2699
51.35 -0.3369
8.258 -1.451
91.93 0.3026
46.15 0.04985
1.344 -1.073
302.3 0.04359
104.3 -0.1199
0.7122 -1.639
550.2 -0.2801
157.3 0.1849
25.24 0.8686
28.18 -0.007271
39.43 0.7671
19.49 -0.01712
7.381 -0.6697
183.3 0.2826
4.134 -1.512
5.807 2.269
23.04 0.08784
120.6 0.5797
3.906 0.001491
318.5 0.2088
21.29 0.1674
325 -0.4989
4.195 0.5808
18.4 -0.5248
26.2 0.1597
70.36 0.1699
84.5 0.2004
211 0.1019
12.52 -0.3741
63.05 -0.02038
49.59 0.042
28.43 -0.5487
25.69 -0.5644
69.5 0.2634
26.85 0.3372
13.43 0.5922
5.097 1.456
81.3 0.07452
10.39 0.4007
5.679 -0.3066
328.1 -0.2854
30.65 0.3853
13.89 0.524
1.692 0.1209
30.08 0.1257
31.81 -0.01258
21.3 0.606
366.4 -0.3269
224.3 0.2635
28.99 -0.5102
56.96 -0.2704
30.52 0.415
14.59 -0.3032
453.7 -0.1446
128.8 -0.3967
74.76 0.6703
59.15 -0.2894
25.08 0.07884
226.2 -0.09161
7.799 0.4506
19.44 -0.07315
11.43 0.1724
13.94 0.2495
32.96 0.09639
11.04 0.3523
4.498 -1.688
409.2 -0.08378
4.971 0.7163
6.369 -0.4396
231.6 0.1678
3.327 1.069
9.314 -0.2192
147.9 0.5822
339.8 -0.01628
39.04 -0.0879
66.48 -0.5462
43.37 0.3021
69.01 -0.384
27.47 -0.1466
63.2 -0.1732
21.81 0.3619
13.51 -0.7026
2.755 1.891
37.54 0.04587
15.08 -0.0152
28.55 0.2375
115.4 0.02915
147.5 0.1022
22.63 -0.0856
9.72 0.5627
5.41 -1.138
36.11 -0.766
38.72 -0.1213
22.56 -0.3567
11.02 -1.012
17.02 -0.5675
29.13 -0.8562
10.77 -0.8481
2.418 1.338
2.025 0.6496
3.534 -0.3445
15.42 0.3587
91.91 0.1376
82.61 -0.3635
7.976 -1.03
3.052 1.37
31.23 0.6886
267.6 -0.307
13.83 0.1256
7.501 -0.7605
5.738 -0.6514
17.13 -0.02695
87.73 0.9646
9.635 -0.07009
53.02 0.2928
41.66 0.3721
4.623 1.08
38.37 -0.1301
30.89 0.4053
303.8 0.2717
204.5 -0.07995
1.48 -1.915
52.75 0.2057
116.9 0.2652
41.83 -0.5623
4.986 0.002656
1.95 -1.737
150.6 0.09065
38.7 0.4688
13.39 -0.5496
6.762 -1.207
54.09 0.1738
10.54 1.943
0.9922 -6
23.86 0.4426
27.92 -0.4102
0.4996 -0.9162
36.92 -1.054
80.94 0.05774
36.75 0.285
26.86 0.04363
82 0.1972
14.98 0.2323
365 -0.3043
3.856 -0.06335
38.35 -0.1854
307.3 0.3952
12.16 0.132
130 -0.1514
49.34 0.151
7.892 0.2143
40.69 -1.259
58.78 0.2772
86.45 0.326
43.87 -0.3917
63.6 0.2624
4.212 0.9693
298.4 0.1263
7.488 -0.3652
9.061 -1.334
40.7 0.1861
124 0.5076
2.518 -1.144
32.97 -0.4896
29.6 -0.3085
69.78 0.2918
16.87 -0.6023
26.27 -0.04372
68.27 -0.1725
8.533 0.057
9.104 -0.0355
44.01 -0.0863
224.1 -0.2952
94.8 -0.1229
4.27 0.2445
25.39 -0.07814
10.37 -0.2811
89.05 0.1026
64.51 -0.05712
87.48 -0.4554
12.26 -0.2674
221.4 -0.01564
69.28 0.07716
48.91 -0.2982
43.91 0.2035
50.24 -0.3524
32.56 -0.639
59.61 -0.4604
48.32 -0.002247
98.98 0.4351
314.4 -0.01588
44.06 0.3112
95.63 0.06854
8.4 0.08238
30.81 -0.1302
16.27 1.04
9.253 0.5073
16.63 0.2213
18.95 -0.3003
5.034 1.403
16.62 0.2442
50.29 -0.07156
4.758 -0.3556
91.73 -0.6859
500.6 0.1997
8.696 -0.5265
9.884 0.3796
46.64 -0.1183
51.24 -0.484
11.8 -1.146
17.21 -0.0005716
5.921 0.1742
17.58 -1.257
14.82 -0.001236
4.815 1.135
11.02 -0.9659
24.1 -0.1691
59.39 0.08187
19.86 -0.4592
38.6 0.3019
163.5 -0.0153
17.02 -0.01536
30.78 0.7211
108.3 -0.1047
18.05 -0.08339
3.313 -0.594
107.2 0.1098
31.18 -0.1985
75.34 -0.07291
55.04 -0.07723
237.6 0.07512
13.5 -0.6605
159.6 -0.03708
39.42 -0.3677
28.05 0.03736
3.397 1.321
69.39 -0.1183
14.62 -0.3739
353.5 -0.1087
7.268 -0.9443
9.451 -0.3991
70.22 0.3367
9.299 -0.5847
58.05 0.4683
11.07 -0.2446
225.6 0.2855
18.42 0.4423
77.31 0.4834
681.7 -0.357
302.4 0.01063
174.2 0.4724
44.51 -0.6194
23.3 -0.01272
3.182 0.3791
11.38 -0.6894
3.073 -1.746
9.747 -0.06004
9.107 0.5734
59.33 0.2375
25.89 -0.04141
138.3 0.1446
4.923 0.4187
223.9 -0.5659
245.3 -0.1864
5.734 1.021
82.34 -0.2935
35.25 -0.08302
168.9 0.2134
12.07 0.6899
11.22 0.5579
4.104 1.459
4.886 0.01767
36.45 -0.4733
16.06 -0.8009
153.5 0.7115
111.9 0.05107
2.009 2.21
8.529 0.9102
21 -0.0004367
161.4 -0.4309
309.8 -0.2873
44.84 0.1586
3.118 -3.245
53.81 -0.1391
22.88 0.1009
13.24 -0.2578
0.664 1.502
12.58 0.1414
80.6 -0.4327
5.486 -0.5823
296.5 -0.1613
14.63 -0.4491
35.31 -0.0689
122 0.5996
91.5 -0.518
14.78 0.3813
15.3 0.9059
106.7 0.2406
36.92 -0.3601
6.332 0.4342
40.13 0.09498
9.906 -0.1987
10.21 0.7614
20.15 -0.193
6.91 -0.1441
2.393 1.288
2.245 2.404
7.35 -0.3122
3.108 0.1779
54.24 0.1249
16.11 -0.1759
12.43 0.2019
185.3 0.3752
241.2 -0.01554
17 -1.212
31.15 0.07259
49.13 0.2247
9.249 0.8689
11.74 -0.709
15.73 0.3857
145 -0.4236
5.634 0.5519
70.69 -0.5029
28.01 -0.1218
3.42 0.8113
30.85 0.6144
16.22 0.1604
83.78 0.2259
8.112 -1.411
85.97 0.07569
54.95 -0.1551
84.1 0.7905
6.674 -0.487
6.197 0.4353
14.82 0.3124
2074 0.2224
213.9 -0.2143
37.25 -0.02982
8.232 0.6502
2.882 0.6088
81.42 -0.06418
47.44 0.2358
44.54 -0.4737
13.46 -0.8254
91.16 0.3241
571.6 -0.6316
37.82 -0.1969
357.6 -0.1559
18.02 -1.276
7.517 -0.8336
58.94 0.3726
145.5 0.3021
0.8509 -0.6489
74.38 -0.478
32.2 0.2419
101.3 0.06153
4.417 -0.1613
39.96 -0.1662
37.1 0.1621
1196 -0.3974
294.8 0.2067
6.051 0.02007
6.936 0.6987
3.35 0.1017
51.41 0.3082
111.5 -0.2781
164.6 0.1147
37.03 0.1112
16.29 0.08163
8.421 -0.445
29.97 0.1236
146.7 -0.4159
168.3 -0.2363
9.676 0.7765
148.8 0.2325
1.804 -1.098
28.49 -0.1299
9.019 0.06288
144 -0.2785
35.07 -0.08903
10.59 -0.0817
66.88 0.06196
64.79 0.01861
50.74 0.4258
13.3 0.1656
56.19 -0.04682
57.9 0.01208
7.081 0.6253
78.73 -0.2541
88.03 0.05128
3.637 -3.46
14.86 -0.305
39.17 -0.266
17.19 -0.7884
81.1 0.431
58.12 -0.2038
71.72 -0.07626
82.61 -0.09581
10.45 -1.317
4.625 0.5184
1.697 -0.7841
97.4 0.08202
13.9 0.3412
60 0.1854
307.4 0.02122
33.97 -0.07828
34.57 0.4655
7.585 -0.2595
0.3425 -0.5028
9.837 1.153
24.77 -0.3225
25.47 -0.365
39.92 -0.04938
16.37 -0.3699
35.64 -0.3292
545.1 -0.3003
159.3 -0.01743
75.5 0.277
104.6 -0.01458
71.32 -0.03527
29.4 0.6449
7.372 -0.2864
16.9 -0.1032
36.71 0.6143
35.82 0.02657
3.201 -0.9152
15.1 0.0846
136.8 0.326
4.328 -0.08654
9.169 -1.134
3.905 0.1705
33.73 -0.2893
16.8 -0.265
30.64 -0.1145
47.89 -0.3907
21.37 -0.8165
36.99 0.6986
121.8 0.2411
31.14 -0.5478
72.67 0.6436
6.039 0.5664
384.6 0.2135
0.3401 -6
385.2 0.3257
154.4 0.4918
135.4 0.2389
7.688 -0.9133
1.474 0.5709
34.33 0.4193
35.27 -0.2873
8.422 -0.207
200.1 0.4415
21.15 0.5197
932 -0.08907
9.844 0.6028
7.982 -0.02258
34.22 -0.4259
26.82 0.4077
106.7 0.2039
2.59 -1.638
13.74 -0.09852
26.77 0.1505
0.6664 -6
281.5 -0.09427
27.45 -0.1932
150.4 0.3009
78.43 0.1174
24.34 -0.2598
11.12 0.6092
43.14 0.3665
97.67 0.3934
39.52 0.05365
136.7 0.1664
149.1 0.3925
16.78 -0.2467
3.995 -1.523
10.24 -0.1582
9.637 0.31
9.006 -0.1706
226.4 -0.3617
16 -0.422
50.21 -0.04225
69.08 0.09614
4.325 0.122
13.94 0.1194
51.8 -0.1451
34.84 0.1526
15.59 1.187
7.102 -0.286
274.2 0.06858
93.17 -0.6802
17.33 -0.3039
10.54 0.4467
26.1 -0.8044
25.67 -0.2499
41.92 0.02729
30.71 -0.07961
4.651 0.01046
21.52 0.5025
24.41 0.3555
20.41 0.1605
9.07 0.6013
13.51 -1.165
54.26 -0.05291
180.3 -0.07325
9.465 0.7476
219.5 -0.5448
66.43 0.1082
19.24 -0.3256
25.12 -0.8865
45.03 0.2121
4.059 -0.5286
14.06 0.5035
19.2 -0.2477
1882 0.2271
0.7819 -2.203
22.71 -0.1425
12.41 -0.6601
77.32 -0.03272
290.2 0.2096
36.5 0.1574
10.76 0.5986
61.18 -0.5361
4.506 -0.03687
1126 0.4686
4.347 -0.5523
25.03 -0.3546
91.64 0.005325
0.9966 0.2487
12.93 0.3301
314.2 0.01427
5.619 0.3776
59.25 -0.3724
33.91 0.05263
92.07 -0.4412
269 0.06201
18.66 -0.006152
9.381 -1.213
40.12 0.4268
10.55 1.242
6.034 0.1778
23.58 0.7903
28.18 0.06934
11.41 0.3668
6.212 -1.18
45.39 -0.1213
52.61 -0.4679
12.57 -0.5247
19.15 0.3026
313.7 0.004441
10.28 0.07544
54.32 -0.09521
29.34 0.4518
3.551 -0.7793
9.888 -0.2106
6.24 0.07089
37.49 -0.52
15.16 0.277
234.7 0.196
1216 -0.2708
2.067 1.052
1.941 0.9756
67.34 0.6271
63.43 0.1215
12.27 -1.43
21.43 0.3876
27.35 0.4114
40.84 0.595
131.1 -0.2003
560.9 -0.0379
35.37 0.2816
47.13 -0.277
38.06 -0.443
19.09 1.125
2.667 -0.9981
99.58 0.3201
1.125 0.2264
31.56 0.8701
70.42 -0.316
57.95 -0.03789
136.1 -0.06702
32.1 0.3605
67.25 -0.05385
17.69 -0.5956
108.3 0.5954
113.6 0.03848
13.17 -0.5718
11.01 0.8005
7.221 -0.2902
2.557 -0.7646
59.19 0.3692
11.29 0.256
22.83 -0.2679
4.869 -1.264
17.33 -0.266
10.98 0.1949
52.69 -0.4053
5.669 0.3764
20.57 -0.6563
41.51 0.03374
71.29 -0.5768
2.576 0.206
381.5 -0.3868
16.38 0.282
33.1 -0.377
7.73 -0.2177
25.83 0.0932
19.4 -0.3688
35.7 0.01473
269 -0.1671
47.94 0.3655
22.81 -1.026
28.11 -0.3146
200.7 0.2641
21.03 0.07014
293.2 0.7038
65.3 -0.1602
440.2 -0.3086
9.682 -0.3191
41.36 -0.1087
265.1 0.2557
113.4 -0.2807
217.2 0.02489
5.686 0.5765
44.93 -0.05736
2.878 -0.6823
37.83 -0.04582
214.1 0.2802
13.33 0.2255
26.05 0.5397
70.91 0.1526
53.57 0.1215
4.288 0.6461
17.38 -0.2842
50.33 -0.1644
25.77 0.4133
6.748 0.1149
120.7 -0.1566
164.4 -0.03799
4.915 -0.08597
34.15 0.3881
58.05 -0.6163
302.3 -0.08236
29.39 0.5817
4.081 0.6836
14.33 -0.1837
17.3 -0.6263
51.87 -0.1546
174 -0.6669
5.058 -0.1744
4.239 -2.195
420.6 0.1345
5.178 0.3277
33.48 -0.1172
16.25 0.06269
204.1 0.4972
166.1 0.1893
45.22 -0.2653
54.63 -0.002801
5.969 -0.7008
3.132 -0.668
150.7 -0.7789
491.5 -0.2816
25.94 -0.2453
45.71 -0.2333
52.54 -0.5604
231.7 0.2996
80.88 -0.334
35.63 0.483
80.33 -0.2737
35.19 0.2285
7.479 -0.3412
46.74 -0.4724
129 0.6364
36.88 -1.007
7.833 0.7953
53.76 -0.194
26.8 -0.3136
956.7 0.1337
7.166 -0.9828
4.735 -1.064
77.81 0.3398
102 -0.008469
3.075 -0.9405
703.7 0.227
1.775 -1.507
202.1 0.2788
17.5 -0.1715
91.31 0.2102
99.74 -0.3605
80.91 -0.01222
1.168 -1.456
18.2 -0.8059
50.12 0.09817
11.84 -0.6442
104.7 -0.3998
15.24 -0.2364
11.79 0.6697
23.2 0.1076
30.47 -0.4558
11.04 -0.5526
19.73 -0.4443
124.2 0.3302
5.855 0.5111
11.26 0.8711
12.68 0.05872
28.19 0.1336
178.7 0.7107
6.586 1.197
20.51 -0.9339
106.1 0.3384
33.39 -0.4548
10.26 -0.2971
2.757 2.21
278.5 0.1341
3.397 0.6447
143.3 -0.2728
46.99 -0.04096
46.32 0.3553
12.34 0.5462
24.38 -0.6445
157 -0.5368
134.9 -0.06167
24.38 -0.4581
12.96 -1.437
58.5 0.07733
9.391 0.893
10.29 -0.4723
8.414 -0.2669
0.3401 -6
276.8 -0.00648
26.25 0.2791
156.8 0.04446
31.49 0.2845
