a m
67.04 1.204
37.6 -1.412
20.19 2.076
11.4 -1.961
15.49 -1.849
499 3.54
9.115 -3.504
49.18 1.235
3013 1.422
252.1 -1.411
240 2.184
111.5 1.569
31.05 -1.637
93.38 -1.652
476.4 1.368
30.18 1.829
28.16 1.284
57.21 1.565
39.33 1.362
1741 0.8853
73.11 1.294
87.28 1.159
32.25 -1.598
263.5 1.762
17.49 -3.37
24.31 2.839
83.74 1.139
91.27 2.131
467.8 1.742
28.42 -1.295
61.27 1.566
184.3 1.381
128.9 3.601
25.45 1.353
79.47 -3.131
35.34 -1.964
314 0.9045
49.45 -1.019
17.24 -3.897
51.2 1.636
151 0.8433
78.49 1.295
9.979 2.001
134.5 1.795
42.66 1.959
155.8 -1.701
17.57 -4.812
119.7 2.56
6.351 -2.556
42.76 -2.382
23.37 -1.446
57.7 -1.228
120.7 -4.247
191.1 -1.184
161.1 1.468
695 -1.308
23.7 -2.674
32.46 -2.52
250.1 1.039
189 -0.7959
41.14 2.227
92.2 1.896
36.39 2.081
141.7 -2.236
59.69 2.678
44.46 1.729
14.15 2.153
192.3 1.283
13.98 -1.646
20.73 1.525
140.5 -2.345
8.228 -2.768
25.59 -2.263
21.63 -1.891
37.08 2.177
532.6 0.728
187.1 0.7846
254.8 1.536
148.4 1.39
17.8 -5.216
17.59 -3.92
66.46 -3.713
740.3 2.282
50.09 -2.071
79 1.717
27.39 -1.261
152.4 1.966
28.25 2.845
172.9 -0.9622
15.12 -3.332
430.6 1.872
206.9 -1.234
11.61 -6
2569 3.058
353.1 -1.591
18.39 3.345
12.41 -2.289
117.6 -0.9298
183.8 1.448
59.14 -0.9229
12.29 2.048
33.55 -2.51
111.8 -0.909
84.84 -1.992
91.5 2.364
184.6 1.174
135.7 1.337
805.3 2.659
157 1.376
38.92 -1.405
32.02 -1.19
106.4 -1.032
45.16 1.867
7.665 -3.159
203.4 -0.8341
32.14 1.242
65.06 1.414
170.4 1.016
108 1.994
277.7 1.664
254.1 1.088
17.13 2.093
246.9 2.834
94.47 -1.999
2222 5.437
644.9 0.9534
121.8 1.721
311.5 0.9808
69.19 1.033
127.1 2.459
86.1 1.828
125.6 -0.872
428.8 -0.8842
1415 1.659
17.6 2.547
27.17 3.051
226.3 -1.428
18.32 1.935
21.77 3.238
541.1 3.046
179 2.464
397.7 -1.055
37.01 -1.439
186.4 2.121
52.24 -1.367
52.5 -1.503
33.7 2.428
40.08 -1.188
41.13 1.308
37.55 2.111
254.7 2.579
28.87 1.257
60 -1.466
92.6 1.36
141.6 -1.129
111.5 2.91
580.9 2.976
59.81 1.056
12.06 -2.568
77.71 1.566
41.73 -3.367
172.7 3.824
107.4 2.544
12.87 -2.585
110.6 1.844
73.34 1.109
26.33 1.504
147.8 1.022
191.4 -0.9464
856 2.169
42 -1.414
63.31 -1.626
52.76 -1.828
18.28 2.493
355.1 -0.8826
57.91 -1.495
451.8 2.44
70.13 -1.626
499.4 1.714
63.99 1.357
27.49 -1.795
584.3 2.098
197.8 0.8625
35.1 2.165
55.04 1.243
44.09 1.1
113.1 1.542
59.95 3.246
401.5 1.223
43 -1.754
247.4 0.8832
24.18 -4.408
16.12 -2.364
43.22 1.364
39.75 1.17
35.79 1.747
14.75 -1.755
10.53 2.365
176.7 2.721
49.18 -2.561
682.7 3.188
16.17 -2.443
205.4 1.541
237.7 1
16.73 -1.823
22.45 1.74
266.4 1.642
89.13 -0.8595
39.48 2.805
627.2 -0.7574
261.4 -1.174
3565 2.701
713.9 0.8664
11.31 2.164
2911 5.597
29 2.467
160.3 -1.619
156 -1.358
3854 4.253
395.4 -1.015
194.5 2.538
262.9 1.529
43.36 1.362
333.2 -0.7726
18.64 -3.051
294 -0.9009
273.1 1.79
35.02 -2.577
317.8 1.782
652.9 -1.27
140.8 -1.167
33.07 -1.548
171.7 -0.9758
38.59 1.219
213.3 0.9057
216.1 -0.8746
81.56 1.008
31.24 4.835
19.16 -1.602
232.3 -1.211
185.6 -1.033
68.45 -1.09
141.3 1.93
47.28 1.542
17.59 -1.648
19.24 2.464
38.67 1.793
68.99 1.178
40.28 -2.168
13.08 3.32
283.6 2.749
308.5 -1.465
55.15 1.879
753.5 1.048
241 1.135
190.8 0.7906
12.65 2.517
10.65 -3.652
50.6 -1.396
59.68 0.9802
18.16 -1.654
201.9 -1.667
19.04 1.593
26.02 1.964
36.75 3.103
386.4 2.081
185.9 -1.417
5.596 -2.989
10.93 2.439
192.5 -1.936
100.6 1.042
27.46 2.89
27.42 -1.599
47.43 2.454
24.81 -1.631
58.07 -1.482
54.85 -1.104
317.5 2.114
40.5 -3.097
252.9 -1.621
127.1 3.764
1142 2.538
68.61 1.82
208.1 -1.136
239.3 1.015
10.47 -1.998
118 -1.493
408.4 3.842
195 1.842
30.22 1.637
81.1 0.9893
18.4 -1.904
24.71 2.5
24.56 1.646
354.3 1.439
1996 1.777
405.7 1.144
321.3 1.512
109.3 -2.754
64.29 1.926
22.54 -1.451
1594 3.67
50.84 -2.333
439.7 3.977
49.82 -2.979
19.06 2.069
28.09 1.322
35.05 -3.401
1019 -0.9281
15.2 -2.021
277.4 1.892
515 2.219
9.063 -2.168
116 -0.9095
64.74 -1.943
385.6 2.032
30.79 2.554
30.6 -2.455
2978 2.755
11.66 2.114
516.2 2.954
76.68 1.155
182.6 1.786
120.4 2.1
35.02 1.294
57.84 1.162
18.83 2.429
66.79 1.204
59.22 -1.222
10.23 2.688
144.5 1.277
91.22 0.9097
124.9 -5.47
12.25 -2.113
263.9 -0.7348
20.34 -2.888
168.8 1.628
41.35 1.26
10.24 -2.494
115 2.709
28.49 -1.807
221.8 -1.131
349 1.365
222.9 3.963
63.43 1.093
11.92 2.086
112.4 1.428
17.94 2.415
632 1.009
33.05 -2.97
101.9 1.368
49.03 1.417
228.6 1.838
128.6 0.8666
56.2 1.071
31.43 -3.25
53.09 1.991
25.2 1.672
21.19 2.726
25.34 1.548
44.6 1.324
451.3 2.385
82.73 -1.842
16.99 -2.297
11.35 -1.997
48.96 -2.559
143.9 -1.09
48.39 2.296
67.61 1.535
383.4 1.48
242.4 0.9809
58.67 1.277
985.3 1.179
98.43 -0.9705
206.7 0.9764
13.56 2.181
173.7 1.08
370.4 1.727
6.464 -2.928
6.012 -2.789
34.41 1.837
175.1 1.283
36.16 -1.382
26.46 -2.382
72.94 -1.067
11.58 2.961
69.32 1.704
10.71 -3.141
12.44 -2.735
209.7 0.8129
255.9 1.698
41.37 1.197
709.2 -2.67
122.8 1.443
716.4 -1.146
378.1 2.357
80.9 -2.885
639.3 -1.182
35.74 1.182
42.75 1.228
1314 3.815
21.88 -1.417
198.8 2.982
15.4 -2.091
