a m
27.21 -0.1923
0.3408 2.419e-12
108.5 -0.06123
21.89 -0.1113
32.73 0.3154
202.8 0.03004
157 0.3413
2.759 0.2642
59.8 0.1691
17.82 -0.2097
29.1 -0.02036
65.74 0.3373
1.419 0.01782
123.1 -0.339
7.103 0.2044
118.8 0.5423
2.935 -0.5341
43.55 -0.4624
45.69 -0.08458
37.14 -0.3042
23.63 0.3718
115.2 0.1019
107.2 0.1637
15.7 -0.4086
6.316 -0.6181
78.02 0.4678
105.8 0.09494
8.038 0.4517
18.18 -0.2094
5.503 -0.4382
32.28 -0.02967
65.5 -0.09899
439.9 -0.003491
15.51 -0.2793
14.15 0.3264
283.9 -0.1557
133.9 -0.1312
8.231 0.2094
7.27 0.2755
138.9 -0.1358
0.6125 2.418e-12
39.94 -0.4572
7.359 -0.2402
35.47 -0.2934
135.1 0.08362
8.287 -0.3902
35.41 0.1316
146.6 -0.234
39.33 0.451
15.64 -0.188
166.2 0.01845
524.4 -0.0123
259 -0.2399
402.1 -0.2775
162.7 -0.1368
4.696 -0.01925
7.101 -0.2506
2.956 0.1992
107.6 0.07582
49.09 0.02816
41.09 0.02521
684.3 -0.01984
24.57 0.3908
25.79 0.2852
70.4 0.36
62.51 -0.1738
41.28 -0.01442
6.217 -0.01536
21.84 -0.234
152.1 -0.03104
7.96 0.3654
20.15 -0.251
30.9 0.1526
306.9 -0.1746
176.1 -0.1583
315.8 -0.07226
93.98 0.495
224.7 0.425
30.21 0.4217
65.18 -0.2545
23.07 0.03952
14.44 -0.088
16.43 0.07547
3.701 0.2151
90.51 -0.3916
25.14 0.3723
4.996 -0.0627
29.69 -0.05314
41.61 -0.6353
2.096 -0.03693
312.8 0.4566
20.6 -0.22
103.7 0.1716
77.76 -0.1358
5.347 0.1167
29.41 0.08707
107.8 0.1497
32.71 -0.03067
10.38 0.5474
62.82 0.3064
304.2 0.3617
20.58 0.03206
43.61 0.1581
15.65 0.4892
39.62 0.112
29.54 0.7798
12.7 -0.6448
46.03 0.3267
3.332 0.04788
33.09 0.07757
56.43 0.1963
19.27 -0.04216
11.6 -0.3936
166.6 -0.03063
103.6 0.2005
92.33 0.2585
190.2 -0.2884
494.2 0.0996
35.57 -0.2837
109.9 -0.3697
23.51 0.01939
2.666 0.06413
4.618 -0.09013
254.2 -0.338
66.61 -0.3108
172 -0.3502
87.26 -0.1006
3.308 -0.07527
23.23 -0.09734
41.63 0.04754
131.5 0.3009
71.21 -0.05839
11.58 -0.1992
15.63 0.02401
4.026 0.02399
190.5 -0.2041
34.23 0.3956
71.42 0.085
700.1 -0.3024
63.42 0.1164
1.922 0.07695
158.6 -0.04292
1.594 -0.1711
79.08 0.3835
14.91 -0.3505
61.05 -0.1705
52.99 0.1375
7.455 -0.05152
6.29 -0.2066
32.27 -0.0436
23.5 -0.3858
12.2 0.1864
21.9 -0.01577
27.68 -0.2436
24.11 0.1813
1557 -0.09054
14.66 0.2779
110.2 -0.05722
38.17 0.1673
3.935 -0.1328
66.65 0.3027
28.58 0.2493
3.579 0.271
0.7305 2.417e-12
7 0.03544
13.94 -0.5207
19.75 -0.01328
158.1 0.2689
8.143 -0.1345
29.98 -0.1342
1.005 0.18
17.19 0.4562
92.15 -0.05127
17.62 0.0872
178.1 -0.03873
59.87 -0.524
38.74 0.2686
4.898 0.05804
95.47 -0.1919
113.9 -0.3352
28.04 -0.1228
9.438 -0.1524
5.806 0.1021
182.7 0.1686
2.992 -0.2477
72.95 0.603
65.63 -0.3604
90.72 -0.08115
20.62 0.05729
13.35 0.2612
47.65 -0.4536
7.376 -0.1514
35.39 -0.1716
26.82 0.1253
2.851 0.1729
30.31 0.09393
19.05 -0.2918
15.89 -0.2567
24.94 -0.08464
46.36 0.04155
9.971 0.1793
57.2 0.3118
5.666 0.4079
23.6 0.1822
79.25 0.4144
13.23 -0.1407
158.9 -0.1664
12.7 0.6435
97.42 0.1157
72.03 0.3955
78.33 0.3037
8.995 0.5518
6.453 0.2466
29.25 -0.05821
221 -0.05026
22.82 0.1508
38.23 -0.04039
46.5 0.01704
97.98 -0.1295
31.8 0.7747
80.06 0.08227
48.41 0.3259
8.608 0.3327
2.582 0.147
7.463 -0.1489
409.6 0.1548
21.22 -0.3551
205.8 -0.1984
24.48 -0.1423
7.539 -0.1776
13.92 -0.209
0.4932 -0.05538
10.2 0.4546
289.7 0.0493
30.82 0.185
17.25 -0.2535
80.22 -0.6651
94.83 0.3953
95.83 -0.03773
5.707 -0.4161
40.25 0.1871
22.57 0.1869
15.05 -0.1051
7.281 0.05814
375.7 0.2713
3.633 0.2822
21.43 0.4233
244.9 0.3366
12.53 0.4211
3.905 0.2188
577.4 0.1147
2.131 -0.272
58.78 0.0264
21.11 0.2895
12.56 -0.1642
4.724 -0.3015
91.37 0.1853
17.35 -0.2921
3.116 -0.02248
295.1 0.2301
1006 0.6341
10.3 0.2593
35.32 0.2524
95.99 -0.3946
34.22 -0.4848
2.476 0.08856
30.85 -0.257
72.18 0.3702
6.665 0.4616
23.59 -0.3143
36.89 -0.08548
9.269 0.1473
61.19 0.2817
0.5316 0.07046
10.14 -0.5139
54.88 0.2783
23.77 0.295
57.53 -0.2451
40.36 -0.4864
2.291 0.1954
7.365 -0.3754
6.087 -0.3798
21.48 0.1786
24.73 0.05223
15.42 -0.5352
77.11 0.1416
7.131 -0.01336
8.864 -0.3251
31.67 -0.2472
63.38 0.1728
0.8059 0.0502
41.2 -0.1568
9.753 0.163
5.324 0.01791
58.1 -0.151
154.7 0.01791
12.88 -0.7612
3.597 -0.1847
0.7508 2.418e-12
56.59 0.06799
27.87 0.2285
146.6 -0.08884
203.2 -0.1038
14.98 0.4048
18.86 -0.181
31.54 0.1353
10.66 0.2421
99.71 0.2357
23.57 -0.1869
14.04 0.2036
61.02 -0.2279
27.52 -0.7774
27.37 0.01285
135.6 0.1908
18.84 -0.09546
244.1 -0.2662
86.88 0.4831
82.22 0.08856
112 -0.3689
36.8 -0.1855
146 0.1538
186.6 0.02263
21.38 -0.4213
78.13 0.05128
96.03 -0.006828
236.1 -0.3362
8.981 0.3928
16.58 -0.1947
4.977 -0.1097
20.91 0.3416
6.191 0.00909
16.41 -0.05236
19.69 -0.3203
3.399 -0.1397
0.7547 -0.119
2.2 -0.3536
24.26 -0.2899
2.032 -0.09664
8.243 -0.09449
126.3 -0.1404
40.14 -0.5401
27.4 -0.005625
309.9 0.4925
177.1 0.09482
400.3 0.4029
111.8 -0.01755
12.68 -0.642
6.685 -0.308
54.93 -0.03796
26.08 0.4554
73.56 -0.07846
22.85 -0.2575
38.09 -0.05125
55.55 -0.3927
4.081 0.08928
26.74 0.07284
187.6 0.2782
639.2 -0.1269
2.31 0.07563
33.28 0.07897
28.34 -0.2834
65.53 -0.2662
74.13 0.0821
11.95 0.6252
41.77 -0.4572
448.9 0.3705
45.69 -0.002341
9.618 -0.1903
19.32 0.7717
10.27 0.3744
0.7906 0.03205
42.82 -0.00706
120.9 0.517
32.48 0.3427
329.8 0.4289
349.4 0.02271
3.159 0.3229
74.14 0.1232
22.9 0.2143
75.82 -0.03475
13.2 0.155
589.3 -0.3093
61.58 0.204
12.05 0.02109
24.6 0.4155
6.612 0.2071
3.837 0.2074
116.1 -0.2625
2.934 -0.02209
24.66 -0.328
0.47 -0.06035
4.876 -0.236
142.9 0.6277
229.3 0.1041
22.54 -0.2996
64.94 -0.175
3.478 -0.551
6.674 -0.4104
8.211 -0.1331
1.881 -0.03533
52.05 0.1828
37.35 0.2208
184.8 -0.1195
8.627 0.05926
13.61 0.1649
76.77 -0.1958
9.395 0.2116
0.3754 2.417e-12
14.96 -0.1358
164.2 -0.1294
261 -0.2098
219.1 0.2055
42.83 -0.08339
7.853 0.07785
3.424 -0.1936
78.84 -0.3265
18.12 0.04711
124 0.06653
84.39 0.04571
61.51 0.6274
14.49 0.5227
34.2 -0.1028
42.37 0.07653
13.45 0.4536
5.014 0.5052
21.78 -0.136
6.703 -0.6778
38.73 -0.03964
21.3 0.7653
9.106 0.1342
35.24 -0.09332
113.3 -0.1019
499.7 -0.2268
3.153 0.01692
302.5 -0.4904
79.62 -0.07961
20.83 -0.1427
41.81 0.000135
134.5 0.1456
17.61 -0.364
47.61 -0.417
10.78 0.1021
50.57 -0.1115
94.08 -0.2379
84.89 0.435
62.1 0.1348
24.22 -0.2936
180.5 -0.152
11.28 0.3257
2.119 0.367
498.4 0.1356
53.29 -0.3835
614.7 -0.5303
16.92 0.2305
162.2 -0.3667
10.64 -0.4955
1.914 0.1703
26.16 -0.1599
132.6 0.03947
13.8 -0.1537
97.85 0.2568
2.608 -0.2199
22.13 0.352
34.97 -0.1665
141 0.04406
9.705 -0.09722
8.7 0.02441
5.933 -0.07536
28.63 0.3037
62.08 -0.08076
98.39 -0.2873
6.758 0.5431
18.56 0.2406
27.88 0.2015
21.45 0.1615
544.6 -0.158
45.6 0.4399
21.99 -0.3371
7.2 -0.7008
44.2 -0.2515
19.34 -0.4552
33.76 0.05143
24.54 -0.5842
20.09 -0.5613
480.4 -0.03862
6.284 0.2607
123.3 -0.4306
27.53 0.5887
54.12 -0.1818
30.07 -0.1446
2151 -0.08563
68.08 0.1263
350.8 0.1648
85.64 -0.2597
83.69 0.497
27.52 -0.2896
50.84 -0.5644
19.4 0.413
34.11 -0.09906
58.69 -0.1024
1.999 0.1188
7.949 0.3809
0.4256 -2.375e-12
7.727 -0.5298
22.44 -0.01243
31.37 -0.1285
11.55 0.4206
47.08 -0.3543
172.3 -0.07216
106.3 0.1838
1.038 -0.02496
117.7 0.03126
6.743 -0.1295
192.5 -0.02329
22.13 0.0008985
37.31 -0.1686
6.339 -0.02847
11.16 -0.02804
19.5 -0.329
4.906 0.2127
96.68 0.1142
14.53 -0.5376
125.7 0.2307
7.687 0.3447
83.52 0.2114
110.6 0.01079
4.966 -0.2934
458.9 0.4953
83.85 -0.09442
154.8 -0.1163
13.1 0.5099
84.72 0.4108
16.92 -0.3101
27.22 -0.0808
225.2 0.3094
1305 -0.05203
16.58 -0.04409
17.47 0.1272
120.4 -0.2529
99.11 0.0817
22.9 -0.08938
19.1 0.1118
186.8 0.04994
63.1 0.2974
2.798 -0.122
35.1 0.04653
20.35 0.2693
33.45 -0.06354
90.21 0.1706
3.396 -0.3598
7.07 -0.2428
21.31 -0.007522
115.3 -0.03374
39.57 -0.1559
31.06 0.00326
27.94 0.1967
5.526 0.1564
92.63 0.1651
44.4 -0.3715
13.71 -0.384
26.87 0.3398
52.15 0.2787
13.72 -0.5164
78.56 0.4085
27.74 -0.08443
7.336 0.1558
1.665 0.08296
6.978 0.3229
80.21 0.007943
122.4 0.05279
97.54 -0.4631
132.4 -0.1409
25.05 0.1633
11.14 -0.3196
17.38 -0.1508
10.38 -0.2688
8.958 -0.7981
101.3 -0.2252
18.75 0.3656
41.44 0.03546
3.828 0.2029
28.25 -0.239
3.08 0.2019
11.5 0.4911
12.39 0.02608
22.3 -0.0298
4.754 -0.2115
147.6 -0.2618
6.15 -0.03975
34.25 0.3916
87.61 0.09229
68.83 -0.2414
24.26 0.02835
15.89 -0.2591
31.23 0.2871
10.26 -0.07449
45.43 -0.04096
672.2 -0.04057
21.31 0.7019
28.12 -0.0763
110.4 -0.04607
43.66 0.1684
57.99 -0.1808
13.37 -0.1722
14.48 0.5635
1.542 -0.1889
24.28 -0.03586
47.77 0.2975
4.579 0.05763
11.18 0.02749
86.06 -0.1949
165 -0.4311
5.154 -0.0003739
222.8 -0.1902
45.94 -0.1341
453.9 -0.3716
4.644 0.2305
39.47 -0.02171
174.6 -0.1426
47.23 0.2285
5.554 0.2069
24.27 0.09932
40.06 -0.4029
12.49 -0.37
38.98 0.1067
14.58 0.05584
23.16 -0.1178
28.62 0.03312
64.24 -0.08926
16.04 -0.3686
29.42 -0.252
4.045 0.01773
5.489 -0.3836
12.55 -0.2426
174.3 0.0942
0.3897 2.417e-12
22.44 0.484
17.13 -0.1111
107.4 -0.7779
23.34 0.1057
112.5 0.5594
19.49 0.5291
29.7 0.1722
259 -0.07618
26.35 0.7037
76.15 -0.007397
0.6577 -0.009248
1.886 -0.3243
15.31 0.2149
13.12 0.04141
29.28 0.02475
17.55 -0.2507
56.97 0.382
1.435 2.417e-12
16.91 -0.6766
10.77 0.1728
12.88 0.04071
14.98 -0.6123
13.2 0.3469
2.009 0.2922
131.2 -0.6667
104.4 -0.4156
4.128 -0.05173
0.879 -4.667e-12
1445 0.01192
63.12 -0.1319
12.47 -0.09499
47.28 -0.516
30.33 -0.7283
25.87 0.03143
457 0.3543
73.97 0.06085
7.065 0.4562
74.68 0.04027
45.83 0.2805
160.6 0.1431
23.56 -0.1447
47.77 -0.2024
40.4 0.2572
48.85 -0.2376
51.49 -0.3404
595.8 0.5252
21.28 -0.2377
8.579 -0.1686
18.09 0.2945
38.43 -0.1628
13.66 -0.1373
3.212 -0.2096
3.552 0.08707
72.93 0.2197
4.245 -0.4135
42.34 0.2206
181.4 0.03373
15.82 -0.1393
151.2 -0.2921
146.4 0.04578
31.78 -0.1518
202 0.001452
152.5 0.3319
140.6 0.181
7.022 0.1765
44.18 -0.184
5.1 0.3338
100 -0.3362
23.62 -0.2944
46.46 -0.434
234.1 -0.02103
13.61 -0.03439
50.24 0.07772
185.9 -0.1713
12.17 0.3291
178.1 -0.1344
213.6 -0.4854
53.88 -0.442
68.46 -0.05894
171.7 0.1729
126.5 0.1642
9.363 -0.2996
91.68 -0.1775
65.61 -0.008944
164.4 -0.2382
34.65 -0.07123
117 -0.226
1.875 0.07823
18.05 0.3111
4.272 -0.1051
58.1 0.114
58.32 0.1995
25.04 -0.03205
31.96 0.1814
18.05 0.3642
10.77 -0.1282
10.79 0.1295
27.47 0.1811
290.9 0.134
222.6 0.07719
2.363 -0.1902
103.1 0.1256
16.67 0.07907
5.243 0.3213
36.66 0.343
2.127 -0.2618
15.91 0.4877
3.191 0.4707
66.88 -0.2453
81.45 0.09932
29.58 0.006029
69.95 0.0215
9.666 -0.3232
35 -0.07915
8.254 -0.6582
428.6 0.3389
199.8 -0.01061
15.48 -0.1156
130.2 -0.1863
32.46 0.1843
130.8 0.2696
39.19 0.03236
23.29 -0.8344
20.74 -0.1648
9.339 -0.2484
14.65 -0.06558
17.35 -0.4688
24.13 0.8636
270.8 -0.2349
69.23 0.1922
359.8 0.146
181.5 0.1121
23.68 0.1382
14.08 -0.004978
3.886 -0.1324
227.5 -0.254
49.12 -0.1536
19.68 -0.4678
711.2 0.1291
234.3 0.1195
42.96 -0.119
32.09 0.1823
1.538 -0.08153
1.832 0.31
4.969 0.1804
7.457 -0.1271
152 0.2707
5.571 -0.0702
2.429 -0.03723
42.59 -0.4451
13.13 -0.7897
203 -0.1098
0.6133 -0.07987
35.21 0.2933
15.54 0.1444
42.49 0.7535
15.63 0.2984
5.796 0.1056
8.475 0.1324
4.438 -0.2909
262.7 -0.1128
329.6 -0.5175
10.32 -0.1669
9.731 -0.02407
20.93 -0.2235
31.63 0.1893
1.349 0.25
1034 0.2951
88.91 -0.5144
201.5 -0.3157
56.69 -0.4561
24.25 -0.1729
3.26 -0.4677
309.4 0.3194
3.35 0.315
82.54 0.04624
75.33 -0.08614
17.35 -0.04012
71.53 -0.6203
193.8 0.3494
29.98 -0.6925
20.3 0.03032
53.78 -0.318
4.552 0.2812
9.756 -0.4275
9.487 0.2399
127.3 -0.0606
20.75 -0.7744
3.341 -0.2456
350.2 0.1248
5.025 0.3614
10.65 -0.107
65.9 -0.1261
11.58 -0.07825
10.38 0.1145
1.362 -0.2046
153.7 0.1162
43.04 -0.115
122.3 -0.1697
25.78 -0.1422
112.3 -0.3087
10.32 -0.5603
57.66 0.08874
59.86 -0.2744
67.95 0.1534
409.7 0.09937
93.19 -0.04927
94.49 -0.1151
10.56 -0.2609
54.53 -0.01701
9.768 -0.1066
36.87 -0.4481
0.3062 2.418e-12
93.94 -0.2182
7.68 -0.029
11.99 0.5152
21.78 0.3615
11.3 0.054
127.2 -0.151
6.857 -0.02727
6.236 0.1022
78.57 0.5141
34.5 0.117
23.15 0.3648
237.9 0.1652
369.7 0.3709
10.55 0.9074
65.42 0.1854
75.22 -0.08375
35.21 -0.09113
58.87 0.1259
44.58 0.1086
443.2 0.1549
97.9 0.04678
6.19 -0.05917
10.24 -0.0745
198.3 -0.06782
35.51 0.4068
18.24 -0.188
353.1 -0.2941
3.435 -0.1268
55.37 -0.2918
13.86 -0.127
4.118 0.2572
21.7 -0.1185
12.73 0.03601
7.07 0.198
24.62 0.4573
12 0.1136
19.45 -0.1514
278.2 -0.3775
42.18 0.2112
128.6 -0.4118
824.9 -0.2842
32.96 0.3738
29.88 -0.0958
4.322 -0.3823
48.35 -0.1257
9.683 -0.1729
10.45 -0.4469
238.6 -0.1366
39.29 0.3698
71.27 0.3418
39.81 -0.2182
153.6 -0.514
81.48 0.4842
6.655 -0.1149
94.79 -0.01276
20.92 0.3979
4.055 -0.2008
5.222 -0.2114
5.111 0.01529
44.25 0.2021
43.82 -0.03606
9.113 0.253
327.1 0.2393
8.212 -0.06697
41.08 -0.5021
39.88 0.1236
30.31 0.01489
4.902 0.07516
7.992 0.3575
19.52 0.5532
8.842 -0.3158
78.23 -0.1218
59.72 -0.2517
38.13 0.187
1.943 0.1853
29.31 -0.3158
6.752 -0.1717
452.2 -0.1118
4.537 0.5219
20.82 -0.02243
13.6 -0.1402
7.291 -0.1165
38.59 -0.451
127.2 -0.03605
9.02 -0.526
113 -0.09817
55.74 -0.1467
33.28 0.06111
131.6 0.248
70.99 -0.2283
3.974 0.06182
9.117 -0.0197
162.3 0.0479
109.6 -0.1979
5.19 -0.01626
66.35 0.07134
49.57 -0.1201
28.92 -0.2666
20.11 -0.2642
569.4 -0.4321
46.34 0.02851
556.5 -0.2992
37.77 0.5317
147.4 0.2598
8.215 -0.7843
3.225 -0.2591
12.47 0.4022
17.5 -0.4751
18.63 -0.4972
8.567 -0.4232
76.38 0.128
21.31 -0.2333
16.01 -0.7933
7.624 0.5322
51.48 0.6922
9.403 -0.5253
60.08 0.1123
33.21 -0.1883
6.973 -0.2904
103.2 0.4642
66.02 0.2198
232.9 -0.1209
41.15 0.3443
65.67 0.0134
2.859 0.1171
2.919 -0.2714
132.7 -0.3251
7.167 -0.1533
265.5 0.0563
92.02 0.3323
15.81 0.05134
24.34 -0.513
93.82 -0.1908
14.13 0.4192
28.46 0.3159
33.86 -0.6404
2.815 0.06688
19.74 0.194
247.7 0.2194
38.28 0.07711
146 0.1508
40.88 -0.4343
248.9 -0.1143
62.02 -0.4233
5.741 0.2056
63.66 -0.5123
26.05 0.03186
100.6 0.1401
678.1 -0.01817
429.3 0.1635
66.61 -0.5525
13.28 -0.01764
8.15 -0.4169
12.59 0.09541
3.708 0.0291
77.76 0.09667
256.3 -0.1003
4876 0.2399
142.8 -0.08348
2.811 -0.2427
198.9 -0.4216
14.88 -0.2435
10.06 0.1321
14.4 0.6469
35.43 0.1973
9.318 -0.04912
15.99 0.2755
1.449 0.1247
33.28 -0.3267
13 0.4425
43.21 -0.01344
146.6 -0.05426
17.94 0.04984
90.56 -0.3712
208.7 0.1122
63.3 -0.08705
62.79 -0.05417
15.61 -0.1431
3.057 -0.007076
10.36 -0.08629
65.98 0.03043
31.99 -0.01166
15.66 -0.4594
4.602 0.2909
175.4 -0.2088
8.67 0.3658
35.98 -0.2548
8.255 -0.2007
13.34 0.7717
2.086 -0.08018
597 -0.41
911.1 -0.08677
34.6 -0.3867
7.899 -0.2069
6.894 0.1791
398.6 0.1415
95.6 0.0915
38.01 -0.07412
17.41 -0.708
18.18 -0.1569
62.7 -0.2363
342.7 0.5495
4.379 0.006472
20.56 -0.03735
1.911 0.08512
21.38 0.04847
39.16 -0.09186
49.44 -0.08243
40.3 0.1418
2.9 -0.02521
75.01 -0.4471
67.39 0.184
56.39 0.08644
49.69 0.3128
3.912 0.366
14.35 0.8854
21.67 -0.03744
14.02 -0.3433
25.87 0.2263
6.516 -0.2984
70.14 0.0346
10.98 0.6581
144.7 0.0452
230 -0.04142
42.54 -0.3855
21.82 -0.07228
7.844 0.0007469
4.064 -0.1776
1.757 0.3072
43.8 -0.1004
7.204 0.5385
42.53 -0.5289
86.03 0.5163
209.6 -0.5064
17.96 -0.02367
9.604 0.3304
24.22 -0.1579
63.43 0.05583
171.1 -0.01922
19.46 -0.2112
4.028 -0.4094
10.4 -0.5686
6900 -0.001743
3.411 -0.07325
15.21 -0.0532
52.09 -0.2054
865.2 -0.63
234.9 0.07038
635.2 -0.1612
29.08 -0.09308
171.2 0.1894
43.29 -0.5983
229.3 -0.2393
5.282 0.04801
90.37 -0.2435
131.5 -0.4963
170 -0.2047
19.47 0.02263
5.944 0.1651
33.38 -0.3863
33.92 0.3095
10.14 -0.006281
15.18 -0.368
204.5 0.04899
60.44 -0.02081
29.98 0.1359
5.825 0.3348
14.66 0.234
42.17 0.5754
40.21 -0.09985
58.44 -0.4237
34.06 0.5506
50.78 0.02636
7.155 -0.2414
18.16 -0.3138
127.9 -0.04312
4.506 -0.1117
64.88 0.1975
112 -0.4312
90.09 0.0882
13.41 0.2726
24.19 -0.3182
49.52 -0.03235
11.25 -0.1377
10.88 -0.03144
332.8 -0.1708
613.5 -0.06507
65.4 0.3147
222.8 -0.08788
33.5 0.3937
10.05 0.1188
120 -0.0195
117.8 0.03256
3.654 -0.5143
12.75 0.1828
601 0.09634
127 -0.3796
701.5 0.3897
8.08 -0.06766
5.482 0.2677
39.03 0.2898
167.2 0.05891
54.29 0.4942
21.14 -0.006017
28.83 0.1073
42.28 -0.2239
5.835 0.06548
28.4 -0.6379
1.206 -6.629e-12
6.929 -0.3269
13.23 0.09018
96.16 0.2592
19.68 -0.03319
79.54 0.4274
18.09 -0.05848
14.17 -0.1649
40.92 -0.6438
7.329 0.03147
5.105 -0.1348
8.214 0.01315
499.7 -0.09271
19.18 0.01126
291.4 0.3202
27.27 0.222
3.134 0.02669
50.96 0.1662
9.633 0.4565
20.78 -0.4313
7.297 0.2909
149.3 0.09695
4.468 0.36
1.097 0.03383
24.35 -0.008576
8.892 -0.2942
140.3 0.03259
2.017 0.09442
92.91 0.1797
80.96 0.09
34.73 0.1652
17.63 -0.5244
98.71 -0.6153
3.198 -0.156
4.549 -0.1747
9.674 0.05845
71.4 0.1609
34.19 0.3789
8.835 -0.03168
366.5 -0.01049
4.454 -0.01654
176.1 0.1087
86.14 0.09145
13.36 -0.1485
25.09 -0.06401
12.76 0.1687
99.22 -0.006865
47.37 0.5097
27.67 -0.645
21.77 0.04419
68.2 -0.2036
223.3 0.3558
94.59 -0.2344
3.707 0.1303
102.8 0.162
50.12 -0.2208
10.61 -0.108
48.42 0.04236
48.65 -0.1395
32.78 0.08044
11.03 0.4204
22.16 -0.2803
90.93 -0.2895
1.975 -0.06221
26.15 0.1962
46.28 0.2315
334.2 0.1419
114.9 -0.147
4.602 -0.1827
3.297 0.03952
28.08 -0.7515
12.3 0.2527
10.98 -0.4418
7.877 0.4735
39.98 0.06405
48.94 0.172
23.19 0.1975
35.87 -0.286
52.52 0.01174
19.72 -0.1904
0.5302 0.04057
13.29 0.2805
69.17 0.06533
5.541 0.2877
88.16 0.3314
22.06 0.1296
22.51 0.3836
7.817 -0.1865
39.59 0.03834
4.13 0.2266
4.138 -0.5269
8.036 -0.5688
112.3 0.2667
20.84 -0.1529
46.41 -0.15
3.404 -0.2118
11.02 0.2407
48.22 0.2441
1.963 -0.1869
28.99 0.003914
73.04 0.09212
38.3 -0.2012
4.27 0.2789
16.11 0.03371
14.08 0.2024
13.04 -0.3154
7.631 0.5063
32.36 0.4749
10.22 -0.2896
50.81 -0.219
7.712 0.1876
458.3 0.1882
53.2 0.04508
4.313 0.5607
34.53 -0.2618
30.58 -0.06946
3.114 -0.06846
27.83 -0.3938
34.21 0.3641
372.2 0.7029
39.68 0.1893
5.44 -0.1703
611.5 -0.2428
192.3 -0.05056
105.6 -0.1224
45.41 -0.2408
89.77 -0.3512
84.35 0.2114
226.3 0.0263
175.6 0.01066
14.34 0.3033
4.047 0.6505
879.3 0.0289
38.19 -0.2237
10.18 -0.2708
9.301 -0.2275
32.5 0.1537
12.83 -0.2474
0.8843 0.1628
35.04 -0.06095
50.46 -0.1143
27.46 0.2602
112.3 0.08362
8.477 -0.06544
41.7 0.5931
24.77 0.1756
32.55 -0.1664
18.21 -0.2587
17.54 -0.4582
488.4 0.01384
79.71 -0.0151
18.9 -0.2794
34.04 -0.2827
65.04 0.1116
2.406 -0.2411
7.811 -0.7181
17.17 0.1883
5.878 0.004351
179.4 0.0005146
22 -0.2952
38.52 -0.6928
6.782 -0.2195
34.22 -0.01544
85.57 -0.09937
85.18 0.09047
546.1 0.1454
4.602 -0.1465
76.37 0.1585
46.87 0.246
12.74 0.2751
3.765 -0.1847
52.18 -0.2163
5.833 -0.6559
13.45 -0.03742
40.13 -0.2352
61.22 0.02507
293.1 0.0003557
43.75 -0.1064
67.13 -0.4755
41.21 -0.05779
10.38 0.05244
100.7 -0.01624
37.38 -0.5856
32.84 -0.04445
5.94 -0.01061
60.9 -0.07087
18.57 -0.3682
29.02 -0.276
43.7 -0.07393
26.89 0.454
19.29 -0.1729
3.34 -0.2317
3.848 0.613
6.306 0.4417
9.964 0.3537
306.9 0.3681
28.3 0.3881
4.855 -0.08654
29.64 0.0613
32.73 0.07715
28.95 0.1279
14.01 0.06947
143 0.04588
48.66 0.7774
1.405 -0.07764
14.85 0.01071
36.71 0.09514
61.72 -0.02864
18.01 0.4001
7.555 -0.1478
136.4 0.2619
4.398 0.2971
9.029 -0.09643
5.773 -0.1495
62.18 0.1055
51.16 -0.02947
3.66 -0.09444
420.7 0.4595
98.32 0.05045
4.001 0.2893
52.87 0.1074
5.26 0.2644
1885 0.208
20.65 0.0885
14.29 -0.362
40.55 -0.3998
405.1 -0.1567
15.75 0.02237
36.79 -0.4077
4.254 -0.3785
8.668 0.2455
118 0.2264
16.85 -0.4453
49.03 -0.2824
12.88 0.606
6.753 -0.1133
21.11 -0.04964
222.7 -0.2791
33.69 -0.4467
22.87 -0.6097
5.261 -0.009953
25.67 -0.3371
12.74 -0.2704
2.723 -0.07291
656.3 0.2726
25.59 0.4442
59.31 0.09537
6.836 -0.1294
31.74 -0.4115
24.77 0.129
80.84 -0.2267
0.3545 -1.876e-12
11.27 0.08419
5.938 -0.4256
42.22 -0.369
15.32 -0.4145
22.39 0.182
37.19 -0.6891
15.13 -0.2374
39.26 -0.02589
23.16 0.34
7.9 -0.3914
159.8 -0.05662
1318 0.2666
3.42 -0.2105
36.37 0.7293
37.28 -0.2201
73.48 0.06355
4.219 -0.1462
85 -0.3399
14.6 0.03209
9.729 -0.07494
4.187 0.003653
5.985 -0.01664
99.92 -0.3941
135.6 0.0226
9.992 -0.4249
123 -0.3124
11.43 -0.7133
4.893 -0.1449
62.96 -0.04376
7.869 -0.04352
5.75 -0.4323
43.13 0.03278
14.55 0.2989
105.9 -0.3094
9.262 -0.4538
4.754 -0.1709
1.884 0.2782
136.2 0.2085
7.055 -0.2637
150.7 -0.4696
14.73 -0.4727
45.02 -0.2533
4.379 -0.06541
7.274 -0.2688
5.918 -0.3463
25.47 -0.07943
19.45 -0.0182
297.8 -0.09629
21.58 0.0452
384.1 -0.02468
8.645 0.3518
230.6 -0.02126
27.98 0.06245
13.46 0.04228
74.07 0.2094
51.35 -0.2354
8.258 -0.616
91.93 0.2399
46.15 0.03703
1.344 -0.1424
302.3 0.03649
104.3 -0.09928
0.7122 -0.1204
550.2 -0.2369
157.3 0.1563
25.24 0.5748
28.18 -0.004694
39.43 0.5663
19.49 -0.006778
7.381 -0.2889
183.3 0.2394
4.134 -0.4737
5.807 0.7588
23.04 0.05516
120.6 0.3229
3.906 0.0004576
318.5 0.1749
21.29 0.1068
325 -0.4205
4.195 0.1682
18.4 -0.3062
26.2 0.09779
70.36 0.1345
84.5 0.1585
211 0.08697
12.52 -0.2062
63.05 -0.01629
49.59 0.03321
28.43 -0.3873
25.69 -0.3947
69.5 0.2023
26.85 0.2307
13.43 0.3067
5.097 0.4809
81.3 0.05932
10.39 0.211
5.679 -0.1201
328.1 -0.2391
30.65 0.2687
13.89 0.3096
1.692 0.02202
30.08 0.08594
31.81 -0.00829
21.3 0.358
366.4 -0.2791
224.3 0.2328
28.99 -0.322
56.96 -0.2045
30.52 0.2722
14.59 -0.1637
453.7 -0.09789
128.8 -0.326
74.76 0.376
59.15 -0.2174
25.08 0.05517
226.2 -0.07949
7.799 0.2081
19.44 -0.04621
11.43 0.08028
13.94 0.1462
32.96 0.06361
11.04 0.1702
4.498 -0.5192
409.2 -0.07116
4.971 0.2256
6.369 -0.1903
231.6 0.1434
3.327 0.2801
9.314 -0.1109
147.9 0.4824
339.8 -0.01438
39.04 -0.0624
66.48 -0.4283
43.37 0.2322
69.01 -0.2824
27.47 -0.09766
63.2 -0.1366
21.81 0.2493
13.51 -0.394
2.755 0.365
37.54 0.03338
15.08 -0.009315
28.55 0.1461
115.4 0.02462
147.5 0.08068
22.63 -0.05722
9.72 0.2659
5.41 -0.4404
36.11 -0.5183
38.72 -0.04744
22.56 -0.2183
11.02 -0.5185
17.02 -0.3369
29.13 -0.6083
10.77 -0.4581
2.418 0.2739
2.025 0.1081
3.534 -0.09793
15.42 0.2224
91.91 0.1148
82.61 -0.2809
7.976 -0.4503
3.052 0.3176
31.23 0.4919
267.6 -0.2481
13.83 0.07537
7.501 -0.3512
5.738 -0.2579
17.13 -0.01678
87.73 0.7438
9.635 -0.03083
53.02 0.2257
41.66 0.2767
4.623 0.3638
38.37 -0.09785
30.89 0.2662
303.8 0.2341
204.5 -0.06859
1.48 -0.2593
52.75 0.1609
116.9 0.2239
41.83 -0.4247
4.986 0.0008816
1.95 -0.3074
150.6 0.07043
38.7 0.3352
13.39 -0.3015
6.762 -0.4703
54.09 0.1342
10.54 0.7987
0.9922 -5.136e-12
23.86 0.2965
27.92 -0.279
0.4996 -0.05047
36.92 -0.7664
80.94 0.04528
36.75 0.2015
26.86 0.02837
82 0.1569
14.98 0.1343
365 -0.2535
3.856 -0.01731
38.35 -0.1415
307.3 0.3173
12.16 0.07426
130 -0.1275
49.34 0.1186
7.892 0.09796
40.69 -0.8614
58.78 0.2179
86.45 0.2413
43.87 -0.3034
63.6 0.2098
4.212 0.2735
298.4 0.1057
7.488 -0.1704
9.061 -0.6423
40.7 0.136
124 0.4082
2.518 -0.2576
32.97 -0.3557
29.6 -0.2109
69.78 0.2185
16.87 -0.3476
26.27 -0.03097
68.27 -0.141
8.533 0.02732
9.104 -0.01674
44.01 -0.04608
224.1 -0.2508
94.8 -0.09536
4.27 0.0751
25.39 -0.05112
10.37 -0.1332
89.05 0.0819
64.51 -0.04629
87.48 -0.3631
12.26 -0.1455
221.4 -0.01343
69.28 0.06021
48.91 -0.2323
43.91 0.1554
50.24 -0.1756
32.56 -0.4471
59.61 -0.3669
48.32 -0.001774
98.98 0.3573
314.4 -0.01408
44.06 0.2426
95.63 0.05593
8.4 0.04096
30.81 -0.0918
16.27 0.6246
9.253 0.2483
16.63 0.136
18.95 -0.1988
5.034 0.4326
16.62 0.1512
50.29 -0.05196
4.758 -0.1227
91.73 -0.5267
500.6 0.1761
8.696 -0.2382
9.884 0.1773
46.64 -0.09003
51.24 -0.3828
11.8 -0.6354
17.21 -0.0003568
5.921 0.07231
17.58 -0.711
14.82 -0.0006976
4.815 0.3533
11.02 -0.5215
24.1 -0.1054
59.39 0.06096
19.86 -0.2903
38.6 0.214
163.5 -0.01294
17.02 -0.009467
30.78 0.4964
108.3 -0.08783
18.05 -0.05169
3.313 -0.1518
107.2 0.08401
31.18 -0.1461
75.34 -0.05979
55.04 -0.05832
237.6 0.06386
13.5 -0.3272
159.6 -0.0304
39.42 -0.2612
28.05 0.02544
3.397 0.3082
69.39 -0.09552
14.62 -0.2236
353.5 -0.09279
7.268 -0.3829
9.451 -0.2026
70.22 0.2646
9.299 -0.286
58.05 0.348
11.07 -0.1185
225.6 0.2412
18.42 0.2828
77.31 0.3889
681.7 -0.2291
302.4 0.009383
174.2 0.3796
44.51 -0.4292
23.3 -0.00827
3.182 0.106
11.38 -0.3239
3.073 -0.3748
9.747 -0.02678
9.107 0.1517
59.33 0.1768
25.89 -0.02774
138.3 0.114
4.923 0.1322
223.9 -0.4691
245.3 -0.1634
5.734 0.3778
82.34 -0.2354
35.25 -0.05967
168.9 0.1861
12.07 0.3553
11.22 0.2901
4.104 0.4082
4.886 0.006143
36.45 -0.3491
16.06 -0.447
153.5 0.5569
111.9 0.04332
2.009 0.3424
8.529 0.4279
21 -0.0002812
161.4 -0.2738
309.8 -0.2547
44.84 0.1213
3.118 -0.5841
53.81 -0.1111
22.88 0.06939
13.24 -0.1501
0.664 0.09763
12.58 0.07702
80.6 -0.3442
5.486 -0.207
296.5 -0.139
14.63 -0.271
35.31 -0.04993
122 0.5063
91.5 -0.4296
14.78 0.2089
15.3 0.474
106.7 0.1942
36.92 -0.266
6.332 0.1869
40.13 0.07108
9.906 -0.09642
10.21 0.3708
20.15 -0.1274
6.91 -0.05957
2.393 0.2677
2.245 0.3572
7.35 -0.1392
3.108 0.01472
54.24 0.06481
16.11 -0.1076
12.43 0.1083
185.3 0.3291
241.2 -0.01362
17 -0.7483
31.15 0.04724
49.13 0.1672
9.249 0.4207
11.74 -0.334
15.73 0.2217
145 -0.365
5.634 0.2143
70.69 -0.3833
28.01 -0.08819
3.42 0.2216
30.85 0.4499
16.22 0.09595
83.78 0.1858
8.112 -0.5735
85.97 0.05658
54.95 -0.124
84.1 0.6189
6.674 -0.2184
6.197 0.1807
14.82 0.1714
2074 0.1996
213.9 -0.184
37.25 -0.0224
8.232 0.3103
2.882 0.1499
81.42 -0.05367
47.44 0.1737
44.54 -0.3695
13.46 -0.4553
91.16 0.255
571.6 -0.5574
37.82 -0.148
357.6 -0.129
18.02 -0.8082
7.517 -0.3525
58.94 0.2796
145.5 0.2602
0.8509 -0.05429
74.38 -0.3523
32.2 0.1756
101.3 0.0342
4.417 -0.04739
39.96 -0.117
37.1 0.1188
1196 -0.341
294.8 0.1203
6.051 0.008345
6.936 0.0913
3.35 0.02909
51.41 0.133
111.5 -0.2166
164.6 0.08923
37.03 0.0779
16.29 0.04782
8.421 -0.2123
29.97 0.08288
146.7 -0.351
168.3 -0.184
9.676 0.4
148.8 0.1994
1.804 -0.1916
28.49 -0.09264
9.019 0.03039
144 -0.2248
35.07 -0.06607
10.59 -0.0418
66.88 0.0353
64.79 0.01459
50.74 0.2203
13.3 0.09441
56.19 -0.03623
57.9 0.009495
7.081 0.1189
78.73 -0.2021
88.03 0.04148
3.637 -0.6101
14.86 -0.1696
39.17 -0.1906
17.19 -0.493
81.1 0.3378
58.12 -0.153
71.72 -0.06166
82.61 -0.0788
10.45 -0.6684
4.625 0.1857
1.697 -0.1214
97.4 0.06608
13.9 0.1835
60 0.1437
307.4 0.01829
33.97 -0.05561
34.57 0.3389
7.585 -0.1091
0.3425 -0.01848
9.837 0.5931
24.77 -0.2061
25.47 -0.2576
39.92 -0.03805
16.37 -0.2265
35.64 -0.2445
545.1 -0.2598
159.3 -0.01378
75.5 0.2228
104.6 -0.01214
71.32 -0.02712
29.4 0.4209
7.372 -0.133
16.9 -0.05992
36.71 0.4248
35.82 0.01894
3.201 -0.1985
15.1 0.04725
136.8 0.2762
4.328 -0.02937
9.169 -0.5374
3.905 0.05338
33.73 -0.2054
16.8 -0.09931
30.64 -0.07176
47.89 -0.3062
21.37 -0.5284
36.99 0.4824
121.8 0.1966
31.14 -0.3928
72.67 0.5227
6.039 0.2058
384.6 0.1743
0.3401 -1.832e-12
385.2 0.2893
154.4 0.4
135.4 0.1939
7.688 -0.3624
1.474 0.08163
34.33 0.283
35.27 -0.2098
8.422 -0.09342
200.1 0.3527
21.15 0.3148
932 -0.07878
9.844 0.2854
7.982 -0.004631
34.22 -0.2879
26.82 0.2789
106.7 0.1709
2.59 -0.3308
13.74 -0.05777
26.77 0.103
0.6664 -3.593e-12
281.5 -0.0824
27.45 -0.1363
150.4 0.2568
78.43 0.09639
24.34 -0.1781
11.12 0.3273
43.14 0.2662
97.67 0.3146
39.52 0.0381
136.7 0.136
149.1 0.3146
16.78 -0.1515
3.995 -0.4574
10.24 -0.07247
9.637 0.1517
9.006 -0.08701
226.4 -0.203
16 -0.2578
50.21 -0.03342
69.08 0.07858
4.325 0.04201
13.94 0.07164
51.8 -0.1101
34.84 0.1123
15.59 0.72
7.102 -0.127
274.2 0.0584
93.17 -0.5351
17.33 -0.1788
10.54 0.2386
26.1 -0.5564
25.67 -0.1737
41.92 0.01927
30.71 -0.05459
4.651 0.003572
21.52 0.3294
24.41 0.229
20.41 0.1071
9.07 0.308
13.51 -0.6606
54.26 -0.04228
180.3 -0.05976
9.465 0.3337
219.5 -0.4544
66.43 0.08667
19.24 -0.1887
25.12 -0.6213
45.03 0.1558
4.059 -0.1752
14.06 0.2879
19.2 -0.138
1882 0.1523
0.7819 -0.1515
22.71 -0.09622
12.41 -0.3617
77.32 -0.02669
290.2 0.1832
36.5 0.1171
10.76 0.3198
61.18 -0.4188
4.506 -0.01301
1126 0.4065
4.347 -0.1648
25.03 -0.25
91.64 0.004127
0.9966 0.0272
12.93 0.1826
314.2 0.008995
5.619 0.1394
59.25 -0.2948
33.91 0.03704
92.07 -0.3595
269 0.04895
18.66 -0.00399
9.381 -0.5762
40.12 0.314
10.55 0.6432
6.034 0.07375
23.58 0.5449
28.18 0.04813
11.41 0.1993
6.212 -0.4661
45.39 -0.09485
52.61 -0.3632
12.57 -0.2777
19.15 0.1801
313.7 0.003848
10.28 0.04034
54.32 -0.07462
29.34 0.3137
3.551 -0.2179
9.888 -0.09754
6.24 0.02848
37.49 -0.378
15.16 0.1606
234.7 0.1693
1216 -0.2428
2.067 0.2093
1.941 0.1807
67.34 0.4802
63.43 0.0958
12.27 -0.7782
21.43 0.2595
27.35 0.2791
40.84 0.4512
131.1 -0.1687
560.9 -0.03262
35.37 0.1986
47.13 -0.1987
38.06 -0.3046
19.09 0.2951
2.667 -0.2245
99.58 0.2465
1.125 0.0301
31.56 0.5752
70.42 -0.252
57.95 -0.02957
136.1 -0.05584
32.1 0.2614
67.25 -0.04345
17.69 -0.1702
108.3 0.5013
113.6 0.02948
13.17 -0.3047
11.01 0.4328
7.221 -0.1289
2.557 -0.1835
59.19 0.2816
11.29 0.1404
22.83 -0.1807
4.869 -0.4147
17.33 -0.1709
10.98 0.05835
52.69 -0.3054
5.669 0.1295
20.57 -0.4244
41.51 0.02448
71.29 -0.4283
2.576 0.01027
381.5 -0.3244
16.38 0.1521
33.1 -0.2764
7.73 -0.09847
25.83 0.06364
19.4 -0.2199
35.7 0.01095
269 -0.1415
47.94 0.2717
22.81 -0.6792
28.11 -0.2141
200.7 0.2158
21.03 0.04054
293.2 0.5849
65.3 -0.129
440.2 -0.259
9.682 -0.1519
41.36 -0.07437
265.1 0.2188
113.4 -0.2406
217.2 0.02148
5.686 0.1922
44.93 -0.0429
2.878 -0.1739
37.83 -0.03306
214.1 0.2405
13.33 0.133
26.05 0.3676
70.91 0.12
53.57 0.09088
4.288 0.0691
17.38 -0.1845
50.33 -0.1265
25.77 0.2867
6.748 0.04595
120.7 -0.1202
164.4 -0.03213
4.915 -0.03053
34.15 0.2753
58.05 -0.4696
302.3 -0.06937
29.39 0.4075
4.081 0.2091
14.33 -0.1072
17.3 -0.3634
51.87 -0.1164
174 -0.5396
5.058 -0.0653
4.239 -0.6191
420.6 0.1122
5.178 0.1229
33.48 -0.08237
16.25 0.03623
204.1 0.4089
166.1 0.1592
45.22 -0.2044
54.63 -0.002211
5.969 -0.2672
3.132 -0.1817
150.7 -0.4652
491.5 -0.238
25.94 -0.1676
45.71 -0.1604
52.54 -0.4218
231.7 0.177
80.88 -0.2694
35.63 0.3579
80.33 -0.2221
35.19 0.1641
7.479 -0.1573
46.74 -0.3592
129 0.5437
36.88 -0.7077
7.833 0.3689
53.76 -0.1451
26.8 -0.2204
956.7 0.08465
7.166 -0.3715
4.735 -0.3707
77.81 0.2718
102 -0.006832
3.075 -0.2559
703.7 0.191
1.775 -0.2556
202.1 0.2262
17.5 -0.1094
91.31 0.1702
99.74 -0.2886
80.91 -0.009855
1.168 -0.1438
18.2 -0.4678
50.12 0.048
11.84 -0.3328
104.7 -0.333
15.24 -0.1372
11.79 0.3718
23.2 0.07406
30.47 -0.3239
11.04 -0.2944
19.73 -0.2776
124.2 0.2711
5.855 0.1812
11.26 0.4661
12.68 0.03034
28.19 0.09678
178.7 0.5978
6.586 0.4777
20.51 -0.5815
106.1 0.2785
33.39 -0.3252
10.26 -0.1533
2.757 0.4368
278.5 0.1121
3.397 0.07184
143.3 -0.2152
46.99 -0.03118
46.32 0.2493
12.34 0.2837
24.38 -0.3961
157 -0.4337
134.9 -0.0504
24.38 -0.305
12.96 -0.7444
58.5 0.05652
9.391 0.3887
10.29 -0.2193
8.414 -0.1279
0.3401 -1.832e-12
276.8 -0.005579
26.25 0.1942
156.8 0.03457
31.49 0.1912
