a m
67.04 0.9017
37.6 -1.03
20.19 1.195
11.4 -0.946
15.49 -1.022
499 3.048
9.115 -1.216
49.18 0.9249
3013 1.159
252.1 -1.137
240 1.88
111.5 1.282
31.05 -1.119
93.38 -1.367
476.4 1.083
30.18 1.263
28.16 0.8835
57.21 1.116
39.33 0.9943
1741 0.7368
73.11 1.011
87.28 0.8996
32.25 -1.032
263.5 1.509
17.49 -1.732
24.31 1.586
83.74 0.8957
91.27 1.537
467.8 1.502
28.42 -0.8861
61.27 1.131
184.3 1.158
128.9 2.82
25.45 0.9016
79.47 -2.318
35.34 -1.402
314 0.7942
49.45 -0.7956
17.24 -1.808
51.2 1.228
151 0.7068
78.49 1.055
9.979 0.9449
134.5 1.489
42.66 1.33
155.8 -1.395
17.57 -1.693
119.7 2.025
6.351 -0.8953
42.76 -1.687
23.37 -0.9827
57.7 -0.8829
120.7 -3.145
191.1 -1.018
161.1 1.181
695 -1.07
23.7 -1.694
32.46 -1.705
250.1 0.8049
189 -0.6916
41.14 1.547
92.2 1.513
36.39 1.385
141.7 -1.851
59.69 1.932
44.46 1.299
14.15 1.069
192.3 1.051
13.98 -0.9369
20.73 0.9771
140.5 -1.97
8.228 -1.051
25.59 -1.443
21.63 -1.193
37.08 1.511
532.6 0.6505
187.1 0.6814
254.8 1.245
148.4 1.14
17.8 -1.676
17.59 -1.777
66.46 -2.667
740.3 1.939
50.09 -1.539
79 1.355
27.39 -0.8833
152.4 1.614
28.25 1.759
172.9 -0.8178
15.12 -1.626
430.6 1.644
206.9 -1.062
11.61 -0.9418
2569 2.705
353.1 -1.396
18.39 1.603
12.41 -1.002
117.6 -0.7753
183.8 1.253
59.14 -0.7423
12.29 0.9846
33.55 -1.747
111.8 -0.7526
84.84 -1.595
91.5 1.109
184.6 1.013
135.7 1.121
805.3 2.283
157 1.164
38.92 -1.019
32.02 -0.8614
106.4 -0.8525
45.16 1.289
7.665 -1.111
203.4 -0.7148
32.14 0.8795
65.06 1.112
170.4 0.8527
108 1.587
277.7 1.359
254.1 0.9481
17.13 1.175
246.9 2.399
94.47 -1.554
2222 4.554
644.9 0.8376
121.8 1.416
311.5 0.8203
69.19 0.8017
127.1 1.992
86.1 1.426
125.6 -0.7284
428.8 -0.7714
1415 1.487
17.6 1.345
27.17 1.756
226.3 -1.229
18.32 1.155
21.77 1.601
541.1 2.554
179 2.078
397.7 -0.9404
37.01 -1.021
186.4 1.758
52.24 -0.9849
52.5 -1.128
33.7 1.561
40.08 -0.8943
41.13 0.9671
37.55 1.507
254.7 1.678
28.87 0.8746
60 -1.179
92.6 1.107
141.6 -0.9086
111.5 2.356
580.9 2.64
59.81 0.814
12.06 -1.181
77.71 1.203
41.73 -2.201
172.7 2.951
107.4 2.053
12.87 -1.317
110.6 1.442
73.34 0.8978
26.33 1.018
147.8 0.8347
191.4 -0.7872
856 1.885
42 -1.071
63.31 -1.199
52.76 -1.372
18.28 0.9174
355.1 -0.7394
57.91 -1.039
451.8 2.128
70.13 -1.273
499.4 1.418
63.99 1.012
27.49 -1.226
584.3 1.82
197.8 0.713
35.1 1.52
55.04 0.8894
44.09 0.82
113.1 1.211
59.95 2.221
401.5 1.076
43 -1.26
247.4 0.7624
24.18 -2.02
16.12 -1.335
43.22 0.9777
39.75 0.8589
35.79 1.165
14.75 -1.012
10.53 1.032
176.7 2.207
49.18 -1.729
682.7 2.694
16.17 -1.315
205.4 1.323
237.7 0.8628
16.73 -1.101
22.45 1.082
266.4 1.448
89.13 -0.7152
39.48 1.845
627.2 -0.6656
261.4 -1.024
3565 2.358
713.9 0.7752
11.31 1.058
2911 4.923
29 1.567
160.3 -1.337
156 -1.173
3854 3.722
395.4 -0.8665
194.5 2.096
262.9 1.266
43.36 1.032
333.2 -0.6694
18.64 -1.637
294 -0.7713
273.1 1.571
35.02 -1.784
317.8 1.103
652.9 -1.115
140.8 -0.9701
33.07 -1.077
171.7 -0.8199
38.59 0.8697
213.3 0.7634
216.1 -0.7288
81.56 0.8046
31.24 0.9861
19.16 -0.9782
232.3 -1.064
185.6 -0.8924
68.45 -0.8524
141.3 0.9765
47.28 1.108
17.59 -0.9929
19.24 1.432
38.67 1.311
68.99 0.961
40.28 -1.611
13.08 1.467
283.6 2.285
308.5 -1.253
55.15 1.467
753.5 0.8922
241 0.9399
190.8 0.6868
12.65 1.225
10.65 -1.383
50.6 -1.039
59.68 0.7719
18.16 -1.032
201.9 -1.431
19.04 0.9461
26.02 1.28
36.75 2.04
386.4 1.769
185.9 -1.144
5.596 -0.8731
10.93 1.093
192.5 -1.592
100.6 0.8583
27.46 1.724
27.42 -1.118
47.43 1.116
24.81 -1.089
58.07 -1.16
54.85 -0.848
317.5 1.863
40.5 -2.125
252.9 -1.35
127.1 2.748
1142 2.12
68.61 1.451
208.1 -0.957
239.3 0.8351
10.47 -0.9551
118 -1.247
408.4 3.228
195 1.505
30.22 1.046
81.1 0.8095
18.4 -1.184
24.71 1.53
24.56 1.09
354.3 1.28
1996 1.581
405.7 0.9587
321.3 1.22
109.3 -2.181
64.29 1.385
22.54 -0.9373
1594 2.176
50.84 -1.78
439.7 2.54
49.82 -2.186
19.06 1.265
28.09 0.9077
35.05 -2.235
1019 -0.796
15.2 -1.126
277.4 1.612
515 1.879
9.063 -0.9283
116 -0.7624
64.74 -1.545
385.6 1.804
30.79 1.596
30.6 -1.473
2978 2.337
11.66 0.931
516.2 2.52
76.68 0.9409
182.6 1.519
120.4 1.602
35.02 0.9447
57.84 0.8855
18.83 1.268
66.79 0.9303
59.22 -0.9117
10.23 1.192
144.5 1.067
91.22 0.7606
124.9 -3.649
12.25 -1.098
263.9 -0.6444
20.34 -1.686
168.8 1.309
41.35 0.87
10.24 -1.086
115 2.158
28.49 -1.218
221.8 -0.9363
349 1.175
222.9 3.257
63.43 0.8181
11.92 0.9926
112.4 1.139
17.94 1.22
632 0.898
33.05 -1.872
101.9 1.081
49.03 1.049
228.6 1.474
128.6 0.7238
56.2 0.8507
31.43 -2.05
53.09 1.472
25.2 1.109
21.19 1.529
25.34 1.006
44.6 0.9986
451.3 2.027
82.73 -1.468
16.99 -1.21
11.35 -1.019
48.96 -1.822
143.9 -0.8712
48.39 1.029
67.61 1.181
383.4 1.268
242.4 0.7906
58.67 0.98
985.3 1.005
98.43 -0.7855
206.7 0.8126
13.56 1.105
173.7 0.9215
370.4 1.47
6.464 -0.9042
6.012 -0.877
34.41 1.295
175.1 1.082
36.16 -1.013
26.46 -1.502
72.94 -0.86
11.58 1.225
69.32 0.9448
10.71 -1.26
12.44 -1.258
209.7 0.7002
255.9 1.454
41.37 0.8582
709.2 -2.37
122.8 1.184
716.4 -0.9378
378.1 1.988
80.9 -2.276
639.3 -0.9995
35.74 0.8605
42.75 0.9042
1314 3.322
21.88 -0.9231
198.8 2.368
15.4 -1.21
