m v
1.167 1.367
94.67 139.1
342.7 3950
3 2.8
7114 3.411e+06
0.6667 1.467
2.833 2.567
1.006e+04 9.352e+06
376.8 1.445e+04
25.83 77.77
93.83 1154
398.2 5363
9.167 22.97
1.333 2.267
2179 6.841e+05
616.8 3.212e+04
101.3 2013
2958 2.367e+05
144.7 1772
1.566e+04 2.267e+07
6 8
184.5 3394
81.17 147.4
20.33 61.47
263.5 1.262e+04
5.5 5.5
2558 9.44e+05
3924 4.64e+05
2.333 2.667
67.67 889.9
7.667 11.07
1.5 3.5
6974 7.095e+05
63.5 589.5
2 1.2
557.3 2.094e+04
4 8.8
6597 2.821e+06
5.5 5.9
0.6667 0.2667
4 24.4
18.5 75.9
67.17 440.6
6063 2.269e+06
764 1.338e+05
17.67 39.07
0.5 0.3
1.833 2.167
1.509e+04 7.953e+06
70.33 664.7
682.3 7.16e+04
0.6667 0.6667
0.5 0.7
4597 3.511e+06
272.5 1.084e+04
16.5 51.9
17.5 27.5
1.167 0.5667
2.5 5.1
1 1.6
3317 7.833e+05
55.83 172.6
2.333 5.067
1034 9.534e+04
3.667 0.6667
1.5 2.3
335 6172
6022 1.539e+06
1.667 2.267
2343 7.792e+05
3.5 1.1
0.6667 0.6667
0.5 0.7
8.5 8.3
1314 1.068e+05
67.83 893.8
4380 1.03e+06
4.167 7.767
16.33 11.47
12.17 45.37
1.489e+04 3.236e+07
1.113e+04 4.486e+06
19.33 187.1
46.33 78.67
14.17 29.77
1447 3.906e+05
0.5 0.3
0.6667 1.467
33 66
6 13.2
3684 1.2e+06
1385 1.791e+05
151.2 2053
600.5 1.581e+04
814.8 3.904e+04
2085 8.528e+05
9840 1.644e+07
2.833 1.367
374.8 1.732e+04
2.667 2.667
52.33 93.87
2396 8.478e+05
5308 1.807e+06
1455 2.341e+05
0.8333 1.367
25 80.8
2.833 2.567
2.098e+04 2.619e+07
2.333 3.467
6.333 15.47
22.17 134.6
1 1.2
4930 2.91e+06
445 1.798e+04
1 1.6
83.83 353.4
0.5 0.3
299.8 1.087e+04
4.667 3.867
1 1.6
2.333 2.667
178.8 3664
292.3 6011
15.33 84.67
388.7 1.569e+04
19.33 31.87
1.333 1.067
12.83 29.77
41.67 110.7
9362 1.56e+07
0.8333 0.5667
1.667 3.867
221.2 1968
1.266e+04 1.695e+07
6971 1.65e+07
1036 8.091e+04
0.3333 0.6667
2644 4.152e+05
728.3 2.702e+04
4.833 4.167
69.83 261.8
0.6667 0.2667
2030 1.862e+05
941.2 9.305e+04
3155 1.022e+06
1419 1.564e+05
6.667 2.667
2250 5.242e+05
6.833 10.97
2.167 1.367
33.5 203.5
93.67 1417
8.167 14.97
310.2 5172
354.5 1.149e+04
5.833 8.967
442.2 4.34e+04
17.67 131.9
1177 9.735e+04
10.83 2.967
2268 1.223e+06
41.17 134.6
173.7 913.9
572.7 2.353e+04
133 651.2
8 6.4
1.692e+04 3.884e+07
1.5 3.5
18.67 73.87
192.8 5914
0.1667 0.1667
2.833 2.567
2378 5.945e+05
2393 1.635e+05
382.2 1.189e+04
6960 2.748e+06
1644 3.799e+05
12.17 28.57
509.2 7556
14.33 40.67
1355 2.166e+05
30.33 57.87
3 1.2
6273 5.039e+06
661.3 3.386e+04
1282 2.266e+05
142.3 1059
1994 2.142e+05
57.5 557.9
212.8 3797
1.5 4.3
144.8 2439
2489 9.519e+05
877.8 2.822e+05
3008 1.115e+06
84.67 144.7
5022 7.805e+05
1.833 1.767
5464 7.679e+05
25.5 81.1
1.167 2.167
407.3 2.515e+04
72 454.4
54.67 825.5
4745 2.999e+06
3.167 3.767
387.5 2.873e+04
48.17 123
151.3 1225
97.83 737
2 2
118.3 2417
4953 2.59e+06
2.833 2.567
1 0.8
1.333 1.867
78.67 249.9
1.2e+04 1.635e+07
0.5 0.3
2.045e+04 5.025e+07
149.5 1150
1.167 0.9667
47.67 213.1
5 7.2
914 3.155e+04
146.2 1895
8.833 9.367
7.5 2.3
6548 3.772e+06
1822 9.311e+04
53.33 100.3
33.67 56.27
1423 1.339e+05
1.469e+04 2.978e+07
1 1.6
3 2.4
19.33 46.67
117.8 1690
1.667 1.467
0.8333 0.5667
4.5 5.9
24.67 71.47
892.7 1.281e+05
300.8 1.113e+04
0.6667 0.6667
0.5 0.3
56.67 523.5
4776 2.745e+06
7820 9.342e+06
28.17 48.17
6797 3.299e+06
8434 5.229e+06
30.17 49.77
1286 1.87e+05
22 106.8
1.833 1.367
181.7 4596
0.8333 0.5667
510 2.503e+04
2687 7.62e+05
8585 1.522e+07
53.67 253.9
2 3.2
5926 5.394e+06
5307 5.152e+06
1.389e+04 1.736e+07
210.8 6761
569.2 1.423e+04
24.33 24.67
2.333 1.867
11.17 34.97
930.8 1.926e+05
18.83 109
795 1.118e+05
119.7 2217
63.17 769
1.426e+04 3.334e+07
3.167 3.767
92 1382
3.333 5.067
9471 1.982e+06
96.17 1301
17.83 44.97
2.333 2.667
300.7 4594
33.83 101.4
1.833 3.767
0.8333 0.5667
34 32.4
220.7 1435
149.2 1535
6837 3.101e+06
7666 1.297e+07
8355 7.991e+06
2091 5.89e+05
65.17 102.2
119 1819
32.17 81.37
36 172
0.8333 1.367
1990 1.072e+05
6.667 24.27
1 1.2
65.17 75.37
815.3 6.976e+04
43.67 344.7
22.83 74.97
529.3 4.43e+04
2.333 2.267
1.5 2.3
270.8 1.66e+04
131.3 1231
6685 3.701e+06
33.5 282.7
2042 5.16e+05
0.1667 0.1667
0.5 0.3
307 1991
8 2.4
1 0.8
2.333 4.667
22.33 41.87
22.33 66.27
214.8 1.044e+04
5743 4.389e+06
22.5 41.9
4.667 9.467
200.5 5132
1.167 0.5667
29 128
12 16
28.17 141.4
0.6667 0.6667
191.8 853.4
373.8 8609
1590 8.929e+04
1.364e+04 1.899e+07
20 57.6
521 1.509e+04
55.83 424.6
6.333 9.867
5323 7.81e+05
1651 5.015e+05
9849 1.044e+07
2747 8.659e+05
8144 2.198e+06
1.333 3.067
1 0.8
3.333 3.867
45 63.2
870.3 6.428e+04
52.5 457.1
108 142
1576 1.672e+05
1.667 2.667
558.7 9233
0.6667 0.2667
6 11.6
1201 3.353e+04
645.5 4.611e+04
29 86
11.67 13.47
3801 4.029e+06
12.83 44.57
0.6667 0.2667
7.333 15.87
1.333 1.067
2680 5.106e+05
2.167 2.567
1.581e+04 1.883e+07
5 8
11.5 1.9
220.2 4539
12.5 30.7
22 100.4
2.167 2.567
32 33.2
0.8333 0.5667
5 4
6508 7.171e+06
8.833 6.167
11.83 13.37
664.8 4.984e+04
5491 3.638e+06
13.5 22.7
16.67 17.87
888.8 1.174e+05
2262 6.734e+05
415.5 8131
3 6.8
3 5.6
1566 1.817e+05
878.3 7.473e+04
6938 1.861e+06
1975 9.278e+05
36 144
3.167 3.367
5816 1.632e+06
656.3 7.663e+04
250 1.04e+04
696.2 1.045e+04
21.67 32.67
17.67 45.07
218 2632
79 1304
897.8 1.035e+05
1.142e+04 1.459e+07
4103 8.19e+05
34.5 214.3
24.17 54.17
9472 1.236e+07
32 117.6
2308 3.175e+05
1.333 2.267
67.83 481.4
118.2 2179
2272 5.108e+05
5015 1.182e+06
1.833 2.167
329.3 1.009e+04
366 5388
2.833 3.767
3626 8.165e+05
198.8 6931
1.453e+04 1.353e+07
3.667 2.267
154.8 5323
20 178.4
452.5 7105
330.2 1.757e+04
93.17 257.4
12.67 19.87
87.5 207.5
23.83 79.37
8918 2.9e+06
68.5 657.9
88.5 807.5
9 15.2
7.833 16.97
1.606e+04 1.364e+07
11.5 31.1
4669 1.706e+06
218.2 4571
1.807e+04 3.7e+07
3.5 5.1
1.05e+04 1.828e+07
2100 6.996e+05
204 1675
755.5 6.688e+04
1025 3.546e+05
59.83 323
477.8 3.155e+04
3.667 5.467
0.5 0.3
576.7 1.735e+04
86 1780
5299 6.817e+06
9.5 32.7
3352 1.005e+06
1.592e+04 2.09e+07
6890 2.957e+06
1.402e+04 8.653e+06
3.667 9.867
2.5 3.1
5 2.4
20.17 47.77
2 4.4
2.167 3.767
1 1.6
9015 9.527e+06
20.5 78.3
414.7 2.81e+04
57 236.8
1119 7.215e+04
2164 4.771e+05
29 15.6
165.7 1406
0.8333 0.5667
8.167 16.57
6.833 6.167
11.33 8.667
17.5 49.9
214.8 6607
17.33 63.87
16.33 33.87
2678 5.887e+05
0.3333 0.2667
0.3333 0.2667
0.6667 0.6667
4442 3.132e+05
381 2.192e+04
885.7 4.824e+04
1.283e+04 2.519e+07
5.833 11.37
9429 2.346e+07
6.833 12.17
136.5 1401
588.8 4.654e+04
2118 6.921e+05
6.667 14.67
79 1040
0.5 0.7
9.167 17.37
1.537e+04 1.564e+07
9180 5.916e+06
225.8 7913
2236 8.622e+05
6535 5.154e+06
13 78
1.365e+04 9.092e+06
48.17 445.4
2.5 2.3
111.8 1281
299.5 1.302e+04
891.3 2.929e+04
446 3.13e+04
0.6667 0.6667
450.2 4.212e+04
8208 6.978e+06
530.5 5.025e+04
1.306e+04 9.01e+06
117.8 2401
2591 1.678e+06
2.667 3.067
6627 1.456e+06
44.5 328.7
5679 1.496e+06
18.33 105.9
270.5 1.156e+04
3822 1.304e+06
879.8 4.72e+04
312.7 9465
1.444e+04 2.444e+07
1.5 0.3
1.333 3.467
147 3754
1.207e+04 2.163e+07
635.7 1.32e+04
13 25.2
1 1.6
49.83 248.6
78 493.6
74.67 227.1
450.5 1.427e+04
10 11.6
5164 2.66e+06
6.333 10.27
2.167 2.567
18.33 53.07
8259 6.411e+06
1.667 1.467
7.5 14.7
9976 3.604e+06
25.83 20.57
3326 8.386e+05
0.3333 0.2667
5390 2.45e+06
8.667 19.87
4.667 2.667
1272 1.697e+05
1.674e+04 2.626e+07
1.161e+04 1.792e+07
1110 1.572e+04
8785 1.015e+07
1.969e+04 2.458e+07
172.2 2646
2.667 5.467
3996 1.787e+06
26 64
12.5 23.5
96 987.2
0.8333 0.5667
0.5 1.5
9 14
285.8 6889
1628 5.273e+05
1.16e+04 1.145e+07
2648 1.033e+06
1.021e+04 6.513e+06
422.3 3.47e+04
1256 2.141e+05
255.7 4209
0.8333 0.5667
0.8333 0.5667
1622 5.154e+05
4 9.2
1995 1.102e+05
71.83 231.4
188.8 2658
49 151.6
1.333 2.667
8.667 44.27
13.83 20.57
22 96.4
861.2 1.507e+05
3 3.6
57 276.4
265.2 6167
1.333e+04 1.529e+07
1.667 2.267
0.6667 1.067
4.167 0.9667
5.5 7.9
3.833 5.767
1.167 3.767
4.667 4.267
4 4.8
76.83 113
503.2 5.483e+04
31.17 105
3.167 1.367
2.167 11.77
10.83 43.77
3 7.2
75.33 1137
5813 3.056e+06
1077 2.689e+05
4.333 5.867
0.1667 0.1667
1 1.6
56 179.2
25.5 95.1
719.8 1.504e+04
0.8333 0.9667
9.5 7.9
641 6.384e+04
163 1813
94 1752
7359 5.968e+06
2.333 2.267
4.167 5.767
176.7 3371
232.5 7487
1.476e+04 3.468e+07
1.862e+04 1.211e+07
276.8 1302
1594 3.267e+05
855.2 2.797e+04
1 1.6
234.2 1.147e+04
11.17 33.77
23.17 67.37
2 3.2
0.1667 0.1667
3598 2.487e+06
707.7 7.903e+04
1226 1.879e+05
9 16.4
43.83 219.4
1.5 3.1
299.3 1380
4026 7.709e+05
2196 1.029e+06
8652 1.258e+07
7.333 13.07
785.2 5.181e+04
1.667 2.667
128.3 303.5
1.5 2.3
150.5 1077
195 7583
21.17 50.17
15.5 28.3
1061 7.32e+04
65.17 713.4
37.17 66.17
0.5 0.3
9.667 20.67
4019 1.827e+06
1.641e+04 1.62e+07
21.17 138.6
4088 5.465e+05
5881 3.944e+06
5.333 8.267
9.333 8.267
823.8 1.361e+05
12.67 19.07
1.124e+04 3.3e+07
23.17 62.97
1165 1.551e+05
956.8 9.618e+04
5.667 8.667
5116 3.438e+06
16.67 31.47
2.167 2.167
1.167 0.9667
56.67 661.9
445.2 1.73e+04
8.667 3.067
3340 5.702e+05
10 15.6
4673 1.722e+06
0.5 0.3
8.167 8.967
3.167 2.967
51.5 401.9
22 37.6
35 106.8
4474 2.276e+06
209.7 5548
282.5 1.228e+04
36.5 169.1
2226 3.382e+05
101.7 217.1
1256 2.853e+05
6701 2.892e+06
308.7 8547
42.33 119.1
10 29.2
8231 1.58e+06
1499 5.489e+04
3107 9.456e+05
5.5 5.9
47 233.6
5481 5.019e+06
9 5.2
3040 1.999e+05
136.5 704.7
4.5 15.5
24.83 98.97
1 1.6
731 4.847e+04
1220 2.605e+05
0.1667 0.1667
11.5 14.3
1343 2.183e+05
4.167 12.17
151.3 1419
2379 5.639e+04
239.3 7958
1.167 0.1667
8214 1.299e+07
1653 4.121e+05
210.2 6609
15.5 23.9
235.7 5668
23.33 121.1
3 2.8
1.333 3.067
1.833 2.167
3.333 2.267
7.667 4.267
352.5 3.238e+04
248 4550
250.2 6538
2549 2.116e+05
0.6667 0.6667
27.5 77.9
1 1.2
42.33 114.3
0.8333 1.767
1.5 0.7
1 1.6
35.17 123
1930 2.717e+05
9.833 9.367
1132 7.658e+04
6 8.8
8.667 13.87
84 694.4
0.3333 0.2667
49.67 317.5
290.3 2649
2747 3.513e+05
1.333 0.2667
1978 1.575e+05
225.3 3072
277 1.124e+04
1.333 1.467
5515 2.833e+06
9.333 12.67
187.7 2753
148.3 5204
9290 3.932e+06
295 1.344e+04
1.913e+04 5.011e+07
4.667 3.867
526.2 1.606e+04
202 687.6
137.2 579.4
319.7 3.29e+04
131.3 1752
15.17 14.97
402.2 1.83e+04
1.333 0.2667
60.83 323.4
62.17 268.2
4.333 3.467
172.5 2426
690.7 4.805e+04
2.5 0.7
17.17 28.97
1.167 2.567
266.8 2925
0.6667 0.2667
5.833 2.967
50.33 133.5
56 221.6
1.5 2.7
8422 2.76e+06
6.667 17.47
339.2 1.803e+04
4.833 5.767
285.3 6023
21.5 123.5
17.17 38.97
84.5 651.9
235.5 1597
276.7 3279
676.2 1.731e+04
8.833 3.767
0.6667 0.6667
7.833 22.97
17.17 42.97
267.8 1.107e+04
41 137.6
15.67 32.27
1.333 1.467
296.2 7178
1.667 2.267
104.5 592.3
712.2 6.249e+04
294.5 3872
3.5 1.9
18 78.4
1.174e+04 1.902e+07
1.333 1.467
656.2 7119
53.33 288.3
320.7 4991
35.83 127.8
2 1.2
241.7 7821
0.3333 0.2667
3744 1.862e+06
1463 1.073e+05
28.33 50.27
145.2 685
125.2 1245
1.575e+04 2.795e+07
0.1667 0.1667
12.5 25.9
53.33 100.7
1872 7.11e+05
1120 2.064e+05
50.5 259.5
1 0.4
507.3 5327
42.83 411
2.167 2.967
343.2 1.066e+04
53.33 523.5
13 8
8.333 18.67
124.8 607
8.167 29.37
28.33 56.27
9318 1.742e+07
84.33 1037
8.167 23.77
120.8 1540
8946 1.23e+07
5868 1.352e+06
572.5 7.172e+04
6860 9.831e+06
1761 6.197e+05
659.3 3.255e+04
45.67 167.5
2 1.6
1246 4.93e+04
543.2 4.399e+04
1.439e+04 9.072e+06
15.33 21.47
5460 2.222e+06
4.167 1.367
1.067e+04 7.077e+06
1.868e+04 6.928e+07
1.333 3.067
11.5 16.3
1.625e+04 2.967e+07
1.403e+04 5.516e+06
609.8 1.125e+04
2.167 1.367
0.5 0.3
7.833 8.567
1.05e+04 7.432e+06
2315 2.873e+05
50.33 281.1
1450 4.334e+05
7051 3.496e+06
10.83 18.17
4939 5.185e+06
8.333 29.07
17.5 61.5
1.167 1.367
5.5 5.1
174.8 3503
0.5 0.7
187.2 3619
2.667 11.07
1510 1.83e+05
2.5 1.9
6.333 10.67
11 12
233.5 5512
2250 3.282e+05
1440 2.601e+05
992.5 2.904e+04
831.7 5.484e+04
183.8 1961
16 30.4
3.167 1.367
4512 9.251e+05
41.5 233.1
468.3 3.615e+04
1.667 1.867
26.83 10.17
0.6667 0.6667
11.83 34.57
1284 1.6e+05
17.67 10.27
692.8 3.198e+04
1.5 1.1
24.33 83.47
42.5 35.5
109.7 1529
5.5 3.9
929 5.567e+04
5097 2.56e+06
2739 7.439e+05
0.6667 0.6667
105.2 486.6
19.5 19.5
197.5 2252
0.6667 0.6667
1185 6.408e+04
44.5 294.7
1.275e+04 7.381e+06
1.167 0.9667
35.5 44.3
86.67 741.1
3156 3.764e+05
1666 3.405e+05
2.5 4.3
12.5 16.3
940.2 6.34e+04
42 210.8
8.333 15.07
9672 7.972e+06
2961 2.933e+05
26 65.6
189.8 5395
8886 6.682e+06
4.167 3.367
6518 1.66e+07
6017 1.156e+07
1196 9.111e+04
807.3 2.261e+04
787.5 6.013e+04
145.5 762.7
226.5 2514
2.667 3.067
171.2 1426
559 4.945e+04
76.33 1011
600.8 1.631e+04
52 292
2604 3.893e+05
909.3 9.536e+04
1.167 0.5667
1820 3.749e+05
10.17 17.77
1 1.2
1.667 5.867
12.33 10.67
144.5 4182
18.33 59.07
3.833 3.367
1382 1.744e+05
31.83 217
4370 4.912e+05
4.667 10.67
941.2 9.902e+04
27.33 79.87
4966 2.305e+06
414.8 2.443e+04
651 6.338e+04
0.8333 1.367
1481 2.219e+05
13.33 58.27
1469 1.853e+05
4096 1.92e+06
1.167 0.5667
0.5 0.3
1606 2.45e+05
1.317e+04 1.549e+07
7862 1.436e+06
52.5 373.9
3411 1.512e+06
1.333 0.2667
1.167 1.367
199.8 4318
148.3 1003
3109 8.94e+05
5.667 12.27
83.33 413.1
1.819e+04 1.127e+07
11 25.2
43.17 309.4
307.8 8684
1.74e+04 2.378e+07
3 5.6
478.2 3.322e+04
37.33 228.3
38.83 173.8
6.5 16.3
65.17 244.6
273.8 7047
27.5 69.1
96 231.6
519 3.251e+04
4317 7.706e+05
173.8 2054
34 204.4
1.28e+04 1.061e+07
2.667 2.267
0.8333 0.9667
7634 2.586e+06
6 8.4
1.167 0.9667
32.67 109.9
20.67 55.07
22.5 91.5
4690 1.393e+06
12 42.8
0.8333 1.767
4.667 19.07
8746 7.849e+06
48.83 155
21.17 23.77
1579 4.982e+05
9656 3.59e+07
104.5 1520
2816 4.345e+05
9.667 43.47
22.83 124.2
267.5 4026
8 13.2
16.33 75.47
3.333 5.867
8.667 10.67
3200 1.871e+06
2372 4.457e+05
2.333 2.667
16.33 29.87
1157 2.633e+05
4950 7.11e+05
160.8 2161
1312 5.9e+04
5.333 20.67
1764 3.914e+05
2858 2.126e+05
38.5 293.1
5.5 11.5
0.8333 0.5667
465.3 2.305e+04
397.7 1.419e+04
0.1667 0.1667
90.33 2177
8606 8.7e+05
0.6667 0.2667
3.333 5.867
0.6667 0.2667
51 200
33.67 144.3
5238 6.028e+05
1.167 2.167
4.833 8.167
9499 4.544e+06
0.8333 0.5667
8.667 20.27
25.33 50.67
0.5 0.3
8.667 7.467
237.2 1029
381 3.793e+04
322.7 1.03e+04
349.2 3.943e+04
289.3 1.311e+04
0.6667 0.6667
587.8 1.535e+04
245.8 8648
4.333 3.467
37.5 221.1
6.333 8.667
6198 1.802e+06
9 10.4
1.667 1.067
2436 1.714e+05
1526 1.786e+04
3636 1.003e+06
661.8 6.621e+04
40.83 384.6
78.67 649.1
164.7 2925
219.3 2533
1.172e+04 7.003e+06
7.833 16.57
1831 2.436e+05
0.5 0.3
3.833 6.967
8960 1.104e+07
5.833 5.767
105.3 523.1
7260 1.036e+06
529.5 1.822e+04
79.83 412.6
944.8 1.591e+05
1.621e+04 2.712e+07
9569 7.579e+06
2.5 4.7
1.833 3.367
11.33 17.47
1.833 2.967
1624 1.274e+05
3327 1.367e+06
2 0.8
1.333 1.867
12.33 27.47
841.3 5.354e+04
1746 2.976e+05
63 287.6
431.8 1.946e+04
7282 2.29e+06
6002 4.505e+06
1.5 1.1
897.3 9.17e+04
1988 4.822e+05
6712 2.4e+06
39.17 136.6
2.667 1.067
73.83 135.4
21.83 51.77
37 144.8
2014 6.414e+05
523.3 5.289e+04
761.3 3.623e+04
500.7 9466
1.833 0.5667
0.8333 0.5667
36.5 174.7
3716 2.05e+06
422.8 1.483e+04
2124 5.502e+05
337.3 9419
2294 1.032e+06
1.61e+04 2.664e+07
828 6.56e+04
3800 1.659e+06
1.515e+04 3.533e+07
1505 3.465e+05
2315 1.551e+06
0.8333 0.1667
1.5 1.1
7748 1.12e+07
6 6
13.5 87.5
2 0.8
405.7 1.88e+04
0.6667 1.067
2126 4.462e+05
11 23.6
1245 2.251e+05
7033 7.036e+06
660.8 3.175e+04
49 228
431.2 2.015e+04
4314 5.597e+05
905.3 6085
11 8.8
1 0.4
5505 1.985e+06
332.3 1.267e+04
0.8333 2.567
152 4579
230.3 1799
15.5 39.1
4959 8.055e+05
6.333 8.667
1.667 1.067
13.17 19.77
16.67 33.87
5580 2.728e+06
622 2.774e+04
2.667 3.467
34.83 62.97
1 0.8
738.5 4.741e+04
4613 1.525e+06
1.667 1.067
88.5 649.9
9 3.6
9.5 15.9
1545 1.021e+05
1.784e+04 7.195e+06
9.333 41.47
189.5 6614
14 88
0.6667 0.6667
224.2 4391
2 1.2
778 8.343e+04
1489 2.718e+05
2.333 1.467
301.2 7709
4 6.8
1468 1.565e+05
7.167 11.77
677.7 3.4e+04
475.3 3.007e+04
225 7590
6.167 20.17
4661 6.719e+05
21.33 63.47
1403 1.553e+05
70.83 806.2
65.33 438.3
801.2 3.252e+04
16.83 28.57
1322 3.684e+04
56.17 167
1445 1.062e+05
589.8 1.391e+04
1.276e+04 3.049e+07
33.67 95.87
28 214.8
1.582e+04 9.424e+06
131.8 4560
39.67 231.1
1040 4.54e+04
7.667 2.267
1.183e+04 6.287e+06
1657 2.117e+05
616.7 3.464e+04
11.67 46.67
3148 4.128e+05
8658 4.643e+06
1876 2.687e+05
8636 4.929e+06
1.167 0.1667
1334 2.087e+05
3917 1.234e+06
86.33 453.9
0.6667 1.467
161.8 1072
4.667 4.267
1.167 0.9667
1.118e+04 4.122e+07
3025 3.417e+05
382.7 6358
1215 2.851e+05
717.5 9.368e+04
68.5 580.3
7.833 8.567
121.3 1151
214 2158
12.17 26.17
2.333 4.267
21 141.2
2.333 1.467
9383 4.786e+05
4.833 5.367
28.17 115.4
167.2 3191
7.333 19.47
90.67 1257
153.8 2577
0.6667 0.6667
1.1e+04 8.977e+06
135.5 790.7
1.833 1.767
1.436e+04 3.644e+07
2 2.8
1076 3.099e+04
82.67 723.9
4.5 2.7
31.67 124.3
74.67 907.1
27 200.8
8.333 29.47
38.67 142.7
48.5 282.7
672.2 4.338e+04
3.833 7.767
1 0.8
4325 8.112e+05
1.167 0.1667
315.7 1.36e+04
171 702
1.39e+04 2.044e+07
3.833 6.567
5861 9.991e+05
2 2.4
2.5 6.3
415.5 6974
3.167 12.57
283.8 5854
792 1.217e+04
3 3.2
2103 4.144e+05
42 446.8
1.371e+04 2.276e+07
0.6667 0.6667
0.5 0.7
379.8 6882
5.333 13.47
30.67 227.5
6139 2.912e+06
19.83 82.97
0.5 0.7
3.5 2.3
156.7 2501
1940 4.077e+05
1590 1.615e+05
72.17 274.2
4.5 7.1
2 2
7.5 15.9
3.833 2.967
7240 7.057e+06
42 138.4
1.667 1.067
421 1.499e+04
66.83 593.4
0.6667 0.2667
1.555e+04 2.796e+07
1.232e+04 3.202e+06
6.667 19.87
4186 1.062e+06
64.33 238.7
665 2.903e+04
438 2.698e+04
1456 2.26e+05
42.17 230.6
3 4
1858 5.603e+05
40.33 402.7
64.83 82.17
1702 1.189e+05
518.2 2.666e+04
1.521e+04 3.467e+07
28.83 48.97
422.3 5533
2 1.6
2.167 2.167
6.5 2.3
10.17 11.77
48.5 81.1
5 7.2
1.173e+04 4.165e+06
46.67 513.9
31 54.4
6142 4.02e+06
1762 1.966e+05
1735 4.126e+05
7979 7.713e+06
1375 3.05e+04
9.167 6.167
1.003e+04 9.227e+06
0.3333 0.2667
6071 2.765e+06
47.5 273.9
16.67 89.87
81.67 1081
27.17 42.97
4284 2.028e+06
2583 7.883e+05
1230 3.687e+04
8.167 30.97
60.33 1384
0.8333 2.567
1512 1.356e+05
1.167 0.5667
28.67 155.9
2.333 1.067
3809 1.24e+06
8560 4.081e+06
7 19.6
4419 1.359e+06
2.333 3.867
1099 1.551e+05
5.833 30.17
42.5 166.7
316.3 4931
16.33 17.47
4.333 9.467
238.5 1622
2003 5.835e+05
1.979e+04 1.242e+08
13.5 37.5
7.167 4.567
0.3333 0.2667
3 2.4
0.5 0.3
10.17 46.57
995.8 8.63e+04
1.333 0.6667
483.2 1.393e+04
9.5 12.3
5.833 10.57
77 305.2
43.83 90.97
62 533.2
1.5 1.9
208.8 1813
7060 3.2e+06
0.5 0.7
1.333 1.067
271 1.28e+04
11.17 40.97
6.667 19.07
2.058e+04 3.545e+07
13.17 39.37
7619 3.634e+06
251.5 1.721e+04
0.8333 0.5667
9.833 6.967
1 0.8
159.2 1249
8079 1.094e+07
0.8333 0.5667
0.3333 0.2667
0.3333 0.2667
8.833 32.57
2.333 1.067
1.155e+04 4.249e+06
1504 3.84e+05
1.037e+04 1.685e+06
256.8 4746
3012 2.689e+05
1030 3.383e+05
12.17 10.97
446.5 2.656e+04
11 6.4
52.67 587.5
3732 1.115e+06
4.667 8.667
3.167 1.367
4503 1.844e+06
77.17 559
3 2.8
15.33 12.67
8.333 4.267
8412 5.665e+06
80.67 367.9
8827 6.802e+06
89.67 1037
9882 4.099e+07
9052 9.357e+06
251.7 3506
2104 2.46e+05
12.83 34.97
1.5 1.5
315.5 9791
0.5 0.3
67.67 339.9
473.7 2.483e+04
1553 1.156e+05
7048 5.764e+06
4 2.8
6024 1.889e+06
69 844.8
442 6.338e+04
62.83 163
3427 6.156e+05
12.67 32.27
1.333 2.267
3494 4.61e+05
581.7 1773
1031 6.754e+04
2.667 3.067
3.167 2.967
371.7 1.893e+04
1547 4.392e+05
362.7 8481
241 2631
398.3 3.797e+04
2 1.2
56.17 318.2
18.17 51.37
1078 3.067e+04
110.2 746.6
787.7 9.53e+04
737.8 9.116e+04
7503 4.293e+06
4327 2.61e+06
2 3.6
