m v
1.667 1.467
101.8 32.97
293.7 188.3
0.8333 0.1667
3 4
9332 7488
1.333 1.467
1.667 2.267
1.151e+04 6238
366.3 261.1
27.17 7.767
108.8 142.2
555.8 267
9.333 21.07
2 5.2
2130 911.1
599 428
116.8 115.4
2851 1022
162 204.4
1.636e+04 1.765e+04
3.833 6.967
175.3 293.9
77.67 87.47
21.5 6.7
263 444.8
4.833 2.967
2487 745.4
4937 9986
2.167 1.767
69.83 25.77
8 7.6
0.8333 0.5667
6596 1.037e+04
52.5 33.1
2.167 1.767
624.2 488.2
4.667 5.867
7035 1610
5.5 9.9
0.6667 0.2667
6 4.4
18.67 36.67
70.83 178.2
7354 8368
803.5 476.3
15.83 44.57
0.6667 0.2667
3.5 3.1
1.928e+04 4.699e+04
52.33 23.87
769.2 488.6
1 0.8
0.6667 0.6667
3866 7743
250.5 271.5
12 18.8
14.17 4.567
0.5 0.7
2.167 2.167
1.167 0.5667
3631 1682
66.83 105
1.667 0.6667
1254 782.3
3.333 2.267
1.333 0.6667
282.5 186.3
6583 7274
0.5 0.7
2538 2532
5 2.4
0.8333 1.367
0.3333 0.2667
14.5 21.1
1118 393.1
93 220
4216 2669
4.333 9.467
14.33 11.87
8.5 14.3
1.589e+04 1.59e+04
1.074e+04 3479
17.83 6.967
49.33 87.47
14.67 6.667
1381 2795
0.5 0.3
0.6667 1.467
37.67 59.47
8.167 17.37
3867 3261
1277 735
162.2 114.6
561.3 366.3
762.7 189.9
1945 163.5
9288 8968
2.5 4.7
378.7 69.47
1.5 1.1
50.67 71.87
2071 6570
6556 6768
1528 602.7
0.8333 1.367
20.17 7.367
3 6.4
1.973e+04 1.272e+04
2.833 1.767
5.667 3.867
26.17 14.97
0.8333 0.5667
5080 4582
429.8 1026
3.5 6.7
95.17 151
2.167 0.5667
327.2 236.6
5.333 1.867
0.6667 0.2667
1.833 2.967
171.7 352.3
426 433.6
18.17 9.367
454.3 395.5
19 4.4
1 1.2
14.83 5.767
35 38.4
7921 4860
2.667 0.6667
1.167 0.1667
183.8 383.8
1.358e+04 9785
7490 3264
849.5 723.9
0.5 0.3
2555 913.2
705.3 333.1
2.833 1.367
70.83 113
0.8333 1.367
2428 2191
1009 893.9
2540 2129
1559 1971
9 21.2
2132 1042
8.667 4.667
2.5 1.9
32.33 61.47
97.33 231.5
11 5.2
313.5 110.7
306.2 431.8
7.5 9.1
358.5 633.9
22.67 3.867
1177 616.2
12.83 5.767
2348 1220
46.67 46.67
169 88
609 295.6
126.2 33.77
8.333 9.467
1.608e+04 4284
1 0.4
16 18
171.8 51.37
1.5 1.5
2395 2101
2050 3224
438.7 99.07
7085 4245
1525 243.8
10.33 12.27
445.2 142.6
22.5 27.1
1400 394.7
29.83 75.77
2.167 3.767
5376 1.008e+04
762.8 257.4
1340 1569
184 26.8
2003 606.6
59.5 25.1
208.7 91.87
0.3333 0.2667
193.7 175.5
2793 1713
871.7 1889
2498 4504
95.83 19.77
5661 5443
1.667 3.867
5337 1809
24.83 11.77
1 1.6
362.8 302.6
59.67 39.47
52.33 81.47
4169 4978
2.667 5.067
342.8 385
37 16.4
134.2 46.97
97.83 34.17
2.167 3.767
114.8 18.97
4707 8286
3.5 3.5
0.5 0.7
1.333 2.267
67.33 24.27
1.533e+04 2.851e+04
1 0.8
1.816e+04 4420
144.8 151
2.667 3.867
43.67 13.47
5.333 2.667
975.2 2243
149.7 98.67
8.333 3.467
5.833 6.167
4868 3540
1666 2130
48.17 32.57
35.33 15.87
1254 700
1.471e+04 1321
0.8333 0.5667
3.167 1.367
27.17 34.97
108.7 137.5
1.167 0.5667
1 1.6
4.833 5.367
28.17 28.97
1250 1659
311.8 360.6
0.5 0.3
0.8333 0.5667
59 53.2
5289 1724
8073 1.167e+04
23.5 11.5
6036 4038
9436 8995
33.33 37.07
1372 3234
21.83 21.77
2 0.4
218.7 321.1
2.333 2.667
555.8 591.8
2651 1192
8166 5835
59.33 86.67
1.5 0.7
7195 1.119e+04
5086 5306
1.42e+04 1.171e+04
264.8 376.2
628.2 313.4
29.17 82.97
4.333 3.867
10.67 14.27
1040 944.7
16.33 15.87
755 490
98.5 56.3
55.33 39.47
1.416e+04 2900
3.667 5.467
89.67 63.47
4.333 2.667
1.027e+04 1.604e+04
85 88.4
16.83 23.77
1.833 1.767
270.5 74.7
32.5 52.7
1 0.8
0.8333 0.5667
27.67 42.67
257.2 281.8
128.2 283
6924 1.087e+04
7838 9188
1.014e+04 4524
2435 1863
79.33 20.67
132 103.2
36.67 38.67
33.33 12.67
1 0.4
2390 1661
6.667 5.867
1 0.4
75.17 201.4
998.7 106.3
47.83 44.57
23.17 11.77
530 150.8
3.167 2.167
0.8333 1.367
255.2 135.8
142 74.8
4772 1879
38.5 4.7
2082 2603
0.3333 0.2667
0.1667 0.1667
286.2 570.6
5.167 3.767
1.5 1.1
1 1.6
24.67 36.27
16.33 10.27
202.2 121.4
6095 5045
26 54.8
2.667 1.867
224.3 133.9
0.5 0.3
27.5 15.5
14.17 5.767
28.83 14.97
0.8333 1.367
181.7 50.67
372 46.4
1379 1993
1.272e+04 2.313e+04
23.17 26.57
515.8 415.8
54.83 10.17
4.333 2.267
6139 1.045e+04
1368 1194
1.088e+04 2646
2985 3025
8350 8355
2.333 1.467
0.5 0.7
5.333 3.067
43 37.6
715.8 123
46.67 83.47
114.2 28.57
1594 1316
1.333 1.867
692.8 1268
0.5 0.7
6.5 1.9
1069 541.9
689.7 871.1
34.5 37.1
11 14.8
3223 2365
8 6.4
0.8333 0.1667
8 5.2
0.8333 1.767
2703 2225
1.833 3.367
1.507e+04 9987
4.167 6.967
9.333 18.67
252.7 177.9
13.67 19.07
30 19.2
1.167 0.5667
34.83 33.37
1.167 0.5667
4.5 1.9
7734 4308
5.667 6.667
8.333 2.267
678.3 388.3
5804 2807
10.17 6.167
27 45.2
954.2 222.6
2190 1552
341.2 74.57
4 4.8
3.167 0.5667
1557 1445
892.2 501.4
6656 2328
1959 819
45.33 46.27
2.167 2.967
6258 4466
770.8 563.8
227.2 286.2
689.5 1245
30.83 18.57
17.83 9.767
223 224.4
83.5 98.7
913 1491
1.018e+04 2649
3993 3226
30.17 46.57
27.5 26.7
9250 6939
33.17 36.97
2399 1590
1 0.8
64.5 11.9
121.7 62.67
2670 890.7
5445 1.446e+04
1.833 1.367
339.5 52.3
384.3 596.7
2.667 2.667
3452 7095
180.8 182.2
1.334e+04 1.947e+04
3.167 2.167
131.5 171.5
16.33 8.667
450.5 386.7
311.3 280.3
107.2 52.57
17.17 27.77
107 101.6
30 3.6
6270 3747
66.17 13.37
77 43.2
7.333 1.867
7.667 13.47
1.23e+04 1.403e+04
13.5 5.9
4929 3657
268.2 54.97
1.633e+04 1.068e+04
2.833 1.367
1.068e+04 1.052e+04
1796 963.9
201.8 263.8
896.3 439.9
1062 402.7
53.67 49.47
415.7 646.3
3.5 1.1
1.333 1.867
641.5 797.5
78.17 137.8
7353 7513
6.667 2.267
2933 5513
1.732e+04 2.536e+04
6791 8467
1.374e+04 2.07e+04
3.167 0.1667
2.5 2.7
5.5 1.1
20.17 20.97
2.833 5.767
2.5 3.5
0.5 0.3
9758 3385
24.83 15.77
370.7 174.3
61.33 62.67
1290 738.3
2544 2865
30.83 15.77
142 122.8
0.8333 0.5667
11.5 7.9
5 9.2
14.33 5.467
17.33 51.87
232 428.8
18.33 17.07
13.33 13.47
3352 2592
0.8333 0.1667
0.3333 0.2667
1.5 1.1
4770 3103
400 157.6
1113 393.8
1.275e+04 1997
5.167 5.767
8547 1.025e+04
6.333 1.467
119.8 263
685.3 829.5
2339 2919
6.833 5.367
71.5 29.9
0.8333 0.5667
10.33 1.867
1.646e+04 1.45e+04
7292 3602
245.8 413.4
2076 4085
7109 5786
15.33 13.87
1.627e+04 2.28e+04
59.5 113.1
2.833 1.367
143.5 105.1
274.2 366.2
746.7 511.1
593.7 1115
1 0.4
434.3 1846
8737 2024
621 212
1.538e+04 8419
109.7 33.87
2707 1287
2.667 3.467
6564 7209
52 40
5364 1.163e+04
14.83 13.77
378 1423
3908 357
949.8 549.4
351.5 225.5
1.472e+04 2519
1 0.4
0.8333 1.367
167.7 126.3
1.235e+04 1.525e+04
712.2 603.4
14.67 8.667
0.5 0.7
61.83 17.37
80.5 82.7
70.17 61.37
363 378.4
9.833 7.767
5662 8449
11.83 10.97
1 1.6
18.17 9.367
1.014e+04 1.458e+04
2.333 1.467
10.5 11.9
9182 1.366e+04
20.5 9.5
3774 4996
0.8333 0.5667
6092 1.079e+04
9 8
3.167 2.967
1318 1777
1.783e+04 3.865e+04
1.301e+04 2858
1455 3293
8084 6132
1.756e+04 8211
173.2 263
2 0.8
4046 5285
30.83 41.37
14.5 8.3
99.33 62.67
0.3333 0.6667
0.8333 1.767
9 6
277.8 69.77
1394 853.1
1.266e+04 1.164e+04
2891 5211
1.072e+04 1.71e+04
431.2 346.6
1192 1201
252.2 298.2
0.6667 0.2667
1.167 0.9667
1585 1929
3.333 2.267
2175 1253
64 16.8
0.5 0.7
187.8 143.8
51.33 71.87
1.667 5.867
6.333 3.067
13.5 27.1
20.33 5.867
901.2 786.2
3 2.8
56 20.4
308.7 516.7
1.13e+04 1410
2.167 0.9667
1.333 2.667
3.833 4.967
5.5 5.9
2.833 1.367
1.667 1.867
4.333 4.267
4.833 4.167
80.17 34.97
477.2 104.6
26.33 26.27
2.667 1.067
2 1.2
8.167 2.967
1.167 1.767
82.83 98.97
5127 567.9
988 1607
5.5 9.1
0.6667 0.6667
0.8333 0.1667
47.33 91.47
20.67 47.07
680.3 908.3
1 0.4
8.167 13.77
720.5 1290
209.5 150.3
117.7 123.9
7079 5941
1.167 2.167
3.167 4.567
206.3 104.3
200.8 333
1.622e+04 7019
1.572e+04 1.308e+04
257.3 250.3
1526 919.1
795.7 437.5
2 2.8
291.5 292.7
12 13.6
23.83 21.77
2 0.8
4255 4963
974.8 822.6
1436 4890
11.83 4.167
45.17 110.2
3.5 1.9
296.3 317.5
3604 3309
1918 1266
9863 2.2e+04
9.333 14.67
846.5 800.3
1.667 1.467
144.5 43.5
2.167 0.5667
159.2 159
157.7 199.5
20.83 26.97
21.83 18.97
907.7 1358
80.33 37.07
38.5 89.9
2.5 0.3
10.5 9.5
3917 2805
1.486e+04 8189
20.5 12.3
5027 1.023e+04
5312 4099
4.333 4.267
10.33 1.867
811.5 871.5
13 17.2
1.248e+04 1057
21.83 15.77
1138 1371
907.8 962.2
5 5.6
4854 5880
18.5 10.7
1.833 5.367
1.167 1.367
61.67 119.1
408 273.6
8.5 23.5
3760 4212
8.667 16.67
3934 2341
0.5 0.7
9.333 17.87
2.5 1.9
60.67 39.07
17.5 15.1
31.5 22.7
4121 4617
241.5 106.7
306.5 312.3
29.5 58.3
2608 3841
106.3 24.67
1356 1046
8091 1.461e+04
332.7 363.9
50.83 115.8
8 3.2
7837 9494
1660 1594
2402 3653
6.5 3.1
51 8.8
5789 8881
6 3.2
2765 3485
147 97.2
6.833 5.767
26 30.4
0.6667 0.6667
623.8 460.6
1105 666.2
0.8333 0.5667
11.17 4.167
1723 804.7
4.667 1.067
151 46
2592 3147
211.7 148.3
2.333 1.067
7649 5516
1353 3164
204.8 121
19.67 23.07
227.5 430.7
32.83 37.37
1.667 1.067
1.833 1.767
1.5 1.1
3.833 2.167
6.833 8.967
412.8 66.17
240 313.2
259.8 313.8
3049 6464
1.333 1.067
31.5 31.1
0.5 1.5
43.83 73.77
1.167 0.5667
1.167 1.367
1.833 0.9667
30 52.4
1629 2127
8.667 13.87
1302 504.6
5.333 5.867
9.333 23.87
74.5 5.9
0.5 0.3
61.5 7.5
258 128
3115 6189
0.3333 0.2667
2378 1246
206.8 107.4
235.7 65.87
0.5 0.3
5591 5768
11 5.2
167.7 163.9
150.7 165.9
7692 6054
289.5 230.7
1.817e+04 3.131e+04
5.333 2.267
547.5 334.3
218.8 373.8
106.5 39.1
398.3 465.1
173.7 79.87
17.17 28.97
424.2 352.2
1.167 2.567
80.5 101.1
65 19.2
4.5 1.1
211.8 137.8
606.7 702.3
1.333 0.6667
10.33 7.867
0.5 0.7
265.2 294.2
1.333 2.267
5.833 7.367
57.5 36.3
59.67 29.47
0.6667 0.2667
1.148e+04 1.883e+04
6.333 1.067
325.3 585.9
4.167 6.567
284.8 373.8
19.83 27.77
16.17 4.967
79.5 128.3
249.3 135.9
276.7 88.67
754.3 811.5
11 4
0.6667 0.2667
8 6
15.67 6.267
312.2 919.8
36.33 57.07
12.67 22.27
1.167 0.9667
280.3 453.5
2.333 2.267
115.3 203.9
719.2 477.4
362.5 418.3
1.833 1.367
18.67 10.67
1.075e+04 2.746e+04
1.5 0.3
675.8 615
50.33 42.67
339.3 319.9
32.33 43.47
1.833 2.567
203.3 387.5
0.8333 1.367
4744 4415
2363 1279
29.17 61.37
148.2 141.4
136.8 107.8
1.606e+04 1.737e+04
0.6667 0.2667
10.67 7.867
40.33 11.07
2102 1865
1142 682.3
42.83 22.17
0.1667 0.1667
479.3 586.3
38.83 82.57
0.8333 0.5667
395.5 409.1
60 58.4
15.83 5.367
8.833 9.767
124.8 25.37
6.5 9.1
34.83 54.97
1.088e+04 1.349e+04
82.33 61.87
8.167 11.37
122.8 75.37
8358 2399
4898 2607
638.5 179.1
6861 3889
1528 1182
682 475.6
46.17 27.37
2.667 5.067
1149 1549
415.7 265.5
1.424e+04 1.402e+04
16.5 12.7
5433 8760
4.667 2.667
1.132e+04 2.1e+04
1.913e+04 2.954e+04
0.5 0.3
15.17 3.767
1.953e+04 1449
1.432e+04 3590
629.7 511.1
0.5 0.7
0.8333 0.5667
8.5 4.7
1.11e+04 8899
2517 1363
45.5 33.5
1574 747.2
7068 8925
13.17 9.767
5302 4785
6.833 10.57
13.83 12.97
0.5 0.3
3.833 0.5667
173.2 351.4
0.5 0.3
172.8 371.4
2.833 1.767
1378 740.6
2 1.6
4.5 9.9
8.167 7.367
235.8 362.6
2611 1991
1453 366.7
1302 312.7
692.3 742.3
169 47.2
18.67 33.07
1.833 2.167
4701 2941
35.83 59.37
494.3 533.9
1 0.4
21.83 62.97
1.667 0.2667
21.5 15.5
1196 2153
20.83 18.57
701.8 591.8
1.5 2.7
31.83 44.57
38.67 44.27
107.3 93.47
5 9.6
823.3 415.9
5808 6339
2761 3130
0.6667 0.2667
82 68.4
18.33 15.47
217.3 453.5
0.6667 0.2667
1133 2309
44.17 16.97
1.107e+04 6249
1 1.6
40 19.6
85 88.4
3340 2372
1513 4050
3.333 2.667
11.67 18.67
1207 2288
38.5 35.5
11 11.6
9599 8293
3774 2105
20 17.2
175.3 7.867
9424 1276
5.667 6.267
7653 2335
5876 5232
1099 299.1
710 154.8
709.2 899
160.3 297.5
247.8 118.2
4.167 6.167
197.5 298.7
623 558
78.33 29.07
662.3 1203
65.17 54.97
2485 1371
1039 1901
0.6667 0.6667
1754 3053
10.5 17.9
1.667 1.467
1.333 0.2667
17.17 24.57
128.3 213.5
15.33 26.27
3.5 4.3
1741 1362
25.67 32.67
5244 7307
7.167 2.567
727 265.6
24 5.2
4061 6003
477.5 580.3
678 702.8
0.8333 1.367
1426 2691
18.67 4.667
1275 2192
3882 3150
2.333 1.467
1 2.4
1514 1113
1.434e+04 5176
6939 6332
52.17 68.57
3437 2176
0.6667 1.467
1.667 1.067
225.7 196.7
133.8 71.77
3122 1578
5.167 5.367
64.5 16.3
1.793e+04 1.324e+04
14 6.4
38 47.2
315.8 251
1.907e+04 1.55e+04
4.167 12.57
759.3 580.7
43.67 17.87
36.83 74.57
8.333 9.867
63.5 53.9
224.5 207.9
34.33 16.67
107 126.8
416 522.4
4164 2298
197.5 85.9
28.5 9.1
1.327e+04 2.094e+04
4 5.6
0.3333 0.2667
7521 2.156e+04
7.833 2.167
2.833 5.367
34 17.2
17 9.6
19.67 3.867
4133 4088
11.67 17.47
2.5 1.9
4.833 2.167
1.18e+04 1.679e+04
50 38.8
26.33 9.067
1875 1474
1.014e+04 7552
104.7 198.3
2806 1693
9.333 15.07
19.17 13.37
224.2 235
5.5 3.5
10.33 7.867
4.5 6.7
7.5 6.7
3675 5063
2282 1500
2.5 3.5
20.17 12.97
1073 806.3
4541 3379
182.2 175.8
1097 550.3
5.833 10.97
1993 4435
3014 1235
34.5 43.9
5 2.8
1.5 1.5
379.7 986.3
406.2 225
0.5 0.3
119 125.6
1.043e+04 1.098e+04
0.5 0.3
2.667 1.067
2.667 3.467
47.83 12.97
30.17 52.57
5055 3352
0.6667 1.067
4.667 4.267
1.036e+04 1677
0.1667 0.1667
10 7.2
30.5 8.3
0.5 0.7
8.667 9.067
286.3 121.9
340.2 89.77
319.5 262.3
495 28
329 469.2
0.6667 1.467
514 573.2
246 356.8
4.5 2.3
45.67 46.67
5.333 3.067
4968 3864
10.33 6.267
2.333 2.667
2291 4035
1597 879.2
4172 7773
639.5 520.3
42.5 13.9
76.67 33.07
184.3 124.7
267.7 236.3
1.119e+04 7057
7.667 8.267
1721 1929
1.167 0.5667
3.167 2.967
1.117e+04 1.136e+04
6.333 13.07
114.3 45.87
8198 2442
526.8 917
90.83 43.77
823 1024
1.581e+04 1.104e+04
1.061e+04 1.833e+04
3 7.6
1.667 1.867
12.33 8.267
2.333 3.867
1655 2195
3425 6799
2.5 2.7
1.167 1.367
18.17 9.367
738.5 330.7
1749 839.5
66.33 38.67
444.5 216.7
8336 5384
5622 8136
1.167 0.5667
945 1256
1860 3299
7494 6843
41.17 27.77
2.167 2.167
73.5 58.3
23.33 15.47
33 32.8
2490 1420
515.2 495.8
671.8 1361
506 1147
2.333 1.867
1.167 0.5667
36.83 29.77
4064 7702
482.5 623.5
2196 1722
356.2 115
2029 2518
1.912e+04 1.662e+04
959.8 1520
4552 1.106e+04
1.502e+04 2.08e+04
1284 2518
2768 3837
1.333 2.267
0.6667 0.6667
8892 1.031e+04
8.167 18.57
14.67 17.47
2.667 1.067
422 515.2
0.5 0.3
2405 171.4
12.33 3.867
1349 325.9
7742 1364
743.5 1012
43.67 67.47
357 254
4324 420.8
925.7 920.3
8.167 2.967
0.6667 1.067
5566 1610
372.5 43.5
0.8333 0.9667
169.3 122.3
253.7 55.47
7.833 11.77
5937 8844
6.167 10.17
2.333 5.867
11.67 14.67
20.33 28.67
5874 1.071e+04
538.7 386.3
2 2.4
28.5 23.5
1.833 0.9667
881 418.8
4285 3371
2 1.2
91.17 49.37
7.667 7.867
9.667 7.867
1373 303
1.569e+04 1.134e+04
10.67 13.87
151 198.8
13.17 6.967
0.8333 0.9667
296 33.2
3.5 2.3
723.5 590.7
1378 1438
2.667 0.6667
280 381.2
4.333 3.467
1624 3054
11.67 9.067
763.2 551
477.8 506.2
227 185.2
3.5 5.5
3463 875.2
21.17 13.37
1753 763.9
79.33 77.47
58.83 186.2
949.7 267.1
19.5 20.7
1643 2720
55 36.4
1262 1320
836 425.6
1.121e+04 6810
40.17 53.37
21 27.6
1.892e+04 5633
117.7 89.87
42.17 69.37
841.3 1201
6.167 5.767
1.272e+04 6003
1456 1132
495.5 513.1
10.33 7.867
2659 2509
8460 6234
2196 3647
7874 1.425e+04
1.667 0.6667
1269 1556
4842 1577
76.67 103.9
1.167 2.167
149.5 381.5
6.833 4.967
0.6667 0.6667
1e+04 1.073e+04
3417 5201
428.8 267.4
1364 1613
642 611.2
60.17 29.37
1.667 1.867
11.33 11.47
105.3 197.1
238.8 200.2
13.33 4.267
0.6667 1.067
19.17 33.37
2.667 0.6667
9710 1.274e+04
4.167 4.967
33.83 28.57
157.8 123.4
6.667 11.87
98.17 171.8
176.2 124.6
0.5 0.3
1.146e+04 7093
143 84.8
1.667 3.467
1.662e+04 7339
2.167 3.367
1106 961.5
88.67 148.7
8.833 7.367
24.17 11.37
84.17 63.77
23.5 9.1
7.333 7.867
41 24
46.83 70.97
743.5 1124
5 3.2
1.333 1.467
3482 5994
0.5 0.7
408.2 683
163.3 162.3
1.535e+04 6808
4 1.6
6129 5786
1.333 0.6667
2.833 1.767
505.2 364.2
3.167 5.367
251.2 147.8
640.7 109.5
2.833 1.367
2162 1394
44.17 41.37
1.412e+04 2.036e+04
0.1667 0.1667
1 0.4
344 296
8.833 8.567
34.67 21.87
7566 3693
21 25.6
0.8333 0.9667
3.167 2.167
170.2 224.2
1802 1148
1530 1980
73 203.2
5.167 6.167
1.5 0.3
4.333 3.867
3.833 5.367
7517 2576
36.17 18.17
1.167 2.167
443.7 268.3
63.67 72.27
1.608e+04 2230
1.133e+04 7264
6.833 8.567
3397 3076
60.33 27.07
611.7 963.9
503.5 471.5
1157 892.3
53 97.2
2.167 0.9667
2485 790.2
52 76.8
52 90.8
1538 479.4
724.3 123.5
1.778e+04 3.234e+04
29 2.4
419.5 433.9
1.167 0.5667
1.667 1.467
7.167 3.767
9.833 6.167
60 69.6
6.5 7.1
1.01e+04 9565
45 50.8
30.17 14.97
7076 1749
2270 3780
1756 550.2
8075 1.126e+04
1234 956.3
11.83 5.367
1.335e+04 1.226e+04
0.1667 0.1667
6698 5180
40.17 47.77
19.5 13.1
78.33 187.5
30.83 47.77
4557 2548
2578 645.5
1358 1037
6.833 1.367
53.5 29.9
1.333 1.467
1302 648.3
0.3333 0.2667
34.67 75.87
3.167 0.9667
4150 1040
8493 9960
10.33 3.467
5161 6942
4.667 1.067
930.7 695.5
6.667 13.07
60.17 11.77
315.8 315.8
21.5 5.1
4.167 1.767
246.7 151.5
2269 1943
1.903e+04 2.197e+04
16.5 7.5
7 3.6
1 0.4
5.833 1.767
0.5 0.3
6.833 6.167
1101 763.1
2.333 1.867
480.3 239.5
11.67 8.267
6 6
87.17 136.2
56.33 39.47
56.17 124.6
2 2.4
202.5 212.3
7121 6085
0.6667 0.6667
1.5 1.5
248.5 165.1
13 5.2
5 3.2
1.754e+04 2.943e+04
11.83 18.17
8606 1.073e+04
344.7 185.1
0.5 0.3
8.167 21.37
1.333 3.067
153.5 163.9
7602 8498
1 0.8
0.8333 0.5667
0.5 0.3
9.167 27.77
3.167 0.1667
1.433e+04 7046
1837 984.4
1.052e+04 2.161e+04
238.5 227.9
2996 4454
921.8 2916
11.5 8.3
511.5 918.3
11.5 17.1
68.83 70.97
3087 3177
5.667 8.267
3.333 8.267
4119 8001
68.17 44.57
2.5 0.3
13 9.2
8.167 1.767
6660 1.546e+04
74.33 168.7
8562 7413
74.33 79.87
1.053e+04 7051
8243 6946
206.8 76.57
2102 1664
8.167 5.767
2.5 3.5
283 573.6
0.6667 0.6667
70.83 137
358.5 259.5
1703 1906
6669 8193
3.667 1.467
4782 1035
96.67 128.7
361 247.6
64.33 79.87
3995 5048
14.33 26.67
0.5 0.7
3240 4969
562.5 790.3
1007 804.7
1.667 0.6667
4.833 1.367
374.7 1235
1376 618.2
563 452.4
271.5 152.3
520.5 571.5
2.667 2.267
60.5 75.9
17.83 8.167
1221 1449
111 100.4
1023 939.8
804.3 1086
7296 1.433e+04
4340 5597
0.8333 1.367
