k pois nb
0 2.0612e-09 0.00032
1 4.1223e-08 0.00128
2 4.1223e-07 0.003072
3 2.7482e-06 0.0057344
4 1.3741e-05 0.009175
5 5.4964e-05 0.013212
6 0.00018321 0.017616
7 0.00052347 0.022146
8 0.0013087 0.026575
9 0.0029082 0.030709
10 0.0058163 0.034394
11 0.010575 0.037521
12 0.017625 0.040022
13 0.027116 0.041869
14 0.038737 0.043066
15 0.051649 0.04364
16 0.064561 0.04364
17 0.075954 0.043126
18 0.084394 0.042168
19 0.088835 0.040836
20 0.088835 0.039203
21 0.084605 0.037336
22 0.076914 0.0353
23 0.066881 0.033151
24 0.055735 0.030941
25 0.044588 0.028713
26 0.034298 0.026504
27 0.025406 0.024345
28 0.018147 0.022258
29 0.012515 0.020263
30 0.0083435 0.018371
31 0.0053829 0.016594
32 0.0033643 0.014934
33 0.002039 0.013396
34 0.0011994 0.011977
35 0.00068537 0.010677
36 0.00038076 0.0094905
37 0.00020582 0.0084132
38 0.00010833 0.007439
39 5.5551e-05 0.0065616
40 2.7776e-05 0.0057742
41 1.3549e-05 0.00507
42 6.452e-06 0.0044423
43 3.0009e-06 0.0038844
44 1.3641e-06 0.0033901
45 6.0625e-07 0.0029531
46 2.6358e-07 0.0025679
47 1.1216e-07 0.0022292
48 4.6735e-08 0.001932
49 1.9075e-08 0.0016717
50 7.6302e-09 0.0014444
51 2.9922e-09 0.0012461
52 1.1509e-09 0.0010736
53 4.3429e-10 0.00092369
54 1.6085e-10 0.00079369
55 5.849e-11 0.00068113
56 2.0889e-11 0.00058383
57 7.3295e-12 0.00049984
58 2.5274e-12 0.00042745
59 8.5675e-13 0.00036514
60 2.8558e-13 0.00031159
61 9.3634e-14 0.00026562
62 3.0205e-14 0.0002262
63 9.5888e-15 0.00019245
64 2.9965e-15 0.00016358
65 9.22e-16 0.00013892
66 2.7939e-16 0.00011787
67 8.3401e-17 9.9927e-05
68 2.453e-17 8.4644e-05
69 7.1101e-18 7.1641e-05
70 2.0314e-18 6.0588e-05
