l p
421 0.02122
448.6 0.02175
478.1 0.0223
509.4 0.02286
542.9 0.02343
578.5 0.02402
616.4 0.02462
656.9 0.02523
700 0.02586
745.9 0.02651
794.8 0.02717
847 0.02785
902.5 0.02854
961.7 0.02925
1025 0.02998
1092 0.03073
1164 0.03149
1240 0.03227
1321 0.03307
1408 0.03389
1500 0.03473
1599 0.03559
1704 0.03647
1816 0.03737
1935 0.0383
2062 0.03924
2197 0.04021
2341 0.0412
2495 0.04221
2658 0.04324
2833 0.0443
3018 0.04539
3217 0.0465
3428 0.04764
3652 0.0488
3892 0.04999
4147 0.05121
4419 0.05245
4709 0.05372
5018 0.05503
5348 0.05636
5698 0.05772
6072 0.05912
6471 0.06054
6895 0.062
7347 0.06349
7829 0.06501
8343 0.06657
8890 0.06816
9474 0.06979
