l p
-1.412 3.438
-1.961 2.444
-1.849 2.804
-3.504 4.069
-1.411 5.001
-1.637 3.669
-1.652 7.568
-1.598 3.043
-3.37 7.009
-1.295 2.473
-3.131 15.36
-1.964 5.733
-1.019 2.509
-3.897 7.608
-1.701 7.624
-4.812 7.303
-2.556 2.409
-2.382 7.942
-1.446 2.921
-1.228 2.598
-4.247 27.57
-1.184 5.176
-1.308 4.707
-2.674 7.194
-2.52 7.689
-2.236 13.35
-1.646 2.442
-2.345 15.86
-2.768 3.061
-2.263 5.407
-1.891 3.84
-5.216 7.467
-3.92 7.394
-3.713 19.13
-2.071 7.224
-1.261 2.52
-3.332 6.25
-1.234 5.614
-6.237 4.282
-1.591 10.26
-2.289 2.723
-2.51 8.289
-1.992 9.089
-1.405 3.35
-1.19 2.515
-1.032 3.268
-3.159 3.46
-1.999 8.028
-1.428 7.329
-1.055 5.479
-1.439 3.269
-1.367 3.133
-1.503 4.217
-1.188 2.846
-1.466 5.306
-1.129 3.375
-2.568 3.57
-3.367 11.94
-2.585 4.295
-1.414 3.918
-1.626 4.561
-1.828 5.976
-1.495 3.284
-1.626 5.694
-1.795 4.298
-1.754 4.785
-4.408 9.346
-2.364 4.459
-1.755 2.789
-2.561 7.867
-2.443 4.3
-1.823 3.274
-1.174 5.611
-1.619 7.244
-1.358 6.841
-1.015 3.784
-3.051 6.352
-2.577 8.549
-1.27 6.813
-1.167 4.168
-1.548 3.496
-1.602 2.692
-1.211 6.257
-1.033 4.202
-1.09 2.823
-1.648 2.743
-2.168 7.84
-1.465 7.367
-3.652 4.935
-1.396 3.605
-1.654 2.98
-1.667 9.547
-1.417 5.101
-2.989 2.502
-1.936 9.814
-1.599 3.754
-1.631 3.423
-1.482 4.816
-1.104 2.7
-3.097 11.72
-1.621 7.584
-1.136 4.27
-1.998 2.485
-1.493 6.63
-1.904 3.758
-2.754 15.84
-1.451 2.589
-2.333 9.915
-2.979 13.55
-3.401 12.35
-2.021 3.312
-2.168 2.408
-1.943 8.408
-2.455 5.427
-1.222 2.895
-5.47 31.97
-2.113 3.138
-2.888 6.839
-2.494 3.122
-1.807 4.191
-1.131 3.864
-2.97 8.613
-3.25 10.19
-1.842 7.693
-2.297 3.711
-1.997 2.763
-2.559 9.219
-1.09 3.086
-2.928 2.583
-2.789 2.435
-1.382 3.367
-2.382 5.767
-1.067 3.081
-3.141 4.115
-2.735 3.985
-2.67 30.08
-1.146 3.741
-2.885 17.02
-1.182 4.683
-1.417 2.539
-2.091 3.788
