l p
1.204 2.859
2.076 3.696
3.54 41.11
1.235 2.983
1.422 5.359
2.184 16.17
1.569 6.475
1.368 4.382
1.829 4.572
1.284 2.474
1.565 3.83
1.362 3.244
1.294 3.769
1.159 3.043
1.762 10.42
2.839 6.042
1.139 3.11
2.131 6.875
1.742 10.68
1.566 3.992
1.381 5.905
3.601 25.18
1.353 2.485
1.636 4.897
1.295 4.522
2.001 2.443
1.795 8.962
1.959 4.933
2.56 13.72
1.468 5.334
1.039 2.514
2.227 6.618
1.896 8.16
2.081 5.2
2.678 10.47
1.729 5.421
2.153 2.997
1.283 4.579
1.525 2.761
2.177 6.341
1.536 5.99
1.39 5.296
2.282 16.11
1.717 6.495
1.966 10.04
2.845 7.589
1.872 13.97
3.058 37.98
3.345 6.094
1.448 7.783
2.048 2.613
2.364 3.201
1.174 5.218
1.337 5.552
2.659 23.12
1.376 6.143
1.867 4.747
1.242 2.534
1.414 4.513
1.016 3.451
1.994 8.865
1.664 7.19
1.088 4.878
2.093 3.567
2.834 23.84
5.437 60
1.721 7.949
1.033 2.506
2.459 14.24
1.828 6.925
1.659 13.19
2.547 4.464
3.051 7.329
1.935 3.53
3.238 6.074
3.046 25.87
2.464 17.81
2.121 12.17
2.428 6.265
1.308 3.151
2.111 6.531
2.579 7.206
1.257 2.461
1.36 4.919
2.91 19.55
2.976 36.98
1.056 2.536
1.566 4.94
3.824 26.52
2.544 14.9
1.844 7.097
1.109 3.356
1.504 3.093
1.022 3.04
2.169 17.1
2.493 2.464
2.44 21.93
1.714 8.102
1.357 3.453
2.098 15.78
2.165 6.5
1.243 2.613
1.1 2.422
1.542 5.242
3.246 12.7
1.223 6.424
1.364 3.072
1.17 2.553
1.747 3.842
2.365 2.861
2.721 17.36
3.188 29.63
1.541 8.262
1 3.932
1.74 3.223
1.642 11.26
2.805 8.652
2.701 26.83
2.164 2.944
5.597 60
2.467 6.257
4.253 60
2.538 16.71
1.529 6.601
1.362 3.673
1.79 12.75
1.782 3.322
1.219 2.51
1.008 2.687
4.835 3.777
1.93 2.574
1.542 3.816
2.464 5.097
1.793 5.268
1.178 3.863
3.32 5.256
2.749 20.21
1.879 7.3
1.048 3.944
1.135 3.896
2.517 3.788
1.593 2.516
1.964 4.443
3.103 10.42
2.081 13.58
2.439 3.142
1.042 3.275
2.89 7.191
2.454 3.246
2.114 18.1
3.764 20.78
2.538 17.81
1.82 7.539
1.015 3.117
3.842 41.11
1.842 8.651
1.637 3.093
2.5 5.862
1.646 3.405
1.439 9.45
1.777 14.02
1.144 4.202
1.512 5.707
1.926 5.663
3.67 11.02
3.977 15.38
2.069 4.18
1.322 2.582
1.892 11.51
2.219 15.01
2.032 17.83
2.554 6.402
2.755 22.9
2.114 2.406
2.954 27.15
1.155 3.712
1.786 10.23
2.1 8.157
1.294 2.971
1.162 2.861
2.429 4.022
1.204 3.195
2.688 3.65
1.277 5.011
1.628 6.416
1.26 2.419
2.709 15.79
1.365 6.75
3.963 38.43
1.093 2.426
2.086 2.65
1.428 4.886
2.415 3.757
1.009 5.005
1.368 4.347
1.417 3.627
1.838 7.893
1.071 2.919
1.991 6.602
1.672 3.514
2.726 5.669
1.548 2.928
1.324 3.442
2.385 17.61
2.296 2.835
1.535 4.794
1.48 7.583
1.277 3.442
1.179 4.879
2.181 3.171
1.08 4.213
1.727 9.656
1.837 4.901
1.283 5.335
2.961 3.882
1.704 2.461
1.698 9.726
1.197 2.47
1.443 5.694
2.357 16.4
1.182 2.53
1.228 2.796
3.815 51.62
2.982 18.69
