l p
-0.171 0.2487
-0.1063 0.1288
0.3485 0.1663
0.2261 0.3996
-0.3993 0.8545
-2.625 1.038
0.9412 0.7786
0.168 0.1435
0.5839 0.4176
0.1737 0.2278
0.365 0.6169
0.4089 0.3445
0.3547 0.3502
-0.1225 0.1118
0.2215 0.2673
-0.07416 0.04593
-0.0816 0.09531
-0.5108 0.1422
0.3109 0.3768
-0.6909 0.8703
0.2012 0.244
0.6393 1.697
-0.127 0.1802
-3.002 1.499
-0.9348 0.8098
-0.1112 0.1188
0.2134 0.07315
0.9851 0.4581
0.1856 0.1869
0.1193 0.1444
1.021 0.7907
-0.3208 0.3022
-1.184 0.7883
0.5899 0.8462
-0.0154 0.0191
-0.1271 0.1464
-0.4053 0.6629
-0.661 0.9556
0.4105 0.1457
0.252 0.313
0.19 0.2542
-0.09126 0.05563
0.3158 0.3714
-0.09224 0.06438
0.1326 0.1315
0.752 0.4212
0.5912 1.071
-0.5272 0.3976
-0.6385 0.9249
-0.4199 0.4875
0.00165 0.0009189
0.1903 0.1797
-0.2003 0.2591
0.265 0.3424
0.4861 0.3789
-1.18 0.6025
-0.6877 0.3062
-0.1618 0.2515
0.703 0.8253
-0.1477 0.1857
1.158 1.254
1.334 0.6357
0.3759 0.4863
-0.4593 0.2563
0.638 1.883
0.4518 0.4408
-0.5433 0.8598
-0.4615 0.3692
-0.04837 0.04393
-3.791 0.9189
0.451 0.4401
0.006941 0.007789
0.9555 1.302
0.1451 0.1842
0.2235 0.1511
-0.188 0.2971
-0.3939 0.2584
0.5203 0.553
-0.03817 0.02848
0.5033 1.146
0.5808 0.8358
-0.3376 0.4393
-0.3938 0.4874
0.6881 1.621
0.1289 0.08952
-0.7091 0.5885
-0.4696 0.9765
0.5433 0.6625
0.2819 0.4645
-0.3393 0.2985
0.3034 0.2316
-0.01589 0.01214
-0.0137 0.007849
0.7574 1.716
8 5.451e-06
0.09963 0.111
-0.1636 0.2382
-0.467 0.5459
-1.015 0.2829
0.136 0.1078
-0.6489 0.1175
1.081 1.034
0.7031 0.4856
0.1818 0.2631
0.09589 0.1165
-0.3536 0.7929
0.04988 0.03713
0.4294 0.2082
0.02049 0.01785
-0.2809 0.4878
0.04628 0.03207
1.135 2.014
-0.5981 0.953
-1.319 1.325
1.104 1.336
0.262 0.3133
0.3441 0.6212
-0.06476 0.04974
-0.134 0.1278
0.4411 0.2872
0.3081 0.5539
-0.3074 0.3794
-0.3402 0.6631
-0.8107 0.5253
1.01 1.094
0.1406 0.1264
0.02464 0.02193
-0.4293 0.2945
-0.4339 0.9608
0.6097 0.1262
-0.5814 1.169
-0.03373 0.01524
0.5726 0.3309
-0.2069 0.2046
0.1624 0.09706
0.6218 0.553
0.06215 0.0349
0.4303 0.1731
-0.3019 0.1423
0.1846 0.2163
-0.1408 0.07683
-0.7286 0.4389
0.3108 0.4223
0.1075 0.1502
0.3574 0.6889
0.6532 0.9433
-0.6849 0.3679
0.04394 0.02647
0.8853 2.617
0.0812 0.02893
0.975 0.8539
-0.2109 0.3089
0.3392 0.4116
-0.353 0.7342
0.4625 0.1246
0.1673 0.256
-0.3096 0.2131
0.053 0.06412
0.324 0.5866
0.1926 0.1938
-0.07114 0.05505
-0.3705 0.5203
-0.5431 0.625
0.3644 0.49
-0.8376 0.4987
-0.6881 0.8737
-0.09592 0.1289
-0.07031 0.08557
-0.3968 0.1771
-0.09246 0.0538
1.07 0.5875
-0.4148 0.7892
-0.586 0.5419
0.08009 0.03971
-0.2685 0.2195
0.8054 0.474
-0.2914 0.1686
0.6288 2.353
0.6677 0.4211
0.09201 0.02354
0.3665 0.5059
-0.06464 0.07283
-0.1213 0.1074
0.6393 0.9403
0.5248 0.3887
-0.5687 1.126
0.2449 0.2797
-0.4568 0.7113
0.09003 0.0859
-0.1754 0.1674
-0.04426 0.05084
-0.2045 0.158
-0.1047 0.1067
-0.2355 0.2636
0.3887 0.3143
-0.1953 0.07195
-0.4068 0.3253
-0.01014 0.009254
0.09063 0.1192
-0.1392 0.1281
0.3202 0.7157
-0.8099 0.6619
0.2288 0.401
0.5291 1.574
0.8059 1.487
0.03802 0.04749
-0.9708 0.7749
0.4983 0.7502
-0.1016 0.1217
0.4836 0.3765
-0.1659 0.2636
0.367 0.1066
-0.06689 0.05541
-0.6059 0.9674
-0.2505 0.2442
-0.3333 0.25
-0.4309 0.3756
-0.4911 1.234
-0.3393 0.6884
0.04079 0.03152
-0.1327 0.09597
-0.1656 0.116
-1.172 0.8156
0.2831 0.253
0.5146 0.9681
-0.2412 0.1799
0.2292 0.2599
-1.374 0.3653
-0.5422 0.3622
-0.2789 0.3745
-0.297 0.2767
0.9045 3.724
-0.04569 0.03695
-0.453 0.5253
0.09163 0.09976
0.1826 0.1831
0.0621 0.07843
1.386 0.5586
-0.05675 0.06817
-0.035 0.02451
-0.5633 1.208
-0.1655 0.2013
-0.0787 0.03729
0.008384 0.009327
0.4462 0.587
0.1596 0.09511
-0.007444 0.009471
0.1657 0.3098
0.3427 0.5458
-0.4967 0.8172
-0.2936 0.5355
-0.5697 0.3556
-0.1995 0.2258
0.9367 0.7909
0.2676 0.2693
0.0314 0.04765
-0.04309 0.05409
-0.7249 0.6173
-0.8112 2.11
-0.2534 0.09177
-0.6573 1.521
0.02364 0.0226
0.02816 0.03093
0.2888 0.2617
1.085 0.1652
-0.08126 0.06748
-1.031 1.144
-0.2718 0.5357
0.3324 0.5509
-0.2732 0.2794
0.2062 0.1936
1.234 0.3577
-0.5381 0.8586
-0.3659 0.5703
-0.1397 0.1468
-0.3389 0.3748
0.2851 0.3516
-0.3307 0.1023
-0.5997 0.3856
0.7724 0.7136
0.1412 0.1862
0.03545 0.03346
0.4338 0.4626
0.8433 2.499
0.6698 0.7347
-0.09455 0.1078
-0.9046 0.4878
0.06135 0.04626
0.892 2.147
0.1351 0.2085
0.03497 0.03399
-0.07995 0.02748
8 5.452e-06
0.7529 2.128
-0.4807 0.9452
-0.3686 0.6195
-0.3647 0.4132
0.4899 0.7324
0.08169 0.09467
-0.4843 0.1734
0.03079 0.04459
-0.3052 0.3691
0.2543 0.1624
-1.003 0.9437
-0.6445 0.3501
0.2652 0.132
-0.5196 0.7474
0.382 0.4737
0.04675 0.01388
-0.5596 1.166
-0.6413 1.094
-0.08733 0.05856
3.332 0.3601
0.1198 0.2185
-0.1984 0.257
1.042 0.9187
-0.152 0.01587
0.5373 0.366
-0.3917 0.4423
-0.3025 0.5575
-0.1626 0.2644
0.1422 0.2536
-1.069 0.663
1 1.486
-0.3699 0.5963
0.5695 0.1049
-0.1883 0.2516
1.303 1.616
-0.3413 0.4497
0.3364 0.3454
-0.1986 0.3619
0.1574 0.02883
-0.1198 0.1946
-0.1782 0.08723
0.3276 0.5455
-0.4362 0.6685
0.1899 0.1901
0.2673 0.4239
1.189 1.038
0.02308 0.01223
-0.2716 0.4127
-0.3149 0.5895
-0.1983 0.1341
-0.6947 0.9366
0.1833 0.2842
0.3869 0.2509
-0.3394 0.2123
0.06364 0.07468
-0.008946 0.008644
0.1164 0.1621
0.02179 0.009936
-0.08192 0.06207
0.03323 0.0363
-0.4831 0.1968
-0.2609 0.2276
-0.3058 0.06619
-1.707 0.3258
0.2563 0.2975
0.1894 0.131
-0.9403 0.8515
0.1532 0.2821
0.5732 1.004
-0.8327 1.25
-0.4617 0.292
-0.1955 0.1128
-0.1634 0.2719
-0.2929 0.1231
0.07476 0.04388
-0.3274 0.2232
0.6183 1.222
0.1102 0.1714
0.07683 0.1172
0.3006 0.06002
-1.075 0.3577
-0.245 0.3193
-0.7458 0.4736
-0.5437 0.5436
-0.6485 1.084
0.1908 0.2192
-0.1782 0.251
0.6468 0.9034
-0.1421 0.09244
-0.1686 0.1855
-0.06918 0.06689
-0.1823 0.2333
-0.5011 0.8461
-0.3358 0.2949
-0.5975 1.497
1.344 0.6059
0.2169 0.1463
0.36 0.5125
8 5.451e-06
0.09218 0.0683
-0.1437 0.2648
0.1258 0.1467
0.1804 0.2152
0.1372 0.1912
0.01116 0.009471
-0.4166 0.4559
-1.214 0.4452
-0.02 0.01788
3.092 1.41
0.02365 0.02035
1.223 1.264
1.093 0.3819
-0.6075 0.9114
0.06868 0.06457
-2.994 1.657
0.05987 0.0456
-0.2923 0.3122
0.7583 0.3972
0.4794 0.3106
-0.002993 0.003033
0.8572 0.3752
-0.374 0.2532
1.211 1.867
0.3627 0.1848
0.07558 0.06007
0.4122 0.8736
0.04884 0.05438
0.837 0.2534
0.2657 0.2194
0.1609 0.1603
0.3073 0.1982
0.2787 0.3199
0.7374 0.3205
-0.4625 0.7403
-3.798 0.976
-0.4788 0.6469
0.6269 0.6792
-1.282 0.1796
-0.7075 0.3552
0.8891 1.307
0.09351 0.1426
-0.6697 1.558
-0.1363 0.09675
0.7155 0.7793
0.8173 1.364
0.5637 0.5843
0.6746 0.08542
0.5075 0.7018
0.0368 0.03244
0.2408 0.2916
0.3144 0.4447
0.1271 0.06802
-0.2628 0.294
-0.03459 0.02263
-0.145 0.1159
0.2271 0.3392
-0.3951 0.8948
-0.8981 0.6251
0.4734 1.41
0.3953 0.2525
-0.2374 0.1719
-0.1649 0.2018
-0.2479 0.4303
0.2381 0.446
0.1291 0.1938
0.5909 1.796
0.3513 0.9677
0.5482 1.41
-0.5993 0.3821
-0.73 0.3011
-0.09752 0.04708
-0.176 0.2816
0.3149 0.1984
0.2133 0.3901
0.08161 0.05384
0.8585 0.5979
-0.5855 0.2736
0.2823 0.2846
-0.2924 0.5114
0.7837 1.803
-0.3277 0.4578
0.1649 0.1401
-0.5604 1.25
0.09965 0.1077
0.2324 0.1351
-0.127 0.1855
-0.6432 0.4168
-1.28 0.8432
0.119 0.06566
0.136 0.2088
0.06014 0.02052
0.1638 0.1586
-0.09748 0.124
-0.4172 0.5534
-0.9574 1.869
-0.2363 0.2997
0.4925 0.1964
-0.2955 0.4486
-0.3249 0.2272
-0.4175 0.3845
-0.3377 0.5278
-0.8371 1.351
0.1736 0.2086
-0.4252 0.4834
-0.5372 0.5361
-0.1864 0.2625
1.163 0.6568
-0.8721 2.031
0.1659 0.2299
0.3803 0.2293
0.5764 0.3805
0.8833 0.2952
-0.06255 0.04934
-0.001279 0.0005832
-0.01807 0.009645
0.07756 0.04414
-3.245 1.041
0.03477 0.05051
0.3434 0.2282
-0.1953 0.1164
0.04929 0.02681
-0.1936 0.09039
-0.1957 0.1143
0.8168 0.269
-0.1025 0.1185
0.7846 2.714
-0.37 0.5391
1.103 0.5098
-0.1869 0.3002
0.6402 0.9135
0.6757 0.6214
-0.5026 0.5687
-0.8293 1.841
-0.3643 0.6211
0.0753 0.06469
-0.4326 0.239
-0.2164 0.2287
-0.8221 0.7986
-0.06652 0.1007
0.7222 0.7634
0.07184 0.06511
-0.1986 0.2647
0.6218 0.3805
0.3797 0.5406
-0.0461 0.03237
0.1728 0.2819
0.0979 0.1562
0.5793 1.267
-0.2994 0.5532
0.1709 0.101
-0.2624 0.3892
-0.1178 0.1302
0.5998 0.2669
-1.088 1.591
-0.2772 0.3092
-0.2109 0.2834
0.04288 0.02975
0.1586 0.2009
0.2076 0.1674
0.221 0.1315
-0.06726 0.05535
-0.04633 0.04215
0.2567 0.3291
-0.9675 1.043
-0.3258 0.4938
-0.1137 0.1839
2.528 0.6283
-0.1337 0.1378
-0.07885 0.1113
-0.1463 0.1793
0.3078 0.33
0.5832 0.7187
0.1349 0.1408
-8 5.403e-06
-1.276 1.008
-0.01154 0.01549
-0.01826 0.01444
8 5.451e-06
-0.2427 0.2583
-0.1773 0.1816
0.7921 0.7102
2.793 0.9226
0.3028 0.3929
-0.08625 0.1169
0.2276 0.3246
0.3764 0.233
-0.2159 0.04363
0.03786 0.04614
0.001375 0.001007
-1.373 0.6896
0.07262 0.02773
-0.03035 0.01288
0.1062 0.1154
0.4388 0.7913
-0.2036 0.3067
0.6475 0.3132
0.1496 0.1678
0.0151 0.004096
0.03475 0.02621
-0.08488 0.08481
0.2858 0.3383
0.1102 0.1803
-0.8836 0.4711
-0.8383 0.2903
-0.507 0.3861
0.4356 0.3222
-0.3776 0.392
0.1892 0.1386
-0.7157 0.7445
0.1876 0.1742
-0.02449 0.02157
-0.3997 0.4558
0.8911 0.9471
0.085 0.09328
0.269 0.3022
0.4997 1.007
-0.5646 0.4713
-0.3281 0.1779
-0.1201 0.1017
0.2131 0.2285
0.007111 0.005205
-0.0867 0.1036
-0.4178 0.7393
0.2373 0.1582
0.4002 0.1539
-0.2515 0.4461
0.3683 0.3459
0.195 0.09313
-0.02507 0.01006
0.8743 2.375
-0.3282 0.4944
-0.2943 0.3374
0.5352 0.0902
-0.1103 0.1427
0.2485 0.2409
0.01564 0.02075
-0.3372 0.5592
-0.02157 0.01298
0.6638 1.946
0.2039 0.13
0.08417 0.08037
0.004173 0.004702
0.004578 0.003854
0.4527 0.2125
-0.7573 0.2466
-0.5592 0.5583
-0.599 1.056
-0.03918 0.02521
0.02753 0.03621
0.5408 0.3042
-1.127 0.6722
0.3618 0.511
-0.1499 0.113
-0.8717 0.9746
-0.3742 0.303
0.02961 0.0435
0.1108 0.1097
-0.1308 0.1046
1.228 0.5164
-0.9501 0.4725
0.02622 0.01729
0.1321 0.123
-0.3833 0.6148
0.3709 0.325
-0.0799 0.1109
0.04612 0.04062
0.7087 0.6486
-0.564 1.2
-1.016 0.4599
-0.5962 0.8297
-0.965 0.3158
0.2401 0.2289
-0.2655 0.313
-0.2449 0.02245
0.007848 0.007097
0.1042 0.09174
-0.1183 0.05044
-0.3474 0.3689
-0.06711 0.07722
0.2765 0.3903
0.3048 0.4685
0.2062 0.277
0.05626 0.05338
-0.2404 0.4809
0.04124 0.02006
-0.6719 1.079
0.816 0.642
-0.2209 0.3149
0.4601 0.1888
-0.1643 0.1866
-0.4185 0.1048
-0.05239 0.05611
-0.1608 0.08269
-0.4188 0.1905
-0.4362 0.4328
-0.04822 0.06328
0.1956 0.1257
0.2075 0.1868
-0.3443 0.1976
-0.1071 0.09942
0.1669 0.2039
-0.7519 1.516
-0.9229 2.397
-0.2589 0.2811
-0.04097 0.02243
-0.8392 1.507
-0.4113 0.6399
-0.1464 0.1649
-0.1841 0.305
-0.1205 0.1587
-0.5156 0.7901
-0.1482 0.2544
0.2467 0.08403
0.008482 0.006504
0.1138 0.05327
0.3721 0.2222
0.4882 0.8782
-0.909 2.664
-0.1186 0.1839
0.9171 0.716
0.3045 0.252
0.6094 0.4197
-0.2585 0.3132
-0.2678 0.2285
0.2711 0.1962
0.252 0.2124
0.1628 0.2316
-0.1433 0.2104
-0.001185 0.000429
-2.198 1.435
4.203 1.777
-0.3108 0.4557
0.3955 0.2697
-0.2614 0.3619
-0.4398 0.9412
0.804 0.3634
-0.165 0.2828
-0.9329 0.8686
2.342 0.8424
0.2777 0.4036
-0.282 0.5904
0.4853 0.6658
0.1942 0.06813
0.00876 0.008154
0.04909 0.07652
0.3631 0.6231
-1.691 1.805
0.09157 0.06538
-0.1139 0.1315
-0.0646 0.05656
0.05708 0.0209
-0.07332 0.06692
0.1126 0.158
0.05165 0.01672
0.1644 0.1341
-0.1753 0.1771
-0.3384 0.4678
-0.009128 0.01017
0.03942 0.04488
0.09275 0.06565
0.3963 0.2949
0.3292 0.1529
-0.3399 0.6176
0.5211 0.1901
0.2957 0.521
-0.009995 0.01072
0.3254 0.226
0.216 0.09625
0.08363 0.04561
-0.8343 1.504
-1.164 1.227
-0.2011 0.2736
0.6007 0.5528
0.2109 0.1371
-0.8019 2.21
1.201 0.2761
-0.5004 0.2679
-0.9199 0.4306
0.02266 0.01704
0.591 0.2468
-0.9893 1.499
-0.3653 0.5129
0.4099 0.9518
0.07604 0.06008
0.06012 0.04645
-0.5041 0.6366
-0.1666 0.2744
-0.1723 0.1504
-0.1549 0.0657
0.875 0.3273
0.364 0.5157
0.3977 0.3323
1.21 0.4472
-0.1888 0.08121
-0.2117 0.2747
0.5872 1.089
-0.3503 0.6474
0.3191 0.2749
0.3809 0.3998
-0.3069 0.4177
-0.7227 1.281
-0.9345 0.3864
0.4898 0.3762
0.4516 0.2327
0.6069 1.745
0.2892 0.3788
-0.0847 0.1032
0.07081 0.08721
-2.245 0.8007
-0.008211 0.01146
-0.26 0.263
8 5.452e-06
-0.2274 0.2375
-0.4761 0.5627
-0.9823 0.9789
-0.04804 0.02191
-0.4483 0.5652
-1.379 0.7822
-1.026 1.395
0.05512 0.03005
0.3527 0.4944
-0.2208 0.2893
-0.3405 0.7032
-0.05858 0.04478
-0.8349 0.2848
0.03408 0.04154
0.4413 0.914
0.1296 0.117
0.1419 0.278
-0.07572 0.06961
0.05655 0.0612
1.854 1.415
-0.00429 0.005549
-0.01973 0.01731
-1.469 0.3815
-1.11 0.4744
-0.5362 1.196
-0.3459 0.312
-0.1755 0.1913
0.9426 0.4592
-0.06818 0.03993
-1.931 1.216
-0.03666 0.04389
-0.1615 0.2362
0.03346 0.01103
-0.6594 1.726
0.2463 0.3468
-0.6257 0.868
-0.3781 0.7253
-0.3582 0.2363
-0.3489 0.4911
0.8847 0.5831
0.008469 0.0101
-0.1453 0.2146
-0.6192 0.4479
-0.9679 1.156
-0.1214 0.1395
0.1004 0.09749
-1.071 0.6507
-0.2108 0.1506
-0.05298 0.06469
0.526 0.4802
0.6295 1.375
0.4933 1.034
0.2158 0.1518
0.1686 0.2695
-0.1475 0.231
-0.1506 0.08284
0.6858 0.3441
-0.04282 0.03176
0.07774 0.08224
0.4571 0.6874
-0.197 0.1301
-0.1514 0.195
-0.4059 0.2487
-0.8582 0.7206
-0.2915 0.5262
-0.04706 0.03821
-0.005241 0.007056
0.2482 0.2762
-2.222 1.814
-0.06093 0.04368
-0.2882 0.4006
1.124 1.615
-0.4822 0.4541
0.8307 0.431
-0.06999 0.05698
0.4038 0.2146
-0.08118 0.1043
0.09798 0.1126
-0.4777 0.5311
-1.033 0.888
-0.764 0.8747
-0.2044 0.1285
0.9534 4.095
-0.2787 0.3479
-1.15 0.1607
0.6696 0.5957
-0.252 0.196
-0.4802 0.3364
0.298 0.3711
2.311 0.5462
0.02776 0.02829
0.253 0.3508
-0.0218 0.01362
0.1021 0.1444
-0.1556 0.2296
-0.3608 0.3137
0.268 0.2669
-0.7701 0.8967
0.2735 0.1836
-0.1996 0.1263
-0.8027 0.4391
0.172 0.265
0.2297 0.21
0.6839 1.258
0.4559 0.5362
0.3807 0.2335
-0.4602 0.45
0.2836 0.3389
-0.3212 0.2863
0.6517 0.577
-0.1585 0.1649
0.2074 0.2519
-0.4834 0.4736
0.1316 0.2066
-0.8365 0.7493
-0.2439 0.04509
0.1678 0.1479
0.2512 0.229
4.396 2.073
-0.09757 0.1222
0.6641 0.7101
0.2139 0.1645
-0.1571 0.1745
0.2652 0.2633
0.001289 0.001442
-0.4692 0.2161
-0.1942 0.1609
-0.2961 0.1593
-0.3783 0.4074
-0.1621 0.1962
-0.172 0.298
0.2403 0.2575
-0.06755 0.08575
0.7205 1.189
-0.1294 0.1953
-0.5219 1.534
-1.391 0.2237
-0.2445 0.2737
0.09379 0.1355
0.1956 0.1331
1.302 0.862
0.4167 0.7272
0.2071 0.1745
-0.1871 0.3222
-0.05476 0.02662
-1.236 0.7418
-0.3679 0.3173
-0.2789 0.2435
-0.3552 0.5887
0.2139 0.2784
0.08102 0.1216
0.2884 0.2155
0.8393 0.6625
2.801 0.7508
-1.274 1.166
-0.9366 0.8902
0.3597 0.2459
-0.02735 0.01424
0.0154 0.01441
-0.2124 0.1746
1.17 0.91
-0.0004795 0.0002329
-0.06666 0.05814
0.0114 0.01511
-0.08337 0.04753
0.1311 0.05104
-0.2493 0.2498
0.4147 0.8542
-0.1719 0.2089
-0.4028 0.7469
-1.001 1.676
-0.5857 0.8062
0.07809 0.03444
0.502 0.09498
0.8986 0.4547
-0.2773 0.3258
-0.09407 0.07478
-0.5187 0.3458
0.3661 0.7543
0.2031 0.3842
-1.639 1.095
0.2182 0.3022
0.3852 0.4336
0.6048 0.2788
0.6906 0.4549
0.1432 0.247
-0.3056 0.5293
-0.3598 0.5281
0.964 0.6005
0.06088 0.03847
-0.1986 0.1299
0.6769 0.3412
0.2194 0.1401
0.08825 0.09544
-0.4788 0.6298
-0.5457 0.9044
-0.5663 0.2883
-0.5648 0.5635
-0.1087 0.08495
0.1269 0.1079
-0.1087 0.03464
-0.6561 1.573
-0.1967 0.133
0.02206 0.02604
0.5128 0.7595
-0.2863 0.3818
0.3946 0.5072
0.1835 0.1373
-0.1621 0.05548
-0.0625 0.0321
1.728 1.08
0.05731 0.09491
-0.9501 0.6655
-0.1903 0.2089
0.1031 0.06151
0.1673 0.1094
0.8596 0.3739
0.1553 0.1907
0.5141 0.4425
0.2851 0.458
0.1151 0.1593
-0.04562 0.03857
0.5769 0.6117
0.05498 0.05828
0.4397 0.9341
0.2321 0.2218
0.2905 0.3717
0.6537 0.5605
0.142 0.1586
-0.1443 0.0869
-0.02812 0.02343
-0.07792 0.1214
0.3094 0.08831
-0.345 0.4052
0.2228 0.3152
0.1691 0.2339
1.125 0.5068
-0.4512 0.1776
-0.4784 0.5736
-0.5061 0.7473
-0.6958 0.2092
0.6574 0.4131
-0.1026 0.1542
0.03202 0.0242
-0.199 0.08027
0.4985 1.585
0.5442 0.7872
-0.4604 0.8834
-0.484 1.121
-0.3297 0.6884
0.3612 0.2516
0.698 1.25
-0.39 0.3909
-0.3101 0.3545
-0.685 0.686
-1.319 0.71
-0.4131 0.222
0.2373 0.2801
-0.0441 0.04052
-0.8419 0.7736
-0.3227 0.4475
-0.5906 1.729
-0.5017 0.5263
-0.3575 0.2078
0.1169 0.1704
-0.5755 1.279
-0.01585 0.01751
-0.5387 1.091
-0.6228 0.3077
1.126 0.6088
0.2666 0.3299
0.3849 0.2106
0.4602 0.3989
-0.7208 1.031
0.08489 0.1014
0.6183 0.5977
-0.3845 0.6086
0.04099 0.04483
0.3021 0.2436
0.9526 1.072
-0.8386 1.477
1.082 1.403
0.1141 0.183
-0.3809 0.5873
0.806 0.6524
-0.4538 0.5359
-0.6657 1.377
-0.4239 0.2287
-0.2883 0.4073
0.2972 0.2894
0.2188 0.1097
-0.571 0.3888
0.1369 0.08414
-0.6004 0.9641
-0.1858 0.2368
-0.3793 0.3006
0.18 0.1624
0.6865 0.6906
0.002608 0.002428
-0.4834 0.5038
-1.984 0.5826
-0.3046 0.3793
0.1236 0.06651
-0.3751 0.7045
-0.2363 0.366
-0.0395 0.02151
0.05398 0.0409
0.4335 0.288
-0.4735 0.7658
0.9509 1.823
0.508 0.5106
0.01971 0.01417
0.7498 1.315
0.1269 0.1557
-1.803 1.401
0.071 0.0942
-0.336 0.8513
0.226 0.2606
0.3207 0.3924
-2.012 1.873
0.01798 0.00881
-1.145 0.8401
-0.07334 0.04811
-0.2519 0.1104
0.5924 0.7055
-0.2605 0.1966
1.238 0.5652
0.1661 0.1941
0.5548 0.796
-0.2941 0.3986
-0.7021 0.4383
-0.06519 0.08218
0.2916 0.364
-0.1913 0.2831
1.174 0.4167
-1.135 0.8161
0.1118 0.09931
-0.03555 0.04892
-0.8209 1.296
0.704 0.7237
0.1446 0.1189
-0.8626 1.614
1.169 0.1819
0.2806 0.5175
0.1656 0.1121
-0.1384 0.1383
-0.6497 1.237
-0.6792 1.545
-0.09021 0.1205
0.06782 0.0598
-0.1233 0.1067
0.4821 0.09451
0.4394 0.7932
-0.3723 0.4296
0.191 0.2444
-0.268 0.4458
0.2688 0.3294
-0.1298 0.2311
-0.07972 0.07381
-0.2164 0.1574
0.1879 0.134
-1.092 1.053
-0.4589 0.9302
0.5856 0.3494
0.08079 0.03787
0.06443 0.05716
0.1715 0.2387
1.252 0.589
0.3935 0.551
0.1707 0.1149
0.09566 0.03503
0.4029 0.3447
-0.7449 0.5969
-0.2259 0.1784
-0.1888 0.189
1.11 1.36
-0.1982 0.2349
-0.2884 0.3579
0.7178 0.5594
0.4733 0.2691
0.687 0.2737
-0.1557 0.1874
0.348 0.3283
-8 7.009e-06
-0.2019 0.3026
0.9077 0.2385
0.3189 0.5407
-0.06584 0.08274
-0.465 0.8099
-0.2537 0.24
-0.7435 0.9556
-0.1576 0.1796
8 5.452e-06
0.2094 0.1006
0.1636 0.1167
-0.08538 0.1138
0.04291 0.0579
-0.3024 0.3548
-0.5073 0.4682
0.09991 0.04292
0.1579 0.09299
0.2106 0.06946
-0.4928 0.09938
-0.5683 0.2255
-0.7392 0.7652
-0.3983 0.1201
-0.4763 1.165
-0.6705 0.646
-1.248 1.369
-0.8233 0.6612
-1.006 0.2732
-1.597 0.5722
0.03659 0.05041
-0.02938 0.0314
0.9891 0.5589
0.7127 0.444
-0.09184 0.02331
0.1614 0.2939
0.1138 0.1735
-0.1089 0.0932
-0.172 0.08524
-0.3653 0.3178
0.3891 0.4874
-0.2248 0.3943
-0.08942 0.04518
-0.7787 1.07
-0.05127 0.04492
0.3769 0.6713
-0.4618 0.5816
0.2116 0.1516
0.6937 0.7575
0.2033 0.1971
-0.1022 0.0323
-0.2012 0.1934
0.8625 2.424
-0.5808 0.9897
-0.4716 0.5168
0.1664 0.1023
1.856 1.617
0.05099 0.02438
1.7 2.193
0.119 0.1622
0.2342 0.23
0.1652 0.09131
0.3422 0.3352
0.07156 0.06595
-0.07691 0.09652
0.3405 0.1634
1.434 1.374
-0.7883 0.8864
-0.006401 0.008681
-0.5059 0.7857
-0.7345 0.1848
-0.6145 1.061
0.6606 0.2898
0.08824 0.06911
-0.7166 0.3083
0.7291 1.308
-0.08534 0.1483
-0.5873 1.622
-0.07355 0.08946
-0.1215 0.1306
0.7427 0.2005
0.1193 0.119
-0.07212 0.0206
0.3384 0.2412
-0.2373 0.217
-0.02297 0.02858
-0.7179 0.4833
0.01014 0.01106
0.7598 0.4005
0.1932 0.05911
0.08148 0.1236
0.1721 0.2679
0.03815 0.03613
-0.9052 0.5546
0.2899 0.5209
-0.1802 0.3775
-0.2179 0.3708
0.09889 0.1084
-0.3038 0.1249
-0.1351 0.1208
-0.5354 0.4681
-0.818 1.421
-0.3953 0.1061
-0.2566 0.363
0.03949 0.02508
0.00735 0.0007914
0.8378 1.453
-8 7.202e-06
-0.5187 0.3396
-0.6808 0.753
-0.01237 0.006747
-0.09982 0.1258
0.05995 0.07293
0.2203 0.07501
0.04661 0.04204
-1.385 0.5217
0.7895 1.332
0.1612 0.0667
0.2161 0.3753
-0.04829 0.06438
0.2401 0.1718
-0.346 0.4729
0.4475 0.3581
-0.5564 0.3756
-0.5613 0.3436
1.438 1.879
-0.4113 0.4861
0.8953 1.49
0.09511 0.07955
-0.613 0.7597
0.252 0.3367
-0.5113 1.167
0.485 0.4526
0.6718 0.5011
-0.4652 0.5339
-0.08476 0.06179
-0.06925 0.03497
-0.1943 0.3771
0.18 0.1917
-0.1029 0.07801
-1.092 0.7961
0.3545 0.1416
0.7525 1.825
0.3757 0.6634
0.1884 0.1409
0.6654 0.6469
0.3359 0.525
0.3463 0.3748
0.8216 1.196
0.2337 0.04825
-1.901 1.125
0.2623 0.2781
0.1339 0.1701
-0.2794 0.242
-0.009386 0.01201
-0.2089 0.2346
2.907 1.42
0.4576 1.038
0.1837 0.1125
-0.1634 0.2271
0.3714 0.1858
0.0957 0.02096
0.4741 0.3077
-0.4951 0.6659
-0.825 0.6667
-0.3771 0.5669
-0.8647 0.5753
-0.3056 0.36
0.2584 0.1529
-0.8931 1.524
-0.4163 0.3966
0.213 0.204
0.3176 0.1648
0.1842 0.1071
0.5952 0.6248
0.6417 1.181
0.2253 0.246
-0.1502 0.1552
0.1355 0.1461
-0.6605 0.2119
-0.2938 0.4181
-0.1057 0.1351
-0.7983 0.6405
-0.02759 0.03191
0.8396 0.6359
-0.1319 0.04943
-0.2864 0.2162
-0.1027 0.1437
-2.002 1.264
0.9496 0.6914
-0.1221 0.1503
-0.1067 0.1725
-0.4682 0.3036
0.5073 0.849
-0.5448 0.4098
-0.3239 0.1975
-0.04494 0.02114
-0.114 0.1621
0.4809 0.1542
-0.8251 0.4665
-0.0124 0.0104
1.291 0.6637
-0.3818 0.5254
-0.1267 0.1724
-0.8491 1.348
-0.1682 0.2626
0.07975 0.07931
0.2724 0.05817
-0.013 0.009754
-0.6157 0.289
0.6212 0.5043
-0.2891 0.5223
-0.5893 0.3493
-0.7376 0.9276
-0.2085 0.04201
-0.6417 0.4391
-1.867 0.5972
-0.4283 0.7358
0.2153 0.3404
-0.7935 1.631
-0.2128 0.2105
-0.2021 0.05078
0.3126 0.3073
0.06144 0.08969
0.5298 0.7065
0.5271 1.369
-0.4654 0.3232
-0.06306 0.03509
-0.5734 0.3272
-0.8603 0.8371
0.9142 0.6542
0.6759 0.2847
-0.1484 0.02892
-0.1413 0.04213
0.6172 0.793
0.1277 0.1949
-0.2776 0.1891
0.724 0.386
-0.02834 0.0171
-0.0445 0.05324
-0.2696 0.3094
-0.2966 0.1663
8 5.451e-06
0.6317 1.057
0.05452 0.02923
-0.6983 0.8232
-0.2972 0.1919
-0.3591 0.3353
-0.08787 0.1115
0.1855 0.1039
0.29 0.2849
0.4786 0.6029
-0.1893 0.2188
0.8905 0.5137
-0.534 0.2567
-0.1381 0.1008
-0.2158 0.2874
-0.02489 0.0272
-1.056 1.97
-0.8966 0.7592
-0.2799 0.276
-0.7053 1.489
0.3233 0.2134
-0.833 2.265
0.1357 0.05817
0.3645 0.6002
0.2944 0.2137
0.158 0.09077
0.01512 0.01529
-0.311 0.2613
0.4775 0.4192
-0.1885 0.1939
0.8879 0.4629
-0.2839 0.1308
-0.1406 0.1392
-0.2003 0.3311
-0.3591 0.4517
-0.7316 0.1947
-0.4073 0.2481
0.05395 0.04743
0.7657 0.3515
0.2499 0.3282
-0.2564 0.3661
-1.236 1.101
0.04866 0.02678
0.08066 0.04538
-0.2286 0.2094
-0.2055 0.2194
-0.133 0.1112
-1.101 0.3527
-0.1786 0.08949
0.907 0.4526
0.1095 0.05988
-0.2172 0.276
1.172 0.9356
0.6799 0.9525
-0.154 0.2347
-0.5563 0.4286
-0.04541 0.06385
-0.2987 0.3503
0.06041 0.05532
-0.07386 0.06888
-0.02263 0.007798
-0.02915 0.03813
-0.5021 0.5669
2.001 1.261
-0.09768 0.08954
0.8681 2.23
-0.282 0.5523
0.7224 0.7441
1.028 0.9191
-0.1277 0.09271
-0.127 0.2181
-0.158 0.06735
0.5098 0.08637
-0.3357 0.1697
0.03291 0.0388
0.5971 0.08833
0.3943 0.4717
-0.03769 0.02541
0.2467 0.1033
-0.4286 0.7951
0.2673 0.3725
0.01227 0.01715
-0.2528 0.2281
0.1523 0.3224
0.5742 0.4558
0.03316 0.04849
-0.2189 0.1131
0.8968 2.051
-0.04589 0.03477
0.3072 0.7048
-0.1464 0.1734
-0.12 0.1035
0.04297 0.06143
0.8215 1.379
-0.7333 0.3569
0.5911 0.4577
0.1291 0.1063
-0.2187 0.256
-0.2577 0.05122
0.6505 0.8767
0.2662 0.2451
0.2897 0.1967
-0.7462 0.8304
0.9953 1.881
-0.0186 0.02107
-0.549 0.4715
-0.2297 0.3394
-0.04409 0.05548
-1.19 0.4484
1.157 0.4304
0.1431 0.06032
-1.24 1.719
-1.641 1.585
-0.01525 0.01581
0.539 0.2648
-0.2708 0.2529
0.2117 0.2271
-0.2641 0.1564
0.01139 0.004798
-0.4842 0.4535
0.08715 0.07312
-0.4816 0.7188
1.058 0.9725
-1.035 1.296
-0.7973 0.4196
-0.8885 1.901
-1.745 1.428
-0.06256 0.04261
-0.4665 0.1726
0.0312 0.03495
-0.1449 0.148
0.8497 0.5865
0.885 0.2072
-0.04306 0.0468
-0.001098 0.0008587
0.5428 0.2679
-0.2534 0.2729
-1.779 0.8156
-0.3898 0.4552
-0.3274 0.3916
0.2117 0.1219
1.774 0.6263
-0.8482 1.15
-2.659 0.7215
-0.03181 0.0373
2.805 1.647
1.057 0.7735
0.08159 0.07118
0.2585 0.387
0.7338 0.2678
0.3718 0.3512
0.2511 0.4103
-3.222 0.3603
-0.3228 0.4719
0.1565 0.228
-0.1159 0.176
-1.838 1.624
0.8908 2.06
0.8573 0.4337
1.007 0.4999
-2.999 0.8357
-0.01737 0.01475
0.04645 0.0404
-0.003684 0.002845
-0.03295 0.03548
-0.3695 0.1942
0.1453 0.145
0.7813 0.4003
-0.2939 0.1864
-0.3089 0.3069
0.5477 0.1997
0.794 0.1587
1.19 0.3023
-0.09757 0.1098
0.2371 0.4822
0.03708 0.02506
-0.1816 0.1442
-1.21 0.6792
-0.7733 0.7803
0.2147 0.3092
-0.2193 0.2968
0.07169 0.06194
-0.564 0.8558
-0.4053 0.4624
-0.3912 0.1866
-0.8854 1.368
-0.5697 0.4413
-0.01273 0.01258
0.8901 0.7908
-1.274 0.5912
-0.5571 0.3921
-0.2212 0.1981
0.238 0.2772
0.6679 0.8306
0.3476 0.5079
-0.5837 0.7822
2.619 0.7483
0.5177 0.2384
0.1996 0.1687
0.07487 0.09074
0.5119 0.4344
-0.5924 0.7933
0.1782 0.09944
0.2031 0.2043
0.0392 0.03237
0.6882 0.8562
-0.2261 0.1135
-0.945 1.768
0.3037 0.262
-0.4315 0.3343
-0.03756 0.03084
0.5735 1.022
-0.06818 0.08807
0.3072 0.6458
0.08066 0.04488
0.01477 0.008031
1.007 0.8424
-0.3383 0.6557
-0.7338 0.3241
0.8217 1.71
0.3459 0.3464
-0.5965 0.7387
-0.2413 0.4804
0.01404 0.01806
-1.011 0.6184
0.2059 0.1647
-0.4179 0.3539
-0.5813 0.7635
-0.8818 0.4782
-0.01601 0.01057
-0.3155 0.44
-0.4891 0.9019
-0.9982 0.7781
-0.05912 0.05214
-0.1695 0.1757
-0.1306 0.06534
-0.2304 0.2359
-1.309 0.4826
-0.2579 0.4299
-0.5136 1.109
0.4441 0.797
0.1426 0.124
0.04592 0.04039
-0.02752 0.0229
0.4671 0.3401
0.1445 0.223
0.9802 2.431
-0.01822 0.004835
0.4954 0.3271
0.2518 0.4026
-0.1197 0.1006
-0.3771 0.5664
0.1912 0.09205
0.2575 0.1151
0.3405 0.6006
0.4403 0.6981
-0.3265 0.4556
-2.372 0.8186
-0.6087 0.3923
-0.03701 0.03912
0.3918 0.6867
-0.3979 0.4915
-0.0288 0.02058
-0.1118 0.1751
1.061 0.9322
-1.03 1.187
0.08363 0.04744
-0.3792 0.2773
0.1539 0.1182
-0.2201 0.3851
0.3026 0.4405
-0.00216 0.002464
0.04985 0.04752
-0.3444 0.493
-0.1057 0.167
-0.2521 0.302
-0.1332 0.1523
0.09858 0.06331
-0.3623 0.6716
0.7804 0.5707
0.3294 0.4626
-0.244 0.1616
-0.124 0.2065
0.4828 0.754
0.04389 0.03463
-0.5699 0.3033
-0.9991 0.3873
-0.01712 0.007449
-1.512 0.9345
-0.5907 1.342
-0.0372 0.05321
-0.008636 0.007366
-0.004761 0.007312
0.2068 0.2309
0.3218 0.1968
0.03553 0.02501
0.05882 0.06666
0.1597 0.1206
-0.1124 0.1709
0.3311 0.7268
-0.22 0.112
-0.6055 0.4728
0.0513 0.05784
0.3686 0.4444
0.2634 0.3361
-0.2037 0.1237
0.3282 0.3819
0.3924 0.2115
-1.178 0.725
0.1837 0.2185
-0.1998 0.0744
0.2894 0.2775
0.4788 0.6256
0.3853 0.4336
-0.4072 0.2721
0.1209 0.03148
0.1257 0.11
0.09236 0.03173
-0.1293 0.1526
0.6055 0.6684
-0.6683 0.7818
0.651 0.9154
-0.1296 0.1805
0.07628 0.03436
-0.7159 1.72
0.0077 0.003463
-0.5028 0.3122
-0.07315 0.05411
-0.3901 0.5941
-0.724 0.8786
0.09639 0.0776
0.1009 0.05431
-0.3536 0.4343
1.057 1.616
-0.01628 0.02456
-0.5477 0.6317
0.09881 0.09091
-0.08808 0.07173
-0.1466 0.1249
-0.1732 0.2169
0.1082 0.05331
-0.2633 0.2061
-0.5278 0.5631
-0.2191 0.2068
-0.0152 0.01031
0.02915 0.03772
-0.156 0.1544
-8 1.015e-05
0.3495 0.1887
0.3731 0.3818
-1.385 2.013
-0.7379 1.395
-1.009 0.6625
0.2971 0.4624
-0.5675 0.5355
0.0487 0.02507
-0.6064 0.1987
-0.403 0.7424
0.2772 0.4454
-0.1496 0.1487
-0.09102 0.1115
0.1376 0.1975
1.37 0.6071
-0.0872 0.09992
-0.389 0.8882
2.39 0.7503
-0.4666 0.3477
-0.8741 0.6954
-0.81 1.631
-0.4563 0.4016
-0.1799 0.237
-0.2642 0.1552
0.09925 0.09217
0.9646 2.189
-1.003 0.678
-0.06458 0.08577
0.1443 0.1912
-0.07009 0.03437
0.6221 0.2323
-0.314 0.4919
-0.5078 0.2441
0.3938 0.9781
-0.6739 0.2455
-1.059 1.339
-0.5623 0.8903
-0.09984 0.05258
-0.3 0.5678
0.9893 2.905
-0.1575 0.142
-1.949 1.097
0.01474 0.0184
0.6984 0.5913
0.9111 0.7014
-0.2782 0.2613
-0.1578 0.1733
0.2734 0.203
0.285 0.3044
1.207 0.6879
-0.9479 0.723
-0.8755 0.9991
0.3357 0.7215
0.604 0.5922
0.6959 0.8544
-0.5 0.6
-0.1162 0.02673
0.132 0.08729
-0.01416 0.01223
0.4128 0.7503
-0.5136 0.679
0.2984 0.1762
-0.3917 0.5779
-0.4086 0.2713
0.4869 0.3718
0.65 1.136
3.516 1.302
0.04807 0.08221
0.02127 0.02169
0.9693 0.456
0.1089 0.1322
0.1263 0.1806
0.1876 0.2649
0.01109 0.01734
0.4734 0.7848
-0.4421 0.3928
0.01695 0.01387
-0.3651 0.4622
-0.3949 0.2089
0.4438 0.8414
0.1138 0.0619
0.779 0.7538
-0.1833 0.08751
0.8562 1.005
-0.5492 0.7884
-0.5537 0.8127
-0.6982 0.4104
0.1513 0.2678
0.8348 1.298
-0.2811 0.1665
0.02184 0.02799
0.2813 0.06006
-0.4001 0.5402
2.299 0.8067
-0.1297 0.09539
-0.2674 0.185
0.822 1.456
-0.02266 0.01696
-0.01564 0.02104
-1.378 2.284
0.2947 0.1173
0.3762 0.4276
-0.639 0.8741
-0.002247 0.002325
-0.3076 0.4117
0.06854 0.08391
0.7072 0.7136
0.1233 0.1332
-0.1467 0.1289
-1.275 1.64
0.03062 0.03896
-0.2024 0.2346
0.1323 0.05951
0.1948 0.1027
0.5073 0.3517
0.8506 0.9577
0.2213 0.1756
0.6187 0.9752
0.1147 0.09385
0.1824 0.2085
-0.7952 0.2438
0.9163 1.914
-0.5616 0.3138
-0.105 0.1253
0.1476 0.1012
0.1349 0.1136
0.6509 0.9886
-0.1835 0.1992
-0.001236 0.0007504
0.9261 0.3252
-0.9659 0.9684
-0.278 0.2564
-0.7078 0.2258
-0.2117 0.2782
0.3019 0.3292
-0.3519 0.7658
-0.1047 0.1466
-0.5023 0.4097
0.143 0.05753
-0.01365 0.01799
0.1098 0.1189
-0.173 0.2049
0.1754 0.08976
-0.4363 0.5283
-1.188 0.9709
-0.529 0.3537
0.2521 0.392
-0.3117 0.3877
0.1702 0.2182
-0.1244 0.1129
-0.4175 0.7764
0.07878 0.07402
-0.404 0.7928
-0.2277 0.2082
0.811 0.7941
-0.3991 0.2732
-0.2785 0.3399
-0.01706 0.01038
0.5669 0.4304
-1.258 0.9126
0.4528 0.3215
-0.1181 0.0644
0.6446 1.178
0.1341 0.1035
0.01063 0.01582
-0.1472 0.1503
-0.01272 0.009338
0.7597 0.6362
0.3153 0.274
0.2854 0.622
0.4895 0.8996
0.5258 0.1403
-0.2297 0.1307
-0.2401 0.3236
0.03119 0.042
-0.6913 0.7004
0.5402 0.8072
0.4834 0.5697
-0.1507 0.2062
0.3595 0.3501
0.2301 0.306
-0.5028 0.05554
2.528 1.419
0.01767 0.006929
-0.3121 0.4245
-0.4076 0.8062
0.2276 0.2531
0.2243 0.2217
0.2273 0.2347
0.4247 0.8166
0.04355 0.02904
-0.2873 0.6643
0.1586 0.1805
-0.1391 0.174
0.2542 0.4599
0.1009 0.0873
0.8543 1.234
0.1414 0.09044
0.229 0.4744
-0.8329 0.5414
0.2107 0.1639
-0.3601 0.4536
0.8341 0.5319
0.4993 0.9874
-0.04629 0.03065
0.7614 0.5954
0.3132 0.1493
-0.4754 0.2608
1.194 0.4786
-0.07605 0.01814
-0.4305 0.2705
-0.1759 0.1342
-0.4816 0.3825
0.0131 0.009946
-0.6644 0.3789
-0.01554 0.02263
-1.212 1.747
-0.2331 0.4599
-1.236 1.736
-0.5967 0.4279
-0.06408 0.06189
-1.337 1.774
-0.2112 0.1235
0.03871 0.02771
-0.4324 0.2176
-0.9377 1.341
0.1203 0.1316
-0.2026 0.1548
-0.03771 0.04108
0.9148 1.405
0.3857 0.3094
-0.2506 0.124
8 5.451e-06
0.1285 0.16
0.1815 0.2236
-0.6433 0.7265
-1.169 1.065
-0.02035 0.01617
0.4257 0.3974
0.3311 0.094
0.1604 0.1172
8 5.452e-06
-0.1728 0.3147
-0.1551 0.1982
0.2475 0.2345
0.3977 0.5736
0.2197 0.2948
-0.236 0.1859
-0.2312 0.08851
-0.02982 0.02849
0.2284 0.239
0.6502 0.4693
-0.2759 0.3417
-0.5974 0.04752
-0.1159 0.1564
-0.2478 0.3361
0.009413 0.003826
0.2725 0.1924
-0.8254 0.7983
0.3241 0.4705
-0.5456 0.7689
-0.1861 0.1366
-0.1559 0.2223
-0.4032 0.7967
0.2084 0.2949
-0.8336 0.5647
-0.09799 0.1129
1.25 0.1884
-0.6489 0.1175
0.3599 0.2782
3.227 1.008
-0.1662 0.1589
-0.5149 0.7692
0.1217 0.07355
-0.1088 0.1119
0.04288 0.0386
-0.00693 0.008484
0.2817 0.1355
0.2341 0.3167
-0.1055 0.1045
1.369 2.028
-0.1203 0.1726
0.3082 0.1678
-0.3866 0.7324
0.1927 0.1826
0.1112 0.1004
0.3546 0.4317
0.08163 0.05487
-0.2742 0.4055
-0.3035 0.0315
-0.224 0.1003
0.1091 0.157
-1.256 1.283
-0.1684 0.09387
0.2995 0.1783
-0.02399 0.03784
-0.445 0.2896
0.2813 0.2124
1.415 1.426
0.07398 0.1238
-1.751 0.6865
-0.2089 0.3048
-0.322 0.4467
-1.098 0.359
0.1255 0.1794
0.1522 0.2025
-0.3342 0.1413
-0.1137 0.07231
-0.08908 0.05712
-0.6458 0.5162
0.4783 0.8473
0.032 0.0283
0.2698 0.1869
0.82 0.1715
-0.5714 0.7774
0.4258 0.303
0.5761 0.6794
-0.2401 0.2978
-0.0182 0.01101
-0.01227 0.002239
0.0751 0.08176
0.4776 0.5204
-0.2111 0.4006
-1.03 0.4666
-0.03739 0.02637
-0.186 0.1295
0.2499 0.3499
0.1828 0.2317
0.1759 0.1963
-0.1134 0.08385
0.7726 1.095
-0.9948 1.983
-0.7884 0.931
-0.05193 0.08564
1.067 0.7144
-0.1547 0.2695
-1.317 1.401
0.8004 0.6896
1.031 0.93
-1.583 1.364
0.1854 0.2245
-0.07828 0.07036
-0.1065 0.02186
0.03205 0.02921
-0.2631 0.1629
0.07552 0.08273
0.1417 0.07833
0.5237 0.5976
-0.04998 0.01789
-0.1633 0.2567
2.21 1.124
-0.4207 0.2174
-2.431 1.239
-0.352 0.3346
-0.9475 1.232
0.06793 0.03566
0.005255 0.00467
-0.4649 0.3171
0.7217 0.7201
0.2546 0.3465
-0.3108 0.5891
-0.1321 0.1737
0.1722 0.3072
-0.2864 0.1664
0.6143 0.8036
-0.4213 0.8328
0.2129 0.348
-0.2093 0.1078
0.7664 0.2782
0.1462 0.2099
1.171 0.8172
0.02514 0.03557
0.2603 0.198
-0.1419 0.1968
0.05111 0.0493
-0.5139 0.517
-0.3728 0.6289
-0.4166 0.2711
-0.265 0.1236
-0.35 0.6408
-0.3907 0.597
-0.2864 0.2857
-0.634 0.7673
0.6986 0.9645
-0.02855 0.03076
-0.3691 0.6106
-0.07695 0.09987
-0.2546 0.2164
-2.618 1.218
-0.6692 0.1021
0.1526 0.1161
0.07208 0.08178
0.154 0.1984
0.04839 0.04237
0.1808 0.1709
-0.1628 0.23
-0.1882 0.1315
0.5664 0.292
0.5468 0.206
-0.9172 1.205
-0.7035 0.5579
0.2389 0.351
0.01959 0.01385
-0.7908 0.5756
-0.2938 0.4147
0.4193 0.4525
0.531 0.9889
-0.2873 0.3306
0.1123 0.06645
-0.2203 0.2549
-1.22 0.2805
-0.2754 0.2367
0.0585 0.08068
-0.3802 0.02926
0.6842 0.639
0.1208 0.07227
0.4499 0.7986
-0.4259 0.4632
0.4077 0.4482
-1.638 0.6881
-0.6121 0.3562
0.2587 0.2552
-0.1932 0.1899
-1.098 0.1425
-0.6158 0.3631
0.1174 0.1556
-0.05317 0.05051
0.3665 0.4456
0.1524 0.1506
0.1934 0.2755
0.1393 0.2298
-0.1405 0.2163
0.03349 0.0257
0.1466 0.1661
1.357 2.221
1.442 1.022
-1.417 0.4685
0.5111 0.1913
-2.013 2.374
1.307 1.75
0.31 0.1934
0.09614 0.1224
-0.05676 0.03725
-0.1451 0.1597
0.1526 0.1578
-0.5 0.4821
0.06858 0.09656
0.1882 0.2385
-0.1538 0.2344
-0.1549 0.1752
0.3144 0.5119
0.9498 0.7685
-0.07961 0.06728
-0.187 0.2229
0.6013 0.4644
0.7744 1.787
-1.165 1.395
0.7476 0.5202
0.359 0.6175
-0.6111 1.704
-0.5448 1.22
0.1082 0.1316
0.5772 0.8644
-0.8865 1.433
0.2182 0.2098
-0.9297 0.5903
-0.4738 0.6792
-0.576 0.5552
-0.03508 0.04004
-0.4507 0.6519
-0.1013 0.1088
0.3305 0.3647
-0.4785 0.456
-0.2477 0.1744
-0.7268 2.129
0.0137 0.01485
-0.1996 0.2586
0.2236 0.2491
-2.203 0.4471
-0.3817 0.2442
-0.03272 0.03827
-0.1588 0.1334
0.1897 0.1328
-0.03687 0.01475
0.4758 0.7717
0.4416 0.9135
0.2368 0.1978
-0.5523 0.2369
1.502 0.2657
-0.24 0.1547
-0.3546 0.3988
0.9146 0.655
0.1822 0.2677
-0.02889 0.03918
0.9241 0.5881
-0.2562 0.1887
0.3301 0.2424
0.01427 0.01004
-0.09195 0.07781
0.1345 0.05325
0.05263 0.04542
-0.4412 0.8109
0.06201 0.06878
-0.5552 0.9253
0.1699 0.1178
3.355 1.097
1.154 0.7234
0.3668 0.2689
0.04876 0.0639
0.3026 0.2422
0.004441 0.006069
0.1393 0.2118
-0.8693 0.514
-0.4555 0.6032
0.8174 0.9449
-0.2106 0.1172
0.07089 0.03208
-0.52 0.7167
0.1746 0.1015
0.1346 0.06087
1.052 0.3767
-0.2064 0.1827
-0.3589 0.7282
-0.5817 0.4464
0.3635 0.3748
-0.06793 0.05469
-2.472 0.9844
-0.4687 0.8361
0.9756 0.3239
0.6271 1.091
-0.6182 0.2126
-0.521 0.2325
-1.218 1.844
-0.138 0.0806
-0.198 0.1198
-1.43 1.789
0.3876 0.402
-0.3473 0.263
0.2629 0.2205
0.595 0.9785
0.9809 2.677
0.4483 0.922
-1.008 1.009
0.6154 0.4698
-0.277 0.3034
-0.2785 0.2346
0.2264 0.04985
0.8701 1.21
-0.2918 0.1861
-0.9195 0.3845
-0.01138 0.0137
0.0111 0.01655
-0.4198 0.158
-0.3726 0.6248
-0.191 0.07427
1.132 0.2663
-0.712 0.5903
-0.1514 0.09075
-0.002896 0.003149
0.5954 1.462
0.03848 0.03873
-0.5718 0.4589
0.5742 0.7844
0.9764 3.083
-0.7646 0.2935
-0.1332 0.1
-0.2679 0.2573
1.019 0.4955
-0.3552 0.3381
0.09304 0.05159
-0.4286 0.7074
0.08404 0.05441
0.5939 0.6931
0.3764 0.1706
0.1523 0.127
0.244 0.3773
0.2847 0.319
-0.6797 1.361
0.06593 0.08215
-1.169 0.6682
0.282 0.1945
0.09422 0.109
-0.4064 0.6475
0.7666 0.6181
-3.173 0.9394
-0.3545 0.4486
0.0932 0.07914
0.1788 0.1862
-0.3688 0.3093
0.3655 0.47
-0.4586 0.4497
0.7038 1.786
-0.04128 0.04214
-0.1832 0.2687
-0.3086 0.5563
-0.3191 0.1938
0.7966 2.325
-0.6214 1.21
-0.4703 0.3516
-0.1012 0.07861
-0.1319 0.1885
-0.2807 0.5368
-2.964 1.864
0.7251 0.2041
0.8673 0.3403
-0.05855 0.07073
0.1039 0.0727
0.09105 0.0822
0.2266 0.1765
-0.05078 0.07798
-0.2813 0.3851
-0.0486 0.03032
-0.6823 0.2681
-0.9847 1.545
0.05885 0.04685
0.3522 0.4149
0.1215 0.1264
-0.2353 0.1443
0.6461 0.1361
0.1258 0.02469
0.1077 0.04724
-0.09601 0.09302
0.2715 0.309
0.2127 0.3336
0.01405 0.007435
-0.1644 0.1911
-0.4453 0.9611
-0.46 1.142
-0.03799 0.05004
0.4465 0.3921
0.4629 0.661
0.3881 0.4546
0.6836 0.3141
0.7679 1.413
0.264 0.5594
-0.6669 1.46
0.06269 0.04087
-1.319 0.4612
-0.5684 0.1369
-0.7008 0.4006
0.1975 0.3147
0.1649 0.1475
-0.7096 0.5141
0.2131 0.07454
0.5209 0.4905
-0.3248 0.4674
0.0815 0.07804
-0.2389 0.1698
0.2996 0.2367
-0.5874 0.6863
0.2659 0.1683
-0.5205 0.6371
0.01941 0.02048
-0.1928 0.1735
-0.4931 0.6159
0.4198 1.051
0.9084 0.3602
0.8796 1.209
0.2638 0.3205
0.8813 0.8057
0.2816 0.4662
0.7222 0.2375
0.2582 0.221
0.1732 0.1012
-0.9644 0.6446
0.1675 0.07935
-0.5013 0.9605
-1.507 0.5304
0.1546 0.03986
-0.7467 0.6806
-0.1447 0.1333
-0.01222 0.0135
-0.05312 0.04896
-1.456 0.3386
0.2683 0.2813
0.09817 0.05424
-0.6442 0.5147
0.2226 0.2342
0.6697 0.6023
-0.4558 0.5652
0.1611 0.1137
0.6725 0.3961
-0.4443 0.4227
0.5519 1.191
0.1244 0.07506
-0.5283 0.945
0.1336 0.1313
0.2607 0.2328
0.4074 0.3489
0.7107 1.924
-0.3006 0.5238
0.3248 0.3963
0.2379 0.2454
-0.3084 0.09791
0.01345 0.01279
-0.009864 0.009041
-0.4548 0.5723
-0.232 0.2372
-1.034 0.6943
0.1513 0.2081
-0.2924 0.2141
-0.1275 0.08195
2.21 1.038
0.2398 0.08533
0.09364 0.06513
-2.967 1.952
0.9917 1.405
-0.04096 0.04075
0.3553 0.3958
-0.5051 0.7894
0.3 0.3024
-0.5368 1.044
-0.06167 0.07521
0.134 0.1489
-0.4722 0.2826
-1.437 1.658
0.2008 0.1499
0.07733 0.07334
0.4958 0.5988
0.4086 0.3221
0.1642 0.1011
-0.4198 0.1734
0.01594 0.02225
