-3.00 -3.00 0.130
-2.90 -3.00 0.209
-2.80 -3.00 0.269
-2.70 -3.00 0.304
-2.60 -3.00 0.311
-2.50 -3.00 0.288
-2.40 -3.00 0.238
-2.30 -3.00 0.166
-2.20 -3.00 0.076
-2.10 -3.00 -0.023
-2.00 -3.00 -0.122
-1.90 -3.00 -0.212
-1.80 -3.00 -0.285
-1.70 -3.00 -0.334
-1.60 -3.00 -0.356
-1.50 -3.00 -0.348
-1.40 -3.00 -0.311
-1.30 -3.00 -0.248
-1.20 -3.00 -0.166
-1.10 -3.00 -0.070
-1.00 -3.00 0.029
-0.90 -3.00 0.124
-0.80 -3.00 0.206
-0.70 -3.00 0.268
-0.60 -3.00 0.304
-0.50 -3.00 0.313
-0.40 -3.00 0.292
-0.30 -3.00 0.245
-0.20 -3.00 0.175
-0.10 -3.00 0.089
0.00 -3.00 -0.005
0.10 -3.00 -0.100
0.20 -3.00 -0.186
0.30 -3.00 -0.256
0.40 -3.00 -0.304
0.50 -3.00 -0.325
0.60 -3.00 -0.317
0.70 -3.00 -0.282
0.80 -3.00 -0.222
0.90 -3.00 -0.142
1.00 -3.00 -0.051
1.10 -3.00 0.045
1.20 -3.00 0.136
1.30 -3.00 0.215
1.40 -3.00 0.274
1.50 -3.00 0.308
1.60 -3.00 0.314
1.70 -3.00 0.292
1.80 -3.00 0.244
1.90 -3.00 0.173
2.00 -3.00 0.087
2.10 -3.00 -0.007
2.20 -3.00 -0.101
2.30 -3.00 -0.186
2.40 -3.00 -0.254
2.50 -3.00 -0.300
2.60 -3.00 -0.319
2.70 -3.00 -0.310
2.80 -3.00 -0.273
2.90 -3.00 -0.212
3.00 -3.00 -0.132

-3.00 -2.90 0.106
-2.90 -2.90 0.170
-2.80 -2.90 0.217
-2.70 -2.90 0.244
-2.60 -2.90 0.247
-2.50 -2.90 0.226
-2.40 -2.90 0.181
-2.30 -2.90 0.116
-2.20 -2.90 0.038
-2.10 -2.90 -0.048
-2.00 -2.90 -0.134
-1.90 -2.90 -0.211
-1.80 -2.90 -0.274
-1.70 -2.90 -0.315
-1.60 -2.90 -0.332
-1.50 -2.90 -0.323
-1.40 -2.90 -0.290
-1.30 -2.90 -0.234
-1.20 -2.90 -0.161
-1.10 -2.90 -0.078
-1.00 -2.90 0.008
-0.90 -2.90 0.089
-0.80 -2.90 0.160
-0.70 -2.90 0.213
-0.60 -2.90 0.245
-0.50 -2.90 0.253
-0.40 -2.90 0.236
-0.30 -2.90 0.198
-0.20 -2.90 0.140
-0.10 -2.90 0.070
0.00 -2.90 -0.008
0.10 -2.90 -0.086
0.20 -2.90 -0.157
0.30 -2.90 -0.215
0.40 -2.90 -0.254
0.50 -2.90 -0.271
0.60 -2.90 -0.265
0.70 -2.90 -0.236
0.80 -2.90 -0.187
0.90 -2.90 -0.121
1.00 -2.90 -0.046
1.10 -2.90 0.033
1.20 -2.90 0.108
1.30 -2.90 0.173
1.40 -2.90 0.222
1.50 -2.90 0.250
1.60 -2.90 0.256
1.70 -2.90 0.238
1.80 -2.90 0.198
1.90 -2.90 0.141
2.00 -2.90 0.070
2.10 -2.90 -0.007
2.20 -2.90 -0.084
2.30 -2.90 -0.153
2.40 -2.90 -0.209
2.50 -2.90 -0.247
2.60 -2.90 -0.262
2.70 -2.90 -0.255
2.80 -2.90 -0.224
2.90 -2.90 -0.174
3.00 -2.90 -0.108

-3.00 -2.80 0.071
-2.90 -2.80 0.113
-2.80 -2.80 0.144
-2.70 -2.80 0.159
-2.60 -2.80 0.156
-2.50 -2.80 0.135
-2.40 -2.80 0.096
-2.30 -2.80 0.042
-2.20 -2.80 -0.022
-2.10 -2.80 -0.091
-2.00 -2.80 -0.159
-1.90 -2.80 -0.219
-1.80 -2.80 -0.267
-1.70 -2.80 -0.298
-1.60 -2.80 -0.308
-1.50 -2.80 -0.298
-1.40 -2.80 -0.267
-1.30 -2.80 -0.220
-1.20 -2.80 -0.161
-1.10 -2.80 -0.094
-1.00 -2.80 -0.026
-0.90 -2.80 0.038
-0.80 -2.80 0.093
-0.70 -2.80 0.134
-0.60 -2.80 0.159
-0.50 -2.80 0.167
-0.40 -2.80 0.157
-0.30 -2.80 0.131
-0.20 -2.80 0.091
-0.10 -2.80 0.042
0.00 -2.80 -0.012
0.10 -2.80 -0.067
0.20 -2.80 -0.116
0.30 -2.80 -0.157
0.40 -2.80 -0.184
0.50 -2.80 -0.196
0.60 -2.80 -0.192
0.70 -2.80 -0.172
0.80 -2.80 -0.137
0.90 -2.80 -0.092
1.00 -2.80 -0.039
1.10 -2.80 0.016
1.20 -2.80 0.068
1.30 -2.80 0.114
1.40 -2.80 0.148
1.50 -2.80 0.169
1.60 -2.80 0.173
1.70 -2.80 0.161
1.80 -2.80 0.134
1.90 -2.80 0.095
2.00 -2.80 0.046
2.10 -2.80 -0.007
2.20 -2.80 -0.060
2.30 -2.80 -0.108
2.40 -2.80 -0.146
2.50 -2.80 -0.172
2.60 -2.80 -0.183
2.70 -2.80 -0.177
2.80 -2.80 -0.156
2.90 -2.80 -0.121
3.00 -2.80 -0.075

-3.00 -2.70 0.028
-2.90 -2.70 0.044
-2.80 -2.70 0.053
-2.70 -2.70 0.053
-2.60 -2.70 0.041
-2.50 -2.70 0.018
-2.40 -2.70 -0.015
-2.30 -2.70 -0.059
-2.20 -2.70 -0.108
-2.10 -2.70 -0.160
-2.00 -2.70 -0.209
-1.90 -2.70 -0.252
-1.80 -2.70 -0.283
-1.70 -2.70 -0.301
-1.60 -2.70 -0.303
-1.50 -2.70 -0.289
-1.40 -2.70 -0.261
-1.30 -2.70 -0.222
-1.20 -2.70 -0.175
-1.10 -2.70 -0.125
-1.00 -2.70 -0.076
-0.90 -2.70 -0.031
-0.80 -2.70 0.007
-0.70 -2.70 0.036
-0.60 -2.70 0.054
-0.50 -2.70 0.062
-0.40 -2.70 0.060
-0.30 -2.70 0.049
-0.20 -2.70 0.031
-0.10 -2.70 0.008
0.00 -2.70 -0.018
0.10 -2.70 -0.044
0.20 -2.70 -0.068
0.30 -2.70 -0.088
0.40 -2.70 -0.101
0.50 -2.70 -0.107
0.60 -2.70 -0.105
0.70 -2.70 -0.096
0.80 -2.70 -0.079
0.90 -2.70 -0.057
1.00 -2.70 -0.032
1.10 -2.70 -0.006
1.20 -2.70 0.020
1.30 -2.70 0.042
1.40 -2.70 0.059
1.50 -2.70 0.070
1.60 -2.70 0.073
1.70 -2.70 0.069
1.80 -2.70 0.057
1.90 -2.70 0.039
2.00 -2.70 0.017
2.10 -2.70 -0.007
2.20 -2.70 -0.031
2.30 -2.70 -0.053
2.40 -2.70 -0.071
2.50 -2.70 -0.082
2.60 -2.70 -0.087
2.70 -2.70 -0.084
2.80 -2.70 -0.074
2.90 -2.70 -0.057
3.00 -2.70 -0.036

-3.00 -2.60 -0.020
-2.90 -2.60 -0.033
-2.80 -2.60 -0.049
-2.70 -2.60 -0.068
-2.60 -2.60 -0.091
-2.50 -2.60 -0.119
-2.40 -2.60 -0.152
-2.30 -2.60 -0.189
-2.20 -2.60 -0.227
-2.10 -2.60 -0.266
-2.00 -2.60 -0.300
-1.90 -2.60 -0.327
-1.80 -2.60 -0.344
-1.70 -2.60 -0.349
-1.60 -2.60 -0.340
-1.50 -2.60 -0.320
-1.40 -2.60 -0.291
-1.30 -2.60 -0.255
-1.20 -2.60 -0.217
-1.10 -2.60 -0.180
-1.00 -2.60 -0.146
-0.90 -2.60 -0.117
-0.80 -2.60 -0.094
-0.70 -2.60 -0.077
-0.60 -2.60 -0.064
-0.50 -2.60 -0.055
-0.40 -2.60 -0.047
-0.30 -2.60 -0.042
-0.20 -2.60 -0.036
-0.10 -2.60 -0.032
0.00 -2.60 -0.027
0.10 -2.60 -0.023
0.20 -2.60 -0.019
0.30 -2.60 -0.016
0.40 -2.60 -0.014
0.50 -2.60 -0.013
0.60 -2.60 -0.014
0.70 -2.60 -0.016
0.80 -2.60 -0.019
0.90 -2.60 -0.023
1.00 -2.60 -0.027
1.10 -2.60 -0.031
1.20 -2.60 -0.034
1.30 -2.60 -0.037
1.40 -2.60 -0.038
1.50 -2.60 -0.038
1.60 -2.60 -0.036
1.70 -2.60 -0.033
1.80 -2.60 -0.028
1.90 -2.60 -0.022
2.00 -2.60 -0.015
2.10 -2.60 -0.008
2.20 -2.60 -0.001
2.30 -2.60 0.006
2.40 -2.60 0.011
2.50 -2.60 0.014
2.60 -2.60 0.016
2.70 -2.60 0.016
2.80 -2.60 0.015
2.90 -2.60 0.011
3.00 -2.60 0.007

-3.00 -2.50 -0.070
-2.90 -2.50 -0.113
-2.80 -2.50 -0.155
-2.70 -2.50 -0.196
-2.60 -2.50 -0.236
-2.50 -2.50 -0.275
-2.40 -2.50 -0.313
-2.30 -2.50 -0.352
-2.20 -2.50 -0.389
-2.10 -2.50 -0.422
-2.00 -2.50 -0.450
-1.90 -2.50 -0.468
-1.80 -2.50 -0.474
-1.70 -2.50 -0.467
-1.60 -2.50 -0.448
-1.50 -2.50 -0.418
-1.40 -2.50 -0.381
-1.30 -2.50 -0.341
-1.20 -2.50 -0.303
-1.10 -2.50 -0.270
-1.00 -2.50 -0.244
-0.90 -2.50 -0.224
-0.80 -2.50 -0.210
-0.70 -2.50 -0.199
-0.60 -2.50 -0.189
-0.50 -2.50 -0.175
-0.40 -2.50 -0.158
-0.30 -2.50 -0.135
-0.20 -2.50 -0.106
-0.10 -2.50 -0.074
0.00 -2.50 -0.039
0.10 -2.50 -0.005
0.20 -2.50 0.026
0.30 -2.50 0.050
0.40 -2.50 0.067
0.50 -2.50 0.074
0.60 -2.50 0.071
0.70 -2.50 0.058
0.80 -2.50 0.036
0.90 -2.50 0.007
1.00 -2.50 -0.025
1.10 -2.50 -0.059
1.20 -2.50 -0.091
1.30 -2.50 -0.118
1.40 -2.50 -0.137
1.50 -2.50 -0.147
1.60 -2.50 -0.146
1.70 -2.50 -0.134
1.80 -2.50 -0.113
1.90 -2.50 -0.083
2.00 -2.50 -0.048
2.10 -2.50 -0.009
2.20 -2.50 0.028
2.30 -2.50 0.062
2.40 -2.50 0.090
2.50 -2.50 0.109
2.60 -2.50 0.117
2.70 -2.50 0.115
2.80 -2.50 0.101
2.90 -2.50 0.079
3.00 -2.50 0.049

-3.00 -2.40 -0.118
-2.90 -2.40 -0.191
-2.80 -2.40 -0.260
-2.70 -2.40 -0.326
-2.60 -2.40 -0.387
-2.50 -2.40 -0.444
-2.40 -2.40 -0.499
-2.30 -2.40 -0.552
-2.20 -2.40 -0.600
-2.10 -2.40 -0.643
-2.00 -2.40 -0.676
-1.90 -2.40 -0.696
-1.80 -2.40 -0.700
-1.70 -2.40 -0.685
-1.60 -2.40 -0.653
-1.50 -2.40 -0.608
-1.40 -2.40 -0.555
-1.30 -2.40 -0.499
-1.20 -2.40 -0.448
-1.10 -2.40 -0.406
-1.00 -2.40 -0.374
-0.90 -2.40 -0.352
-0.80 -2.40 -0.338
-0.70 -2.40 -0.326
-0.60 -2.40 -0.313
-0.50 -2.40 -0.293
-0.40 -2.40 -0.264
-0.30 -2.40 -0.225
-0.20 -2.40 -0.175
-0.10 -2.40 -0.118
0.00 -2.40 -0.056
0.10 -2.40 0.004
0.20 -2.40 0.059
0.30 -2.40 0.103
0.40 -2.40 0.133
0.50 -2.40 0.146
0.60 -2.40 0.140
0.70 -2.40 0.117
0.80 -2.40 0.078
0.90 -2.40 0.028
1.00 -2.40 -0.031
1.10 -2.40 -0.091
1.20 -2.40 -0.148
1.30 -2.40 -0.196
1.40 -2.40 -0.231
1.50 -2.40 -0.249
1.60 -2.40 -0.248
1.70 -2.40 -0.229
1.80 -2.40 -0.192
1.90 -2.40 -0.141
2.00 -2.40 -0.079
2.10 -2.40 -0.013
2.20 -2.40 0.053
2.30 -2.40 0.112
2.40 -2.40 0.160
2.50 -2.40 0.193
2.60 -2.40 0.207
2.70 -2.40 0.202
2.80 -2.40 0.179
2.90 -2.40 0.139
3.00 -2.40 0.086

-3.00 -2.30 -0.161
-2.90 -2.30 -0.262
-2.80 -2.30 -0.358
-2.70 -2.30 -0.451
-2.60 -2.30 -0.540
-2.50 -2.30 -0.626
-2.40 -2.30 -0.710
-2.30 -2.30 -0.792
-2.20 -2.30 -0.870
-2.10 -2.30 -0.940
-2.00 -2.30 -0.996
-1.90 -2.30 -1.032
-1.80 -2.30 -1.043
-1.70 -2.30 -1.025
-1.60 -2.30 -0.981
-1.50 -2.30 -0.914
-1.40 -2.30 -0.833
-1.30 -2.30 -0.748
-1.20 -2.30 -0.666
-1.10 -2.30 -0.597
-1.00 -2.30 -0.542
-0.90 -2.30 -0.503
-0.80 -2.30 -0.475
-0.70 -2.30 -0.453
-0.60 -2.30 -0.431
-0.50 -2.30 -0.401
-0.40 -2.30 -0.360
-0.30 -2.30 -0.306
-0.20 -2.30 -0.239
-0.10 -2.30 -0.162
0.00 -2.30 -0.079
0.10 -2.30 0.002
0.20 -2.30 0.075
0.30 -2.30 0.134
0.40 -2.30 0.174
0.50 -2.30 0.191
0.60 -2.30 0.183
0.70 -2.30 0.153
0.80 -2.30 0.101
0.90 -2.30 0.033
1.00 -2.30 -0.045
1.10 -2.30 -0.126
1.20 -2.30 -0.202
1.30 -2.30 -0.266
1.40 -2.30 -0.312
1.50 -2.30 -0.336
1.60 -2.30 -0.335
1.70 -2.30 -0.309
1.80 -2.30 -0.259
1.90 -2.30 -0.190
2.00 -2.30 -0.108
2.10 -2.30 -0.018
2.20 -2.30 0.070
2.30 -2.30 0.150
2.40 -2.30 0.214
2.50 -2.30 0.258
2.60 -2.30 0.277
2.70 -2.30 0.271
2.80 -2.30 0.239
2.90 -2.30 0.186
3.00 -2.30 0.115

-3.00 -2.20 -0.199
-2.90 -2.20 -0.322
-2.80 -2.20 -0.445
-2.70 -2.20 -0.567
-2.60 -2.20 -0.690
-2.50 -2.20 -0.815
-2.40 -2.20 -0.943
-2.30 -2.20 -1.073
-2.20 -2.20 -1.201
-2.10 -2.20 -1.319
-2.00 -2.20 -1.419
-1.90 -2.20 -1.488
-1.80 -2.20 -1.518
-1.70 -2.20 -1.504
-1.60 -2.20 -1.447
-1.50 -2.20 -1.352
-1.40 -2.20 -1.230
-1.30 -2.20 -1.097
-1.20 -2.20 -0.966
-1.10 -2.20 -0.849
-1.00 -2.20 -0.752
-0.90 -2.20 -0.677
-0.80 -2.20 -0.621
-0.70 -2.20 -0.577
-0.60 -2.20 -0.538
-0.50 -2.20 -0.495
-0.40 -2.20 -0.442
-0.30 -2.20 -0.376
-0.20 -2.20 -0.296
-0.10 -2.20 -0.206
0.00 -2.20 -0.111
0.10 -2.20 -0.017
0.20 -2.20 0.067
0.30 -2.20 0.135
0.40 -2.20 0.181
0.50 -2.20 0.201
0.60 -2.20 0.192
0.70 -2.20 0.156
0.80 -2.20 0.096
0.90 -2.20 0.018
1.00 -2.20 -0.072
1.10 -2.20 -0.165
1.20 -2.20 -0.252
1.30 -2.20 -0.326
1.40 -2.20 -0.378
1.50 -2.20 -0.404
1.60 -2.20 -0.402
1.70 -2.20 -0.370
1.80 -2.20 -0.311
1.90 -2.20 -0.229
2.00 -2.20 -0.132
2.10 -2.20 -0.027
2.20 -2.20 0.077
2.30 -2.20 0.171
2.40 -2.20 0.247
2.50 -2.20 0.298
2.60 -2.20 0.321
2.70 -2.20 0.314
2.80 -2.20 0.278
2.90 -2.20 0.216
3.00 -2.20 0.133

-3.00 -2.10 -0.227
-2.90 -2.10 -0.369
-2.80 -2.10 -0.516
-2.70 -2.10 -0.670
-2.60 -2.10 -0.833
-2.50 -2.10 -1.007
-2.40 -2.10 -1.194
-2.30 -2.10 -1.391
-2.20 -2.10 -1.590
-2.10 -2.10 -1.779
-2.00 -2.10 -1.943
-1.90 -2.10 -2.063
-1.80 -2.10 -2.126
-1.70 -2.10 -2.122
-1.60 -2.10 -2.051
-1.50 -2.10 -1.921
-1.40 -2.10 -1.748
-1.30 -2.10 -1.550
-1.20 -2.10 -1.349
-1.10 -2.10 -1.162
-1.00 -2.10 -1.002
-0.90 -2.10 -0.872
-0.80 -2.10 -0.772
-0.70 -2.10 -0.695
-0.60 -2.10 -0.631
-0.50 -2.10 -0.571
-0.40 -2.10 -0.506
-0.30 -2.10 -0.432
-0.20 -2.10 -0.346
-0.10 -2.10 -0.251
0.00 -2.10 -0.152
0.10 -2.10 -0.055
0.20 -2.10 0.032
0.30 -2.10 0.102
0.40 -2.10 0.149
0.50 -2.10 0.169
0.60 -2.10 0.160
0.70 -2.10 0.122
0.80 -2.10 0.060
0.90 -2.10 -0.022
1.00 -2.10 -0.114
1.10 -2.10 -0.210
1.20 -2.10 -0.299
1.30 -2.10 -0.374
1.40 -2.10 -0.426
1.50 -2.10 -0.451
1.60 -2.10 -0.446
1.70 -2.10 -0.409
1.80 -2.10 -0.344
1.90 -2.10 -0.256
2.00 -2.10 -0.151
2.10 -2.10 -0.038
2.20 -2.10 0.072
2.30 -2.10 0.173
2.40 -2.10 0.254
2.50 -2.10 0.309
2.60 -2.10 0.335
2.70 -2.10 0.328
2.80 -2.10 0.290
2.90 -2.10 0.225
3.00 -2.10 0.139

-3.00 -2.00 -0.246
-2.90 -2.00 -0.401
-2.80 -2.00 -0.569
-2.70 -2.00 -0.754
-2.60 -2.00 -0.962
-2.50 -2.00 -1.196
-2.40 -2.00 -1.455
-2.30 -2.00 -1.736
-2.20 -2.00 -2.026
-2.10 -2.00 -2.306
-2.00 -2.00 -2.552
-1.90 -2.00 -2.741
-1.80 -2.00 -2.848
-1.70 -2.00 -2.862
-1.60 -2.00 -2.778
-1.50 -2.00 -2.608
-1.40 -2.00 -2.370
-1.30 -2.00 -2.092
-1.20 -2.00 -1.803
-1.10 -2.00 -1.527
-1.00 -2.00 -1.285
-0.90 -2.00 -1.084
-0.80 -2.00 -0.925
-0.70 -2.00 -0.804
-0.60 -2.00 -0.709
-0.50 -2.00 -0.628
-0.40 -2.00 -0.553
-0.30 -2.00 -0.474
-0.20 -2.00 -0.390
-0.10 -2.00 -0.299
0.00 -2.00 -0.206
0.10 -2.00 -0.116
0.20 -2.00 -0.035
0.30 -2.00 0.030
0.40 -2.00 0.073
0.50 -2.00 0.091
0.60 -2.00 0.081
0.70 -2.00 0.046
0.80 -2.00 -0.013
0.90 -2.00 -0.089
1.00 -2.00 -0.175
1.10 -2.00 -0.263
1.20 -2.00 -0.345
1.30 -2.00 -0.412
1.40 -2.00 -0.458
1.50 -2.00 -0.477
1.60 -2.00 -0.466
1.70 -2.00 -0.427
1.80 -2.00 -0.360
1.90 -2.00 -0.271
2.00 -2.00 -0.166
2.10 -2.00 -0.055
2.20 -2.00 0.055
2.30 -2.00 0.154
2.40 -2.00 0.234
2.50 -2.00 0.289
2.60 -2.00 0.315
2.70 -2.00 0.310
2.80 -2.00 0.275
2.90 -2.00 0.214
3.00 -2.00 0.132

-3.00 -1.90 -0.255
-2.90 -1.90 -0.415
-2.80 -1.90 -0.600
-2.70 -1.90 -0.817
-2.60 -1.90 -1.072
-2.50 -1.90 -1.371
-2.40 -1.90 -1.713
-2.30 -1.90 -2.090
-2.20 -1.90 -2.485
-2.10 -1.90 -2.871
-2.00 -1.90 -3.216
-1.90 -1.90 -3.485
-1.80 -1.90 -3.648
-1.70 -1.90 -3.684
-1.60 -1.90 -3.589
-1.50 -1.90 -3.375
-1.40 -1.90 -3.065
-1.30 -1.90 -2.696
-1.20 -1.90 -2.305
-1.10 -1.90 -1.927
-1.00 -1.90 -1.587
-0.90 -1.90 -1.302
-0.80 -1.90 -1.074
-0.70 -1.90 -0.900
-0.60 -1.90 -0.769
-0.50 -1.90 -0.668
-0.40 -1.90 -0.583
-0.30 -1.90 -0.506
-0.20 -1.90 -0.430
-0.10 -1.90 -0.353
0.00 -1.90 -0.276
0.10 -1.90 -0.202
0.20 -1.90 -0.136
0.30 -1.90 -0.084
0.40 -1.90 -0.050
0.50 -1.90 -0.037
0.60 -1.90 -0.045
0.70 -1.90 -0.076
0.80 -1.90 -0.124
0.90 -1.90 -0.187
1.00 -1.90 -0.257
1.10 -1.90 -0.328
1.20 -1.90 -0.393
1.30 -1.90 -0.444
1.40 -1.90 -0.476
1.50 -1.90 -0.484
1.60 -1.90 -0.468
1.70 -1.90 -0.425
1.80 -1.90 -0.360
1.90 -1.90 -0.276
2.00 -1.90 -0.179
2.10 -1.90 -0.076
2.20 -1.90 0.024
2.30 -1.90 0.115
2.40 -1.90 0.188
2.50 -1.90 0.239
2.60 -1.90 0.265
2.70 -1.90 0.262
2.80 -1.90 0.234
2.90 -1.90 0.182
3.00 -1.90 0.111

-3.00 -1.80 -0.252
-2.90 -1.80 -0.412
-2.80 -1.80 -0.610
-2.70 -1.80 -0.855
-2.60 -1.80 -1.157
-2.50 -1.80 -1.522
-2.40 -1.80 -1.949
-2.30 -1.80 -2.428
-2.20 -1.80 -2.935
-2.10 -1.80 -3.436
-2.00 -1.80 -3.887
-1.90 -1.80 -4.244
-1.80 -1.80 -4.467
-1.70 -1.80 -4.530
-1.60 -1.80 -4.426
-1.50 -1.80 -4.168
-1.40 -1.80 -3.785
-1.30 -1.80 -3.320
-1.20 -1.80 -2.822
-1.10 -1.80 -2.334
-1.00 -1.80 -1.891
-0.90 -1.80 -1.514
-0.80 -1.80 -1.213
-0.70 -1.80 -0.983
-0.60 -1.80 -0.814
-0.50 -1.80 -0.692
-0.40 -1.80 -0.602
-0.30 -1.80 -0.531
-0.20 -1.80 -0.471
-0.10 -1.80 -0.416
0.00 -1.80 -0.364
0.10 -1.80 -0.315
0.20 -1.80 -0.273
0.30 -1.80 -0.241
0.40 -1.80 -0.220
0.50 -1.80 -0.213
0.60 -1.80 -0.221
0.70 -1.80 -0.243
0.80 -1.80 -0.276
0.90 -1.80 -0.318
1.00 -1.80 -0.364
1.10 -1.80 -0.409
1.20 -1.80 -0.447
1.30 -1.80 -0.475
1.40 -1.80 -0.487
1.50 -1.80 -0.481
1.60 -1.80 -0.455
1.70 -1.80 -0.411
1.80 -1.80 -0.349
1.90 -1.80 -0.274
2.00 -1.80 -0.190
2.10 -1.80 -0.103
2.20 -1.80 -0.019
2.30 -1.80 0.057
2.40 -1.80 0.119
2.50 -1.80 0.163
2.60 -1.80 0.186
2.70 -1.80 0.188
2.80 -1.80 0.169
2.90 -1.80 0.131
3.00 -1.80 0.080

-3.00 -1.70 -0.240
-2.90 -1.70 -0.393
-2.80 -1.70 -0.596
-2.70 -1.70 -0.864
-2.60 -1.70 -1.207
-2.50 -1.70 -1.635
-2.40 -1.70 -2.145
-2.30 -1.70 -2.722
-2.20 -1.70 -3.338
-2.10 -1.70 -3.951
-2.00 -1.70 -4.506
-1.90 -1.70 -4.950
-1.80 -1.70 -5.235
-1.70 -1.70 -5.328
-1.60 -1.70 -5.218
-1.50 -1.70 -4.919
-1.40 -1.70 -4.467
-1.30 -1.70 -3.911
-1.20 -1.70 -3.310
-1.10 -1.70 -2.716
-1.00 -1.70 -2.172
-0.90 -1.70 -1.706
-0.80 -1.70 -1.332
-0.70 -1.70 -1.048
-0.60 -1.70 -0.844
-0.50 -1.70 -0.705
-0.40 -1.70 -0.614
-0.30 -1.70 -0.556
-0.20 -1.70 -0.518
-0.10 -1.70 -0.492
0.00 -1.70 -0.473
0.10 -1.70 -0.458
0.20 -1.70 -0.447
0.30 -1.70 -0.439
0.40 -1.70 -0.435
0.50 -1.70 -0.437
0.60 -1.70 -0.443
0.70 -1.70 -0.454
0.80 -1.70 -0.468
0.90 -1.70 -0.484
1.00 -1.70 -0.499
1.10 -1.70 -0.510
1.20 -1.70 -0.515
1.30 -1.70 -0.512
1.40 -1.70 -0.499
1.50 -1.70 -0.474
1.60 -1.70 -0.438
1.70 -1.70 -0.391
1.80 -1.70 -0.335
1.90 -1.70 -0.272
2.00 -1.70 -0.205
2.10 -1.70 -0.138
2.20 -1.70 -0.074
2.30 -1.70 -0.017
2.40 -1.70 0.030
2.50 -1.70 0.064
2.60 -1.70 0.085
2.70 -1.70 0.092
2.80 -1.70 0.085
2.90 -1.70 0.067
3.00 -1.70 0.039

-3.00 -1.60 -0.217
-2.90 -1.60 -0.357
-2.80 -1.60 -0.560
-2.70 -1.60 -0.843
-2.60 -1.60 -1.219
-2.50 -1.60 -1.699
-2.40 -1.60 -2.279
-2.30 -1.60 -2.942
-2.20 -1.60 -3.654
-2.10 -1.60 -4.365
-2.00 -1.60 -5.014
-1.90 -1.60 -5.537
-1.80 -1.60 -5.878
-1.70 -1.60 -5.999
-1.60 -1.60 -5.887
-1.50 -1.60 -5.556
-1.40 -1.60 -5.046
-1.30 -1.60 -4.413
-1.20 -1.60 -3.723
-1.10 -1.60 -3.037
-1.00 -1.60 -2.405
-0.90 -1.60 -1.862
-0.80 -1.60 -1.425
-0.70 -1.60 -1.095
-0.60 -1.60 -0.864
-0.50 -1.60 -0.714
-0.40 -1.60 -0.628
-0.30 -1.60 -0.588
-0.20 -1.60 -0.579
-0.10 -1.60 -0.589
0.00 -1.60 -0.608
0.10 -1.60 -0.632
0.20 -1.60 -0.656
0.30 -1.60 -0.676
0.40 -1.60 -0.693
0.50 -1.60 -0.704
0.60 -1.60 -0.709
0.70 -1.60 -0.708
0.80 -1.60 -0.700
0.90 -1.60 -0.685
1.00 -1.60 -0.664
1.10 -1.60 -0.637
1.20 -1.60 -0.603
1.30 -1.60 -0.565
1.40 -1.60 -0.522
1.50 -1.60 -0.475
1.60 -1.60 -0.426
1.70 -1.60 -0.375
1.80 -1.60 -0.324
1.90 -1.60 -0.274
2.00 -1.60 -0.226
2.10 -1.60 -0.181
2.20 -1.60 -0.140
2.30 -1.60 -0.104
2.40 -1.60 -0.073
2.50 -1.60 -0.049
2.60 -1.60 -0.030
2.70 -1.60 -0.017
2.80 -1.60 -0.010
2.90 -1.60 -0.007
3.00 -1.60 -0.008

-3.00 -1.50 -0.187
-2.90 -1.50 -0.309
-2.80 -1.50 -0.504
-2.70 -1.50 -0.792
-2.60 -1.50 -1.189
-2.50 -1.50 -1.705
-2.40 -1.50 -2.336
-2.30 -1.50 -3.063
-2.20 -1.50 -3.848
-2.10 -1.50 -4.635
-2.00 -1.50 -5.356
-1.90 -1.50 -5.941
-1.80 -1.50 -6.328
-1.70 -1.50 -6.474
-1.60 -1.50 -6.364
-1.50 -1.50 -6.013
-1.40 -1.50 -5.463
-1.30 -1.50 -4.776
-1.20 -1.50 -4.021
-1.10 -1.50 -3.268
-1.00 -1.50 -2.571
-0.90 -1.50 -1.971
-0.80 -1.50 -1.488
-0.70 -1.50 -1.126
-0.60 -1.50 -0.878
-0.50 -1.50 -0.727
-0.40 -1.50 -0.653
-0.30 -1.50 -0.637
-0.20 -1.50 -0.661
-0.10 -1.50 -0.710
0.00 -1.50 -0.772
0.10 -1.50 -0.838
0.20 -1.50 -0.899
0.30 -1.50 -0.951
0.40 -1.50 -0.989
0.50 -1.50 -1.011
0.60 -1.50 -1.015
0.70 -1.50 -1.001
0.80 -1.50 -0.969
0.90 -1.50 -0.923
1.00 -1.50 -0.863
1.10 -1.50 -0.795
1.20 -1.50 -0.720
1.30 -1.50 -0.643
1.40 -1.50 -0.568
1.50 -1.50 -0.496
1.60 -1.50 -0.431
1.70 -1.50 -0.374
1.80 -1.50 -0.326
1.90 -1.50 -0.287
2.00 -1.50 -0.256
2.10 -1.50 -0.232
2.20 -1.50 -0.213
2.30 -1.50 -0.198
2.40 -1.50 -0.183
2.50 -1.50 -0.168
2.60 -1.50 -0.151
2.70 -1.50 -0.131
2.80 -1.50 -0.109
2.90 -1.50 -0.083
3.00 -1.50 -0.056

-3.00 -1.40 -0.151
-2.90 -1.40 -0.252
-2.80 -1.40 -0.432
-2.70 -1.40 -0.715
-2.60 -1.40 -1.117
-2.50 -1.40 -1.649
-2.40 -1.40 -2.308
-2.30 -1.40 -3.071
-2.20 -1.40 -3.898
-2.10 -1.40 -4.730
-2.00 -1.40 -5.495
-1.90 -1.40 -6.119
-1.80 -1.40 -6.536
-1.70 -1.40 -6.702
-1.60 -1.40 -6.600
-1.50 -1.40 -6.243
-1.40 -1.40 -5.676
-1.30 -1.40 -4.962
-1.20 -1.40 -4.175
-1.10 -1.40 -3.386
-1.00 -1.40 -2.655
-0.90 -1.40 -2.025
-0.80 -1.40 -1.519
-0.70 -1.40 -1.145
-0.60 -1.40 -0.894
-0.50 -1.40 -0.751
-0.40 -1.40 -0.697
-0.30 -1.40 -0.711
-0.20 -1.40 -0.772
-0.10 -1.40 -0.863
0.00 -1.40 -0.969
0.10 -1.40 -1.077
0.20 -1.40 -1.177
0.30 -1.40 -1.260
0.40 -1.40 -1.320
0.50 -1.40 -1.352
0.60 -1.40 -1.355
0.70 -1.40 -1.329
0.80 -1.40 -1.275
0.90 -1.40 -1.196
1.00 -1.40 -1.099
1.10 -1.40 -0.989
1.20 -1.40 -0.873
1.30 -1.40 -0.757
1.40 -1.40 -0.647
1.50 -1.40 -0.548
1.60 -1.40 -0.465
1.70 -1.40 -0.399
1.80 -1.40 -0.350
1.90 -1.40 -0.319
2.00 -1.40 -0.301
2.10 -1.40 -0.294
2.20 -1.40 -0.293
2.30 -1.40 -0.294
2.40 -1.40 -0.293
2.50 -1.40 -0.285
2.60 -1.40 -0.269
2.70 -1.40 -0.242
2.80 -1.40 -0.204
2.90 -1.40 -0.157
3.00 -1.40 -0.103

-3.00 -1.30 -0.113
-2.90 -1.30 -0.190
-2.80 -1.30 -0.350
-2.70 -1.30 -0.617
-2.60 -1.30 -1.010
-2.50 -1.30 -1.537
-2.40 -1.30 -2.195
-2.30 -1.30 -2.962
-2.20 -1.30 -3.796
-2.10 -1.30 -4.638
-2.00 -1.30 -5.414
-1.90 -1.30 -6.051
-1.80 -1.30 -6.482
-1.70 -1.30 -6.661
-1.60 -1.30 -6.570
-1.50 -1.30 -6.224
-1.40 -1.30 -5.665
-1.30 -1.30 -4.956
-1.20 -1.30 -4.172
-1.10 -1.30 -3.384
-1.00 -1.30 -2.654
-0.90 -1.30 -2.025
-0.80 -1.30 -1.524
-0.70 -1.30 -1.157
-0.60 -1.30 -0.920
-0.50 -1.30 -0.798
-0.40 -1.30 -0.771
-0.30 -1.30 -0.819
-0.20 -1.30 -0.918
-0.10 -1.30 -1.051
0.00 -1.30 -1.200
0.10 -1.30 -1.349
0.20 -1.30 -1.486
0.30 -1.30 -1.599
0.40 -1.30 -1.680
0.50 -1.30 -1.723
0.60 -1.30 -1.726
0.70 -1.30 -1.689
0.80 -1.30 -1.614
0.90 -1.30 -1.506
1.00 -1.30 -1.374
1.10 -1.30 -1.224
1.20 -1.30 -1.068
1.30 -1.30 -0.914
1.40 -1.30 -0.770
1.50 -1.30 -0.643
1.60 -1.30 -0.538
1.70 -1.30 -0.459
1.80 -1.30 -0.405
1.90 -1.30 -0.374
2.00 -1.30 -0.363
2.10 -1.30 -0.367
2.20 -1.30 -0.378
2.30 -1.30 -0.390
2.40 -1.30 -0.397
2.50 -1.30 -0.393
2.60 -1.30 -0.375
2.70 -1.30 -0.340
2.80 -1.30 -0.289
2.90 -1.30 -0.223
3.00 -1.30 -0.145

-3.00 -1.20 -0.075
-2.90 -1.20 -0.130
-2.80 -1.20 -0.267
-2.70 -1.20 -0.510
-2.60 -1.20 -0.877
-2.50 -1.20 -1.378
-2.40 -1.20 -2.009
-2.30 -1.20 -2.749
-2.20 -1.20 -3.555
-2.10 -1.20 -4.371
-2.00 -1.20 -5.126
-1.90 -1.20 -5.748
-1.80 -1.20 -6.174
-1.70 -1.20 -6.357
-1.60 -1.20 -6.282
-1.50 -1.20 -5.961
-1.40 -1.20 -5.435
-1.30 -1.20 -4.763
-1.20 -1.20 -4.018
-1.10 -1.20 -3.269
-1.00 -1.20 -2.575
-0.90 -1.20 -1.979
-0.80 -1.20 -1.509
-0.70 -1.20 -1.173
-0.60 -1.20 -0.967
-0.50 -1.20 -0.877
-0.40 -1.20 -0.884
-0.30 -1.20 -0.968
-0.20 -1.20 -1.107
-0.10 -1.20 -1.281
0.00 -1.20 -1.469
0.10 -1.20 -1.656
0.20 -1.20 -1.826
0.30 -1.20 -1.966
0.40 -1.20 -2.066
0.50 -1.20 -2.119
0.60 -1.20 -2.123
0.70 -1.20 -2.077
0.80 -1.20 -1.984
0.90 -1.20 -1.852
1.00 -1.20 -1.688
1.10 -1.20 -1.505
1.20 -1.20 -1.312
1.30 -1.20 -1.122
1.40 -1.20 -0.944
1.50 -1.20 -0.788
1.60 -1.20 -0.660
1.70 -1.20 -0.562
1.80 -1.20 -0.496
1.90 -1.20 -0.459
2.00 -1.20 -0.446
2.10 -1.20 -0.451
2.20 -1.20 -0.465
2.30 -1.20 -0.480
2.40 -1.20 -0.489
2.50 -1.20 -0.485
2.60 -1.20 -0.463
2.70 -1.20 -0.420
2.80 -1.20 -0.356
2.90 -1.20 -0.275
3.00 -1.20 -0.179

-3.00 -1.10 -0.043
-2.90 -1.10 -0.077
-2.80 -1.10 -0.189
-2.70 -1.10 -0.402
-2.60 -1.10 -0.733
-2.50 -1.10 -1.191
-2.40 -1.10 -1.771
-2.30 -1.10 -2.454
-2.20 -1.10 -3.202
-2.10 -1.10 -3.960
-2.00 -1.10 -4.664
-1.90 -1.10 -5.247
-1.80 -1.10 -5.649
-1.70 -1.10 -5.830
-1.60 -1.10 -5.773
-1.50 -1.10 -5.490
-1.40 -1.10 -5.017
-1.30 -1.10 -4.411
-1.20 -1.10 -3.737
-1.10 -1.10 -3.060
-1.00 -1.10 -2.434
-0.90 -1.10 -1.902
-0.80 -1.10 -1.489
-0.70 -1.10 -1.203
-0.60 -1.10 -1.043
-0.50 -1.10 -0.995
-0.40 -1.10 -1.043
-0.30 -1.10 -1.166
-0.20 -1.10 -1.344
-0.10 -1.10 -1.554
0.00 -1.10 -1.778
0.10 -1.10 -1.997
0.20 -1.10 -2.195
0.30 -1.10 -2.357
0.40 -1.10 -2.474
0.50 -1.10 -2.537
0.60 -1.10 -2.542
0.70 -1.10 -2.490
0.80 -1.10 -2.385
0.90 -1.10 -2.233
1.00 -1.10 -2.044
1.10 -1.10 -1.832
1.20 -1.10 -1.608
1.30 -1.10 -1.386
1.40 -1.10 -1.177
1.50 -1.10 -0.992
1.60 -1.10 -0.836
1.70 -1.10 -0.715
1.80 -1.10 -0.630
1.90 -1.10 -0.577
2.00 -1.10 -0.551
2.10 -1.10 -0.546
2.20 -1.10 -0.553
2.30 -1.10 -0.562
2.40 -1.10 -0.565
2.50 -1.10 -0.555
2.60 -1.10 -0.526
2.70 -1.10 -0.475
2.80 -1.10 -0.402
2.90 -1.10 -0.310
3.00 -1.10 -0.203

-3.00 -1.00 -0.019
-2.90 -1.00 -0.036
-2.80 -1.00 -0.126
-2.70 -1.00 -0.306
-2.60 -1.00 -0.592
-2.50 -1.00 -0.994
-2.40 -1.00 -1.506
-2.30 -1.00 -2.111
-2.20 -1.00 -2.775
-2.10 -1.00 -3.449
-2.00 -1.00 -4.078
-1.90 -1.00 -4.601
-1.80 -1.00 -4.967
-1.70 -1.00 -5.138
-1.60 -1.00 -5.100
-1.50 -1.00 -4.864
-1.40 -1.00 -4.461
-1.30 -1.00 -3.943
-1.20 -1.00 -3.365
-1.10 -1.00 -2.786
-1.00 -1.00 -2.256
-0.90 -1.00 -1.812
-0.80 -1.00 -1.477
-0.70 -1.00 -1.259
-0.60 -1.00 -1.157
-0.50 -1.00 -1.160
-0.40 -1.00 -1.253
-0.30 -1.00 -1.416
-0.20 -1.00 -1.629
-0.10 -1.00 -1.872
0.00 -1.00 -2.126
0.10 -1.00 -2.371
0.20 -1.00 -2.591
0.30 -1.00 -2.772
0.40 -1.00 -2.902
0.50 -1.00 -2.973
0.60 -1.00 -2.981
0.70 -1.00 -2.926
0.80 -1.00 -2.813
0.90 -1.00 -2.647
1.00 -1.00 -2.441
1.10 -1.00 -2.207
1.20 -1.00 -1.958
1.30 -1.00 -1.708
1.40 -1.00 -1.470
1.50 -1.00 -1.255
1.60 -1.00 -1.070
1.70 -1.00 -0.920
1.80 -1.00 -0.807
1.90 -1.00 -0.729
2.00 -1.00 -0.680
2.10 -1.00 -0.654
2.20 -1.00 -0.642
2.30 -1.00 -0.635
2.40 -1.00 -0.624
2.50 -1.00 -0.602
2.60 -1.00 -0.563
2.70 -1.00 -0.504
2.80 -1.00 -0.424
2.90 -1.00 -0.327
3.00 -1.00 -0.215

-3.00 -0.90 -0.005
-2.90 -0.90 -0.013
-2.80 -0.90 -0.082
-2.70 -0.90 -0.230
-2.60 -0.90 -0.469
-2.50 -0.90 -0.807
-2.40 -0.90 -1.240
-2.30 -0.90 -1.752
-2.20 -0.90 -2.316
-2.10 -0.90 -2.890
-2.00 -0.90 -3.427
-1.90 -0.90 -3.877
-1.80 -0.90 -4.194
-1.70 -0.90 -4.350
-1.60 -0.90 -4.332
-1.50 -0.90 -4.147
-1.40 -0.90 -3.826
-1.30 -0.90 -3.408
-1.20 -0.90 -2.944
-1.10 -0.90 -2.483
-1.00 -0.90 -2.067
-0.90 -0.90 -1.728
-0.80 -0.90 -1.486
-0.70 -0.90 -1.349
-0.60 -0.90 -1.315
-0.50 -0.90 -1.375
-0.40 -0.90 -1.515
-0.30 -0.90 -1.717
-0.20 -0.90 -1.963
-0.10 -0.90 -2.234
0.00 -0.90 -2.511
0.10 -0.90 -2.777
0.20 -0.90 -3.014
0.30 -0.90 -3.208
0.40 -0.90 -3.348
0.50 -0.90 -3.426
0.60 -0.90 -3.438
0.70 -0.90 -3.383
0.80 -0.90 -3.266
0.90 -0.90 -3.094
1.00 -0.90 -2.877
1.10 -0.90 -2.627
1.20 -0.90 -2.359
1.30 -0.90 -2.087
1.40 -0.90 -1.822
1.50 -0.90 -1.577
1.60 -0.90 -1.360
1.70 -0.90 -1.176
1.80 -0.90 -1.028
1.90 -0.90 -0.914
2.00 -0.90 -0.831
2.10 -0.90 -0.772
2.20 -0.90 -0.730
2.30 -0.90 -0.697
2.40 -0.90 -0.664
2.50 -0.90 -0.625
2.60 -0.90 -0.573
2.70 -0.90 -0.506
2.80 -0.90 -0.422
2.90 -0.90 -0.324
3.00 -0.90 -0.216

-3.00 -0.80 -0.002
-2.90 -0.80 -0.008
-2.80 -0.80 -0.063
-2.70 -0.80 -0.182
-2.60 -0.80 -0.374
-2.50 -0.80 -0.647
-2.40 -0.80 -0.996
-2.30 -0.80 -1.410
-2.20 -0.80 -1.866
-2.10 -0.80 -2.332
-2.00 -0.80 -2.768
-1.90 -0.80 -3.136
-1.80 -0.80 -3.401
-1.70 -0.80 -3.537
-1.60 -0.80 -3.536
-1.50 -0.80 -3.405
-1.40 -0.80 -3.168
-1.30 -0.80 -2.858
-1.20 -0.80 -2.516
-1.10 -0.80 -2.182
-1.00 -0.80 -1.890
-0.90 -0.80 -1.666
-0.80 -0.80 -1.527
-0.70 -0.80 -1.478
-0.60 -0.80 -1.518
-0.50 -0.80 -1.638
-0.40 -0.80 -1.826
-0.30 -0.80 -2.066
-0.20 -0.80 -2.342
-0.10 -0.80 -2.636
0.00 -0.80 -2.932
0.10 -0.80 -3.211
0.20 -0.80 -3.459
0.30 -0.80 -3.662
0.40 -0.80 -3.810
0.50 -0.80 -3.894
0.60 -0.80 -3.911
0.70 -0.80 -3.859
0.80 -0.80 -3.743
0.90 -0.80 -3.569
1.00 -0.80 -3.347
1.10 -0.80 -3.089
1.20 -0.80 -2.808
1.30 -0.80 -2.516
1.40 -0.80 -2.228
1.50 -0.80 -1.953
1.60 -0.80 -1.701
1.70 -0.80 -1.479
1.80 -0.80 -1.288
1.90 -0.80 -1.130
2.00 -0.80 -1.003
2.10 -0.80 -0.901
2.20 -0.80 -0.819
2.30 -0.80 -0.750
2.40 -0.80 -0.688
2.50 -0.80 -0.625
2.60 -0.80 -0.558
2.70 -0.80 -0.483
2.80 -0.80 -0.398
2.90 -0.80 -0.305
3.00 -0.80 -0.206

-3.00 -0.70 -0.012
-2.90 -0.70 -0.022
-2.80 -0.70 -0.069
-2.70 -0.70 -0.163
-2.60 -0.70 -0.313
-2.50 -0.70 -0.523
-2.40 -0.70 -0.791
-2.30 -0.70 -1.107
-2.20 -0.70 -1.456
-2.10 -0.70 -1.813
-2.00 -0.70 -2.149
-1.90 -0.70 -2.434
-1.80 -0.70 -2.643
-1.70 -0.70 -2.758
-1.60 -0.70 -2.772
-1.50 -0.70 -2.693
-1.40 -0.70 -2.538
-1.30 -0.70 -2.335
-1.20 -0.70 -2.115
-1.10 -0.70 -1.909
-1.00 -0.70 -1.744
-0.90 -0.70 -1.638
-0.80 -0.70 -1.604
-0.70 -0.70 -1.647
-0.60 -0.70 -1.763
-0.50 -0.70 -1.944
-0.40 -0.70 -2.180
-0.30 -0.70 -2.457
-0.20 -0.70 -2.759
-0.10 -0.70 -3.073
0.00 -0.70 -3.381
0.10 -0.70 -3.670
0.20 -0.70 -3.924
0.30 -0.70 -4.133
0.40 -0.70 -4.286
0.50 -0.70 -4.375
0.60 -0.70 -4.397
0.70 -0.70 -4.351
0.80 -0.70 -4.240
0.90 -0.70 -4.069
1.00 -0.70 -3.848
1.10 -0.70 -3.586
1.20 -0.70 -3.295
1.30 -0.70 -2.989
1.40 -0.70 -2.678
1.50 -0.70 -2.374
1.60 -0.70 -2.085
1.70 -0.70 -1.820
1.80 -0.70 -1.581
1.90 -0.70 -1.372
2.00 -0.70 -1.192
2.10 -0.70 -1.038
2.20 -0.70 -0.908
2.30 -0.70 -0.796
2.40 -0.70 -0.698
2.50 -0.70 -0.608
2.60 -0.70 -0.523
2.70 -0.70 -0.440
2.80 -0.70 -0.356
2.90 -0.70 -0.272
3.00 -0.70 -0.188

-3.00 -0.60 -0.030
-2.90 -0.60 -0.051
-2.80 -0.60 -0.096
-2.70 -0.60 -0.173
-2.60 -0.60 -0.286
-2.50 -0.60 -0.440
-2.40 -0.60 -0.633
-2.30 -0.60 -0.859
-2.20 -0.60 -1.107
-2.10 -0.60 -1.362
-2.00 -0.60 -1.602
-1.90 -0.60 -1.809
-1.80 -0.60 -1.965
-1.70 -0.60 -2.057
-1.60 -0.60 -2.085
-1.50 -0.60 -2.052
-1.40 -0.60 -1.974
-1.30 -0.60 -1.872
-1.20 -0.60 -1.767
-1.10 -0.60 -1.684
-1.00 -0.60 -1.640
-0.90 -0.60 -1.649
-0.80 -0.60 -1.719
-0.70 -0.60 -1.851
-0.60 -0.60 -2.042
-0.50 -0.60 -2.284
-0.40 -0.60 -2.566
-0.30 -0.60 -2.877
-0.20 -0.60 -3.204
-0.10 -0.60 -3.534
0.00 -0.60 -3.852
0.10 -0.60 -4.147
0.20 -0.60 -4.405
0.30 -0.60 -4.617
0.40 -0.60 -4.773
0.50 -0.60 -4.867
0.60 -0.60 -4.895
0.70 -0.60 -4.856
0.80 -0.60 -4.752
0.90 -0.60 -4.588
1.00 -0.60 -4.370
1.10 -0.60 -4.108
1.20 -0.60 -3.812
1.30 -0.60 -3.492
1.40 -0.60 -3.160
1.50 -0.60 -2.826
1.60 -0.60 -2.499
1.70 -0.60 -2.188
1.80 -0.60 -1.897
1.90 -0.60 -1.631
2.00 -0.60 -1.393
2.10 -0.60 -1.182
2.20 -0.60 -0.997
2.30 -0.60 -0.837
2.40 -0.60 -0.699
2.50 -0.60 -0.579
2.60 -0.60 -0.475
2.70 -0.60 -0.383
2.80 -0.60 -0.302
2.90 -0.60 -0.229
3.00 -0.60 -0.164

-3.00 -0.50 -0.056
-2.90 -0.50 -0.091
-2.80 -0.50 -0.139
-2.70 -0.50 -0.204
-2.60 -0.50 -0.288
-2.50 -0.50 -0.394
-2.40 -0.50 -0.522
-2.30 -0.50 -0.669
-2.20 -0.50 -0.828
-2.10 -0.50 -0.991
-2.00 -0.50 -1.147
-1.90 -0.50 -1.283
-1.80 -0.50 -1.390
-1.70 -0.50 -1.462
-1.60 -0.50 -1.500
-1.50 -0.50 -1.508
-1.40 -0.50 -1.498
-1.30 -0.50 -1.485
-1.20 -0.50 -1.485
-1.10 -0.50 -1.513
-1.00 -0.50 -1.582
-0.90 -0.50 -1.698
-0.80 -0.50 -1.865
-0.70 -0.50 -2.082
-0.60 -0.50 -2.344
-0.50 -0.50 -2.643
-0.40 -0.50 -2.971
-0.30 -0.50 -3.315
-0.20 -0.50 -3.665
-0.10 -0.50 -4.009
0.00 -0.50 -4.336
0.10 -0.50 -4.635
0.20 -0.50 -4.895
0.30 -0.50 -5.109
0.40 -0.50 -5.268
0.50 -0.50 -5.366
0.60 -0.50 -5.401
0.70 -0.50 -5.370
0.80 -0.50 -5.274
0.90 -0.50 -5.117
1.00 -0.50 -4.905
1.10 -0.50 -4.644
1.20 -0.50 -4.343
1.30 -0.50 -4.011
1.40 -0.50 -3.658
1.50 -0.50 -3.294
1.60 -0.50 -2.928
1.70 -0.50 -2.569
1.80 -0.50 -2.225
1.90 -0.50 -1.900
2.00 -0.50 -1.600
2.10 -0.50 -1.329
2.20 -0.50 -1.088
2.30 -0.50 -0.877
2.40 -0.50 -0.696
2.50 -0.50 -0.545
2.60 -0.50 -0.421
2.70 -0.50 -0.321
2.80 -0.50 -0.242
2.90 -0.50 -0.182
3.00 -0.50 -0.138

-3.00 -0.40 -0.084
-2.90 -0.40 -0.136
-2.80 -0.40 -0.191
-2.70 -0.40 -0.249
-2.60 -0.40 -0.311
-2.50 -0.40 -0.378
-2.40 -0.40 -0.453
-2.30 -0.40 -0.533
-2.20 -0.40 -0.618
-2.10 -0.40 -0.704
-2.00 -0.40 -0.788
-1.90 -0.40 -0.864
-1.80 -0.40 -0.929
-1.70 -0.40 -0.983
-1.60 -0.40 -1.029
-1.50 -0.40 -1.071
-1.40 -0.40 -1.119
-1.30 -0.40 -1.183
-1.20 -0.40 -1.274
-1.10 -0.40 -1.399
-1.00 -0.40 -1.566
-0.90 -0.40 -1.777
-0.80 -0.40 -2.032
-0.70 -0.40 -2.327
-0.60 -0.40 -2.655
-0.50 -0.40 -3.008
-0.40 -0.40 -3.377
-0.30 -0.40 -3.753
-0.20 -0.40 -4.125
-0.10 -0.40 -4.484
0.00 -0.40 -4.820
0.10 -0.40 -5.124
0.20 -0.40 -5.388
0.30 -0.40 -5.604
0.40 -0.40 -5.766
0.50 -0.40 -5.869
0.60 -0.40 -5.909
0.70 -0.40 -5.886
0.80 -0.40 -5.798
0.90 -0.40 -5.649
1.00 -0.40 -5.441
1.10 -0.40 -5.180
1.20 -0.40 -4.873
1.30 -0.40 -4.529
1.40 -0.40 -4.154
1.50 -0.40 -3.760
1.60 -0.40 -3.356
1.70 -0.40 -2.949
1.80 -0.40 -2.551
1.90 -0.40 -2.168
2.00 -0.40 -1.808
2.10 -0.40 -1.476
2.20 -0.40 -1.179
2.30 -0.40 -0.918
2.40 -0.40 -0.696
2.50 -0.40 -0.513
2.60 -0.40 -0.369
2.70 -0.40 -0.260
2.80 -0.40 -0.185
2.90 -0.40 -0.137
3.00 -0.40 -0.113

-3.00 -0.30 -0.111
-2.90 -0.30 -0.180
-2.80 -0.30 -0.242
-2.70 -0.30 -0.297
-2.60 -0.30 -0.343
-2.50 -0.30 -0.381
-2.40 -0.30 -0.413
-2.30 -0.30 -0.442
-2.20 -0.30 -0.468
-2.10 -0.30 -0.493
-2.00 -0.30 -0.519
-1.90 -0.30 -0.547
-1.80 -0.30 -0.579
-1.70 -0.30 -0.619
-1.60 -0.30 -0.672
-1.50 -0.30 -0.742
-1.40 -0.30 -0.837
-1.30 -0.30 -0.964
-1.20 -0.30 -1.129
-1.10 -0.30 -1.335
-1.00 -0.30 -1.585
-0.90 -0.30 -1.877
-0.80 -0.30 -2.208
-0.70 -0.30 -2.570
-0.60 -0.30 -2.957
-0.50 -0.30 -3.360
-0.40 -0.30 -3.769
-0.30 -0.30 -4.176
-0.20 -0.30 -4.571
-0.10 -0.30 -4.946
0.00 -0.30 -5.293
0.10 -0.30 -5.604
0.20 -0.30 -5.873
0.30 -0.30 -6.093
0.40 -0.30 -6.260
0.50 -0.30 -6.368
0.60 -0.30 -6.414
0.70 -0.30 -6.397
0.80 -0.30 -6.315
0.90 -0.30 -6.170
1.00 -0.30 -5.965
1.10 -0.30 -5.702
1.20 -0.30 -5.387
1.30 -0.30 -5.028
1.40 -0.30 -4.631
1.50 -0.30 -4.206
1.60 -0.30 -3.763
1.70 -0.30 -3.312
1.80 -0.30 -2.862
1.90 -0.30 -2.424
2.00 -0.30 -2.007
2.10 -0.30 -1.620
2.20 -0.30 -1.270
2.30 -0.30 -0.963
2.40 -0.30 -0.702
2.50 -0.30 -0.490
2.60 -0.30 -0.327
2.70 -0.30 -0.210
2.80 -0.30 -0.136
2.90 -0.30 -0.099
3.00 -0.30 -0.091

-3.00 -0.20 -0.134
-2.90 -0.20 -0.215
-2.80 -0.20 -0.285
-2.70 -0.20 -0.338
-2.60 -0.20 -0.373
-2.50 -0.20 -0.390
-2.40 -0.20 -0.392
-2.30 -0.20 -0.382
-2.20 -0.20 -0.365
-2.10 -0.20 -0.345
-2.00 -0.20 -0.329
-1.90 -0.20 -0.322
-1.80 -0.20 -0.331
-1.70 -0.20 -0.361
-1.60 -0.20 -0.419
-1.50 -0.20 -0.511
-1.40 -0.20 -0.643
-1.30 -0.20 -0.819
-1.20 -0.20 -1.042
-1.10 -0.20 -1.313
-1.00 -0.20 -1.629
-0.90 -0.20 -1.986
-0.80 -0.20 -2.378
-0.70 -0.20 -2.798
-0.60 -0.20 -3.236
-0.50 -0.20 -3.682
-0.40 -0.20 -4.128
-0.30 -0.20 -4.565
-0.20 -0.20 -4.985
-0.10 -0.20 -5.378
0.00 -0.20 -5.740
0.10 -0.20 -6.062
0.20 -0.20 -6.340
0.30 -0.20 -6.567
0.40 -0.20 -6.740
0.50 -0.20 -6.854
0.60 -0.20 -6.905
0.70 -0.20 -6.893
0.80 -0.20 -6.814
0.90 -0.20 -6.670
1.00 -0.20 -6.462
1.10 -0.20 -6.193
1.20 -0.20 -5.866
1.30 -0.20 -5.490
1.40 -0.20 -5.069
1.50 -0.20 -4.614
1.60 -0.20 -4.134
1.70 -0.20 -3.641
1.80 -0.20 -3.145
1.90 -0.20 -2.658
2.00 -0.20 -2.192
2.10 -0.20 -1.756
2.20 -0.20 -1.361
2.30 -0.20 -1.013
2.40 -0.20 -0.719
2.50 -0.20 -0.482
2.60 -0.20 -0.301
2.70 -0.20 -0.176
2.80 -0.20 -0.102
2.90 -0.20 -0.072
3.00 -0.20 -0.077

-3.00 -0.10 -0.148
-2.90 -0.10 -0.238
-2.80 -0.10 -0.311
-2.70 -0.10 -0.363
-2.60 -0.10 -0.390
-2.50 -0.10 -0.394
-2.40 -0.10 -0.376
-2.30 -0.10 -0.341
-2.20 -0.10 -0.296
-2.10 -0.10 -0.247
-2.00 -0.10 -0.204
-1.90 -0.10 -0.175
-1.80 -0.10 -0.169
-1.70 -0.10 -0.194
-1.60 -0.10 -0.258
-1.50 -0.10 -0.366
-1.40 -0.10 -0.525
-1.30 -0.10 -0.737
-1.20 -0.10 -1.002
-1.10 -0.10 -1.320
-1.00 -0.10 -1.684
-0.90 -0.10 -2.091
-0.80 -0.10 -2.531
-0.70 -0.10 -2.996
-0.60 -0.10 -3.475
-0.50 -0.10 -3.960
-0.40 -0.10 -4.440
-0.30 -0.10 -4.906
-0.20 -0.10 -5.351
-0.10 -0.10 -5.768
0.00 -0.10 -6.148
0.10 -0.10 -6.486
0.20 -0.10 -6.777
0.30 -0.10 -7.015
0.40 -0.10 -7.196
0.50 -0.10 -7.317
0.60 -0.10 -7.372
0.70 -0.10 -7.362
0.80 -0.10 -7.282
0.90 -0.10 -7.134
1.00 -0.10 -6.918
1.10 -0.10 -6.637
1.20 -0.10 -6.295
1.30 -0.10 -5.897
1.40 -0.10 -5.452
1.50 -0.10 -4.967
1.60 -0.10 -4.454
1.70 -0.10 -3.923
1.80 -0.10 -3.388
1.90 -0.10 -2.861
2.00 -0.10 -2.355
2.10 -0.10 -1.881
2.20 -0.10 -1.450
2.30 -0.10 -1.071
2.40 -0.10 -0.751
2.50 -0.10 -0.493
2.60 -0.10 -0.298
2.70 -0.10 -0.165
2.80 -0.10 -0.088
2.90 -0.10 -0.060
3.00 -0.10 -0.073

-3.00 0.00 -0.151
-2.90 0.00 -0.243
-2.80 0.00 -0.317
-2.70 0.00 -0.366
-2.60 0.00 -0.389
-2.50 0.00 -0.384
-2.40 0.00 -0.356
-2.30 0.00 -0.308
-2.20 0.00 -0.248
-2.10 0.00 -0.185
-2.00 0.00 -0.129
-1.90 0.00 -0.090
-1.80 0.00 -0.078
-1.70 0.00 -0.103
-1.60 0.00 -0.173
-1.50 0.00 -0.294
-1.40 0.00 -0.471
-1.30 0.00 -0.706
-1.20 0.00 -0.998
-1.10 0.00 -1.345
-1.00 0.00 -1.742
-0.90 0.00 -2.181
-0.80 0.00 -2.654
-0.70 0.00 -3.152
-0.60 0.00 -3.663
-0.50 0.00 -4.179
-0.40 0.00 -4.690
-0.30 0.00 -5.185
-0.20 0.00 -5.658
-0.10 0.00 -6.099
0.00 0.00 -6.503
0.10 0.00 -6.862
0.20 0.00 -7.171
0.30 0.00 -7.424
0.40 0.00 -7.616
0.50 0.00 -7.744
0.60 0.00 -7.803
0.70 0.00 -7.791
0.80 0.00 -7.706
0.90 0.00 -7.549
1.00 0.00 -7.319
1.10 0.00 -7.021
1.20 0.00 -6.658
1.30 0.00 -6.236
1.40 0.00 -5.764
1.50 0.00 -5.251
1.60 0.00 -4.708
1.70 0.00 -4.147
1.80 0.00 -3.581
1.90 0.00 -3.025
2.00 0.00 -2.490
2.10 0.00 -1.990
2.20 0.00 -1.535
2.30 0.00 -1.135
2.40 0.00 -0.797
2.50 0.00 -0.525
2.60 0.00 -0.319
2.70 0.00 -0.178
2.80 0.00 -0.096
2.90 0.00 -0.066
3.00 0.00 -0.078

-3.00 0.10 -0.143
-2.90 0.10 -0.230
-2.80 0.10 -0.298
-2.70 0.10 -0.343
-2.60 0.10 -0.362
-2.50 0.10 -0.355
-2.40 0.10 -0.323
-2.30 0.10 -0.273
-2.20 0.10 -0.211
-2.10 0.10 -0.147
-2.00 0.10 -0.091
-1.90 0.10 -0.054
-1.80 0.10 -0.045
-1.70 0.10 -0.074
-1.60 0.10 -0.151
-1.50 0.10 -0.280
-1.40 0.10 -0.467
-1.30 0.10 -0.714
-1.20 0.10 -1.019
-1.10 0.10 -1.380
-1.00 0.10 -1.792
-0.90 0.10 -2.248
-0.80 0.10 -2.739
-0.70 0.10 -3.257
-0.60 0.10 -3.791
-0.50 0.10 -4.331
-0.40 0.10 -4.868
-0.30 0.10 -5.391
-0.20 0.10 -5.892
-0.10 0.10 -6.363
0.00 0.10 -6.794
0.10 0.10 -7.178
0.20 0.10 -7.509
0.30 0.10 -7.780
0.40 0.10 -7.986
0.50 0.10 -8.121
0.60 0.10 -8.182
0.70 0.10 -8.166
0.80 0.10 -8.072
0.90 0.10 -7.899
1.00 0.10 -7.651
1.10 0.10 -7.330
1.20 0.10 -6.942
1.30 0.10 -6.493
1.40 0.10 -5.994
1.50 0.10 -5.455
1.60 0.10 -4.887
1.70 0.10 -4.303
1.80 0.10 -3.717
1.90 0.10 -3.143
2.00 0.10 -2.593
2.10 0.10 -2.079
2.20 0.10 -1.614
2.30 0.10 -1.204
2.40 0.10 -0.858
2.50 0.10 -0.577
2.60 0.10 -0.364
2.70 0.10 -0.216
2.80 0.10 -0.127
2.90 0.10 -0.090
3.00 0.10 -0.095

-3.00 0.20 -0.123
-2.90 0.20 -0.198
-2.80 0.20 -0.257
-2.70 0.20 -0.295
-2.60 0.20 -0.311
-2.50 0.20 -0.303
-2.40 0.20 -0.276
-2.30 0.20 -0.232
-2.20 0.20 -0.179
-2.10 0.20 -0.125
-2.00 0.20 -0.080
-1.90 0.20 -0.053
-1.80 0.20 -0.055
-1.70 0.20 -0.093
-1.60 0.20 -0.177
-1.50 0.20 -0.311
-1.40 0.20 -0.501
-1.30 0.20 -0.749
-1.20 0.20 -1.054
-1.10 0.20 -1.415
-1.00 0.20 -1.828
-0.90 0.20 -2.285
-0.80 0.20 -2.781
-0.70 0.20 -3.307
-0.60 0.20 -3.854
-0.50 0.20 -4.411
-0.40 0.20 -4.969
-0.30 0.20 -5.518
-0.20 0.20 -6.047
-0.10 0.20 -6.548
0.00 0.20 -7.009
0.10 0.20 -7.423
0.20 0.20 -7.779
0.30 0.20 -8.071
0.40 0.20 -8.292
0.50 0.20 -8.435
0.60 0.20 -8.496
0.70 0.20 -8.474
0.80 0.20 -8.366
0.90 0.20 -8.174
1.00 0.20 -7.902
1.10 0.20 -7.554
1.20 0.20 -7.137
1.30 0.20 -6.661
1.40 0.20 -6.136
1.50 0.20 -5.573
1.60 0.20 -4.986
1.70 0.20 -4.388
1.80 0.20 -3.792
1.90 0.20 -3.212
2.00 0.20 -2.659
2.10 0.20 -2.146
2.20 0.20 -1.682
2.30 0.20 -1.275
2.40 0.20 -0.929
2.50 0.20 -0.648
2.60 0.20 -0.432
2.70 0.20 -0.277
2.80 0.20 -0.179
2.90 0.20 -0.130
3.00 0.20 -0.121

-3.00 0.30 -0.093
-2.90 0.30 -0.150
-2.80 0.30 -0.194
-2.70 0.30 -0.224
-2.60 0.30 -0.236
-2.50 0.30 -0.232
-2.40 0.30 -0.212
-2.30 0.30 -0.182
-2.20 0.30 -0.147
-2.10 0.30 -0.112
-2.00 0.30 -0.087
-1.90 0.30 -0.079
-1.80 0.30 -0.096
-1.70 0.30 -0.146
-1.60 0.30 -0.237
-1.50 0.30 -0.374
-1.40 0.30 -0.561
-1.30 0.30 -0.802
-1.20 0.30 -1.096
-1.10 0.30 -1.445
-1.00 0.30 -1.844
-0.90 0.30 -2.290
-0.80 0.30 -2.778
-0.70 0.30 -3.301
-0.60 0.30 -3.850
-0.50 0.30 -4.417
-0.40 0.30 -4.991
-0.30 0.30 -5.562
-0.20 0.30 -6.118
-0.10 0.30 -6.649
0.00 0.30 -7.142
0.10 0.30 -7.586
0.20 0.30 -7.970
0.30 0.30 -8.284
0.40 0.30 -8.520
0.50 0.30 -8.671
0.60 0.30 -8.732
0.70 0.30 -8.700
0.80 0.30 -8.576
0.90 0.30 -8.362
1.00 0.30 -8.062
1.10 0.30 -7.684
1.20 0.30 -7.238
1.30 0.30 -6.734
1.40 0.30 -6.185
1.50 0.30 -5.604
1.60 0.30 -5.004
1.70 0.30 -4.400
1.80 0.30 -3.804
1.90 0.30 -3.230
2.00 0.30 -2.688
2.10 0.30 -2.188
2.20 0.30 -1.738
2.30 0.30 -1.343
2.40 0.30 -1.008
2.50 0.30 -0.733
2.60 0.30 -0.517
2.70 0.30 -0.357
2.80 0.30 -0.248
2.90 0.30 -0.184
3.00 0.30 -0.155

-3.00 0.40 -0.055
-2.90 0.40 -0.089
-2.80 0.40 -0.116
-2.70 0.40 -0.134
-2.60 0.40 -0.144
-2.50 0.40 -0.144
-2.40 0.40 -0.137
-2.30 0.40 -0.125
-2.20 0.40 -0.113
-2.10 0.40 -0.104
-2.00 0.40 -0.105
-1.90 0.40 -0.120
-1.80 0.40 -0.158
-1.70 0.40 -0.222
-1.60 0.40 -0.320
-1.50 0.40 -0.457
-1.40 0.40 -0.637
-1.30 0.40 -0.863
-1.20 0.40 -1.138
-1.10 0.40 -1.463
-1.00 0.40 -1.839
-0.90 0.40 -2.263
-0.80 0.40 -2.731
-0.70 0.40 -3.241
-0.60 0.40 -3.784
-0.50 0.40 -4.352
-0.40 0.40 -4.936
-0.30 0.40 -5.524
-0.20 0.40 -6.105
-0.10 0.40 -6.663
0.00 0.40 -7.187
0.10 0.40 -7.661
0.20 0.40 -8.072
0.30 0.40 -8.408
0.40 0.40 -8.660
0.50 0.40 -8.817
0.60 0.40 -8.876
0.70 0.40 -8.834
0.80 0.40 -8.692
0.90 0.40 -8.454
1.00 0.40 -8.126
1.10 0.40 -7.718
1.20 0.40 -7.243
1.30 0.40 -6.713
1.40 0.40 -6.143
1.50 0.40 -5.549
1.60 0.40 -4.944
1.70 0.40 -4.342
1.80 0.40 -3.757
1.90 0.40 -3.200
2.00 0.40 -2.679
2.10 0.40 -2.203
2.20 0.40 -1.778
2.30 0.40 -1.405
2.40 0.40 -1.087
2.50 0.40 -0.824
2.60 0.40 -0.612
2.70 0.40 -0.449
2.80 0.40 -0.329
2.90 0.40 -0.246
3.00 0.40 -0.194

-3.00 0.50 -0.013
-2.90 0.50 -0.021
-2.80 0.50 -0.028
-2.70 0.50 -0.035
-2.60 0.50 -0.041
-2.50 0.50 -0.047
-2.40 0.50 -0.054
-2.30 0.50 -0.063
-2.20 0.50 -0.077
-2.10 0.50 -0.098
-2.00 0.50 -0.128
-1.90 0.50 -0.171
-1.80 0.50 -0.230
-1.70 0.50 -0.310
-1.60 0.50 -0.414
-1.50 0.50 -0.548
-1.40 0.50 -0.717
-1.30 0.50 -0.923
-1.20 0.50 -1.172
-1.10 0.50 -1.468
-1.00 0.50 -1.811
-0.90 0.50 -2.204
-0.80 0.50 -2.645
-0.70 0.50 -3.132
-0.60 0.50 -3.661
-0.50 0.50 -4.223
-0.40 0.50 -4.811
-0.30 0.50 -5.410
-0.20 0.50 -6.009
-0.10 0.50 -6.592
0.00 0.50 -7.142
0.10 0.50 -7.643
0.20 0.50 -8.079
0.30 0.50 -8.435
0.40 0.50 -8.700
0.50 0.50 -8.864
0.60 0.50 -8.920
0.70 0.50 -8.867
0.80 0.50 -8.706
0.90 0.50 -8.444
1.00 0.50 -8.089
1.10 0.50 -7.654
1.20 0.50 -7.153
1.30 0.50 -6.602
1.40 0.50 -6.017
1.50 0.50 -5.415
1.60 0.50 -4.812
1.70 0.50 -4.221
1.80 0.50 -3.655
1.90 0.50 -3.124
2.00 0.50 -2.634
2.10 0.50 -2.191
2.20 0.50 -1.798
2.30 0.50 -1.455
2.40 0.50 -1.161
2.50 0.50 -0.914
2.60 0.50 -0.709
2.70 0.50 -0.544
2.80 0.50 -0.413
2.90 0.50 -0.311
3.00 0.50 -0.234

-3.00 0.60 0.030
-2.90 0.60 0.048
-2.80 0.60 0.061
-2.70 0.60 0.067
-2.60 0.60 0.064
-2.50 0.60 0.052
-2.40 0.60 0.031
-2.30 0.60 -0.001
-2.20 0.60 -0.042
-2.10 0.60 -0.092
-2.00 0.60 -0.152
-1.90 0.60 -0.222
-1.80 0.60 -0.303
-1.70 0.60 -0.398
-1.60 0.60 -0.508
-1.50 0.60 -0.637
-1.40 0.60 -0.792
-1.30 0.60 -0.976
-1.20 0.60 -1.195
-1.10 0.60 -1.456
-1.00 0.60 -1.762
-0.90 0.60 -2.118
-0.80 0.60 -2.525
-0.70 0.60 -2.984
-0.60 0.60 -3.492
-0.50 0.60 -4.041
-0.40 0.60 -4.624
-0.30 0.60 -5.229
-0.20 0.60 -5.839
-0.10 0.60 -6.439
0.00 0.60 -7.009
0.10 0.60 -7.532
0.20 0.60 -7.987
0.30 0.60 -8.360
0.40 0.60 -8.635
0.50 0.60 -8.802
0.60 0.60 -8.855
0.70 0.60 -8.792
0.80 0.60 -8.615
0.90 0.60 -8.332
1.00 0.60 -7.954
1.10 0.60 -7.495
1.20 0.60 -6.974
1.30 0.60 -6.408
1.40 0.60 -5.815
1.50 0.60 -5.213
1.60 0.60 -4.619
1.70 0.60 -4.047
1.80 0.60 -3.507
1.90 0.60 -3.009
2.00 0.60 -2.556
2.10 0.60 -2.152
2.20 0.60 -1.797
2.30 0.60 -1.488
2.40 0.60 -1.222
2.50 0.60 -0.994
2.60 0.60 -0.800
2.70 0.60 -0.635
2.80 0.60 -0.494
2.90 0.60 -0.374
3.00 0.60 -0.273

-3.00 0.70 0.070
-2.90 0.70 0.113
-2.80 0.70 0.145
-2.70 0.70 0.162
-2.60 0.70 0.162
-2.50 0.70 0.145
-2.40 0.70 0.109
-2.30 0.70 0.057
-2.20 0.70 -0.009
-2.10 0.70 -0.087
-2.00 0.70 -0.175
-1.90 0.70 -0.269
-1.80 0.70 -0.370
-1.70 0.70 -0.476
-1.60 0.70 -0.590
-1.50 0.70 -0.714
-1.40 0.70 -0.853
-1.30 0.70 -1.013
-1.20 0.70 -1.202
-1.10 0.70 -1.426
-1.00 0.70 -1.693
-0.90 0.70 -2.010
-0.80 0.70 -2.380
-0.70 0.70 -2.806
-0.60 0.70 -3.287
-0.50 0.70 -3.818
-0.40 0.70 -4.389
-0.30 0.70 -4.990
-0.20 0.70 -5.603
-0.10 0.70 -6.211
0.00 0.70 -6.794
0.10 0.70 -7.329
0.20 0.70 -7.798
0.30 0.70 -8.181
0.40 0.70 -8.462
0.50 0.70 -8.631
0.60 0.70 -8.680
0.70 0.70 -8.607
0.80 0.70 -8.417
0.90 0.70 -8.118
1.00 0.70 -7.723
1.10 0.70 -7.249
1.20 0.70 -6.715
1.30 0.70 -6.142
1.40 0.70 -5.549
1.50 0.70 -4.955
1.60 0.70 -4.378
1.70 0.70 -3.830
1.80 0.70 -3.322
1.90 0.70 -2.861
2.00 0.70 -2.450
2.10 0.70 -2.088
2.20 0.70 -1.773
2.30 0.70 -1.500
2.40 0.70 -1.263
2.50 0.70 -1.057
2.60 0.70 -0.875
2.70 0.70 -0.712
2.80 0.70 -0.564
2.90 0.70 -0.429
3.00 0.70 -0.305

-3.00 0.80 0.104
-2.90 0.80 0.167
-2.80 0.80 0.215
-2.70 0.80 0.241
-2.60 0.80 0.244
-2.50 0.80 0.222
-2.40 0.80 0.175
-2.30 0.80 0.107
-2.20 0.80 0.020
-2.10 0.80 -0.081
-2.00 0.80 -0.192
-1.90 0.80 -0.306
-1.80 0.80 -0.422
-1.70 0.80 -0.538
-1.60 0.80 -0.653
-1.50 0.80 -0.770
-1.40 0.80 -0.894
-1.30 0.80 -1.031
-1.20 0.80 -1.189
-1.10 0.80 -1.379
-1.00 0.80 -1.608
-0.90 0.80 -1.885
-0.80 0.80 -2.218
-0.70 0.80 -2.609
-0.60 0.80 -3.060
-0.50 0.80 -3.565
-0.40 0.80 -4.118
-0.30 0.80 -4.706
-0.20 0.80 -5.313
-0.10 0.80 -5.919
0.00 0.80 -6.503
0.10 0.80 -7.042
0.20 0.80 -7.514
0.30 0.80 -7.900
0.40 0.80 -8.183
0.50 0.80 -8.350
0.60 0.80 -8.395
0.70 0.80 -8.316
0.80 0.80 -8.117
0.90 0.80 -7.808
1.00 0.80 -7.405
1.10 0.80 -6.925
1.20 0.80 -6.389
1.30 0.80 -5.818
1.40 0.80 -5.234
1.50 0.80 -4.656
1.60 0.80 -4.102
1.70 0.80 -3.584
1.80 0.80 -3.111
1.90 0.80 -2.690
2.00 0.80 -2.320
2.10 0.80 -2.000
2.20 0.80 -1.725
2.30 0.80 -1.487
2.40 0.80 -1.280
2.50 0.80 -1.095
2.60 0.80 -0.926
2.70 0.80 -0.768
2.80 0.80 -0.616
2.90 0.80 -0.470
3.00 0.80 -0.329

-3.00 0.90 0.128
-2.90 0.90 0.206
-2.80 0.90 0.265
-2.70 0.90 0.298
-2.60 0.90 0.303
-2.50 0.90 0.278
-2.40 0.90 0.223
-2.30 0.90 0.143
-2.20 0.90 0.041
-2.10 0.90 -0.076
-2.00 0.90 -0.201
-1.90 0.90 -0.329
-1.80 0.90 -0.455
-1.70 0.90 -0.575
-1.60 0.90 -0.689
-1.50 0.90 -0.799
-1.40 0.90 -0.908
-1.30 0.90 -1.024
-1.20 0.90 -1.156
-1.10 0.90 -1.315
-1.00 0.90 -1.510
-0.90 0.90 -1.751
-0.80 0.90 -2.048
-0.70 0.90 -2.404
-0.60 0.90 -2.822
-0.50 0.90 -3.298
-0.40 0.90 -3.826
-0.30 0.90 -4.392
-0.20 0.90 -4.982
-0.10 0.90 -5.574
0.00 0.90 -6.147
0.10 0.90 -6.678
0.20 0.90 -7.144
0.30 0.90 -7.525
0.40 0.90 -7.803
0.50 0.90 -7.966
0.60 0.90 -8.006
0.70 0.90 -7.923
0.80 0.90 -7.722
0.90 0.90 -7.412
1.00 0.90 -7.010
1.10 0.90 -6.535
1.20 0.90 -6.007
1.30 0.90 -5.450
1.40 0.90 -4.884
1.50 0.90 -4.331
1.60 0.90 -3.805
1.70 0.90 -3.321
1.80 0.90 -2.885
1.90 0.90 -2.503
2.00 0.90 -2.173
2.10 0.90 -1.892
2.20 0.90 -1.653
2.30 0.90 -1.448
2.40 0.90 -1.267
2.50 0.90 -1.103
2.60 0.90 -0.948
2.70 0.90 -0.796
2.80 0.90 -0.644
2.90 0.90 -0.492
3.00 0.90 -0.341

-3.00 1.00 0.141
-2.90 1.00 0.226
-2.80 1.00 0.291
-2.70 1.00 0.328
-2.60 1.00 0.334
-2.50 1.00 0.307
-2.40 1.00 0.249
-2.30 1.00 0.163
-2.20 1.00 0.054
-2.10 1.00 -0.070
-2.00 1.00 -0.202
-1.90 1.00 -0.335
-1.80 1.00 -0.464
-1.70 1.00 -0.584
-1.60 1.00 -0.694
-1.50 1.00 -0.795
-1.40 1.00 -0.892
-1.30 1.00 -0.991
-1.20 1.00 -1.102
-1.10 1.00 -1.235
-1.00 1.00 -1.402
-0.90 1.00 -1.613
-0.80 1.00 -1.877
-0.70 1.00 -2.200
-0.60 1.00 -2.584
-0.50 1.00 -3.028
-0.40 1.00 -3.524
-0.30 1.00 -4.060
-0.20 1.00 -4.622
-0.10 1.00 -5.188
0.00 1.00 -5.739
0.10 1.00 -6.249
0.20 1.00 -6.698
0.30 1.00 -7.065
0.40 1.00 -7.332
0.50 1.00 -7.487
0.60 1.00 -7.524
0.70 1.00 -7.441
0.80 1.00 -7.243
0.90 1.00 -6.942
1.00 1.00 -6.552
1.10 1.00 -6.092
1.20 1.00 -5.585
1.30 1.00 -5.053
1.40 1.00 -4.515
1.50 1.00 -3.993
1.60 1.00 -3.502
1.70 1.00 -3.053
1.80 1.00 -2.654
1.90 1.00 -2.308
2.00 1.00 -2.014
2.10 1.00 -1.767
2.20 1.00 -1.559
2.30 1.00 -1.381
2.40 1.00 -1.224
2.50 1.00 -1.078
2.60 1.00 -0.936
2.70 1.00 -0.793
2.80 1.00 -0.645
2.90 1.00 -0.493
3.00 1.00 -0.339

-3.00 1.10 0.140
-2.90 1.10 0.226
-2.80 1.10 0.291
-2.70 1.10 0.328
-2.60 1.10 0.334
-2.50 1.10 0.308
-2.40 1.10 0.250
-2.30 1.10 0.165
-2.20 1.10 0.058
-2.10 1.10 -0.064
-2.00 1.10 -0.193
-1.90 1.10 -0.324
-1.80 1.10 -0.448
-1.70 1.10 -0.563
-1.60 1.10 -0.666
-1.50 1.10 -0.759
-1.40 1.10 -0.845
-1.30 1.10 -0.932
-1.20 1.10 -1.028
-1.10 1.10 -1.143
-1.00 1.10 -1.289
-0.90 1.10 -1.476
-0.80 1.10 -1.713
-0.70 1.10 -2.006
-0.60 1.10 -2.357
-0.50 1.10 -2.766
-0.40 1.10 -3.224
-0.30 1.10 -3.723
-0.20 1.10 -4.246
-0.10 1.10 -4.776
0.00 1.10 -5.291
0.10 1.10 -5.770
0.20 1.10 -6.190
0.30 1.10 -6.534
0.40 1.10 -6.784
0.50 1.10 -6.929
0.60 1.10 -6.962
0.70 1.10 -6.883
0.80 1.10 -6.696
0.90 1.10 -6.411
1.00 1.10 -6.044
1.10 1.10 -5.613
1.20 1.10 -5.138
1.30 1.10 -4.640
1.40 1.10 -4.140
1.50 1.10 -3.656
1.60 1.10 -3.202
1.70 1.10 -2.790
1.80 1.10 -2.427
1.90 1.10 -2.114
2.00 1.10 -1.850
2.10 1.10 -1.630
2.20 1.10 -1.445
2.30 1.10 -1.288
2.40 1.10 -1.149
2.50 1.10 -1.018
2.60 1.10 -0.889
2.70 1.10 -0.756
2.80 1.10 -0.617
2.90 1.10 -0.472
3.00 1.10 -0.323

-3.00 1.20 0.128
-2.90 1.20 0.205
-2.80 1.20 0.264
-2.70 1.20 0.298
-2.60 1.20 0.303
-2.50 1.20 0.280
-2.40 1.20 0.227
-2.30 1.20 0.150
-2.20 1.20 0.053
-2.10 1.20 -0.058
-2.00 1.20 -0.176
-1.90 1.20 -0.294
-1.80 1.20 -0.407
-1.70 1.20 -0.512
-1.60 1.20 -0.606
-1.50 1.20 -0.690
-1.40 1.20 -0.769
-1.30 1.20 -0.848
-1.20 1.20 -0.935
-1.10 1.20 -1.041
-1.00 1.20 -1.174
-0.90 1.20 -1.344
-0.80 1.20 -1.560
-0.70 1.20 -1.827
-0.60 1.20 -2.147
-0.50 1.20 -2.519
-0.40 1.20 -2.937
-0.30 1.20 -3.390
-0.20 1.20 -3.867
-0.10 1.20 -4.349
0.00 1.20 -4.817
0.10 1.20 -5.253
0.20 1.20 -5.636
0.30 1.20 -5.949
0.40 1.20 -6.176
0.50 1.20 -6.308
0.60 1.20 -6.339
0.70 1.20 -6.266
0.80 1.20 -6.096
0.90 1.20 -5.837
1.00 1.20 -5.503
1.10 1.20 -5.111
1.20 1.20 -4.678
1.30 1.20 -4.226
1.40 1.20 -3.770
1.50 1.20 -3.330
1.60 1.20 -2.917
1.70 1.20 -2.541
1.80 1.20 -2.210
1.90 1.20 -1.925
2.00 1.20 -1.685
2.10 1.20 -1.484
2.20 1.20 -1.316
2.30 1.20 -1.173
2.40 1.20 -1.045
2.50 1.20 -0.926
2.60 1.20 -0.809
2.70 1.20 -0.688
2.80 1.20 -0.561
2.90 1.20 -0.429
3.00 1.20 -0.294

-3.00 1.30 0.103
-2.90 1.30 0.166
-2.80 1.30 0.213
-2.70 1.30 0.240
-2.60 1.30 0.245
-2.50 1.30 0.225
-2.40 1.30 0.182
-2.30 1.30 0.119
-2.20 1.30 0.039
-2.10 1.30 -0.053
-2.00 1.30 -0.150
-1.90 1.30 -0.249
-1.80 1.30 -0.345
-1.70 1.30 -0.434
-1.60 1.30 -0.517
-1.50 1.30 -0.593
-1.40 1.30 -0.667
-1.30 1.30 -0.743
-1.20 1.30 -0.828
-1.10 1.30 -0.931
-1.00 1.30 -1.059
-0.90 1.30 -1.221
-0.80 1.30 -1.422
-0.70 1.30 -1.667
-0.60 1.30 -1.958
-0.50 1.30 -2.293
-0.40 1.30 -2.667
-0.30 1.30 -3.071
-0.20 1.30 -3.493
-0.10 1.30 -3.919
0.00 1.30 -4.332
0.10 1.30 -4.715
0.20 1.30 -5.052
0.30 1.30 -5.327
0.40 1.30 -5.528
0.50 1.30 -5.644
0.60 1.30 -5.672
0.70 1.30 -5.610
0.80 1.30 -5.462
0.90 1.30 -5.237
1.00 1.30 -4.944
1.10 1.30 -4.600
1.20 1.30 -4.219
1.30 1.30 -3.819
1.40 1.30 -3.415
1.50 1.30 -3.021
1.60 1.30 -2.651
1.70 1.30 -2.311
1.80 1.30 -2.009
1.90 1.30 -1.747
2.00 1.30 -1.523
2.10 1.30 -1.334
2.20 1.30 -1.174
2.30 1.30 -1.038
2.40 1.30 -0.918
2.50 1.30 -0.807
2.60 1.30 -0.699
2.70 1.30 -0.591
2.80 1.30 -0.481
2.90 1.30 -0.367
3.00 1.30 -0.253

-3.00 1.40 0.069
-2.90 1.40 0.111
-2.80 1.40 0.143
-2.70 1.40 0.161
-2.60 1.40 0.163
-2.50 1.40 0.149
-2.40 1.40 0.119
-2.30 1.40 0.074
-2.20 1.40 0.018
-2.10 1.40 -0.048
-2.00 1.40 -0.118
-1.90 1.40 -0.191
-1.80 1.40 -0.264
-1.70 1.40 -0.335
-1.60 1.40 -0.405
-1.50 1.40 -0.474
-1.40 1.40 -0.545
-1.30 1.40 -0.623
-1.20 1.40 -0.712
-1.10 1.40 -0.818
-1.00 1.40 -0.948
-0.90 1.40 -1.107
-0.80 1.40 -1.299
-0.70 1.40 -1.527
-0.60 1.40 -1.791
-0.50 1.40 -2.090
-0.40 1.40 -2.419
-0.30 1.40 -2.769
-0.20 1.40 -3.132
-0.10 1.40 -3.496
0.00 1.40 -3.847
0.10 1.40 -4.171
0.20 1.40 -4.456
0.30 1.40 -4.688
0.40 1.40 -4.858
0.50 1.40 -4.958
0.60 1.40 -4.984
0.70 1.40 -4.935
0.80 1.40 -4.814
0.90 1.40 -4.627
1.00 1.40 -4.383
1.10 1.40 -4.093
1.20 1.40 -3.771
1.30 1.40 -3.429
1.40 1.40 -3.080
1.50 1.40 -2.736
1.60 1.40 -2.408
1.70 1.40 -2.103
1.80 1.40 -1.826
1.90 1.40 -1.581
2.00 1.40 -1.367
2.10 1.40 -1.183
2.20 1.40 -1.026
2.30 1.40 -0.891
2.40 1.40 -0.772
2.50 1.40 -0.666
2.60 1.40 -0.567
2.70 1.40 -0.472
2.80 1.40 -0.381
2.90 1.40 -0.290
3.00 1.40 -0.202

-3.00 1.50 0.029
-2.90 1.50 0.047
-2.80 1.50 0.060
-2.70 1.50 0.067
-2.60 1.50 0.067
-2.50 1.50 0.059
-2.40 1.50 0.043
-2.30 1.50 0.021
-2.20 1.50 -0.008
-2.10 1.50 -0.043
-2.00 1.50 -0.082
-1.90 1.50 -0.126
-1.80 1.50 -0.172
-1.70 1.50 -0.223
-1.60 1.50 -0.279
-1.50 1.50 -0.341
-1.40 1.50 -0.411
-1.30 1.50 -0.493
-1.20 1.50 -0.590
-1.10 1.50 -0.706
-1.00 1.50 -0.843
-0.90 1.50 -1.004
-0.80 1.50 -1.191
-0.70 1.50 -1.406
-0.60 1.50 -1.646
-0.50 1.50 -1.910
-0.40 1.50 -2.193
-0.30 1.50 -2.489
-0.20 1.50 -2.790
-0.10 1.50 -3.089
0.00 1.50 -3.374
0.10 1.50 -3.635
0.20 1.50 -3.864
0.30 1.50 -4.052
0.40 1.50 -4.189
0.50 1.50 -4.272
0.60 1.50 -4.297
0.70 1.50 -4.262
0.80 1.50 -4.170
0.90 1.50 -4.025
1.00 1.50 -3.833
1.10 1.50 -3.602
1.20 1.50 -3.341
1.30 1.50 -3.060
1.40 1.50 -2.768
1.50 1.50 -2.474
1.60 1.50 -2.188
1.70 1.50 -1.915
1.80 1.50 -1.661
1.90 1.50 -1.429
2.00 1.50 -1.220
2.10 1.50 -1.037
2.20 1.50 -0.876
2.30 1.50 -0.737
2.40 1.50 -0.616
2.50 1.50 -0.512
2.60 1.50 -0.420
2.70 1.50 -0.340
2.80 1.50 -0.268
2.90 1.50 -0.204
3.00 1.50 -0.146

-3.00 1.60 -0.014
-2.90 1.60 -0.022
-2.80 1.60 -0.029
-2.70 1.60 -0.034
-2.60 1.60 -0.037
-2.50 1.60 -0.038
-2.40 1.60 -0.038
-2.30 1.60 -0.037
-2.20 1.60 -0.037
-2.10 1.60 -0.039
-2.00 1.60 -0.045
-1.90 1.60 -0.057
-1.80 1.60 -0.076
-1.70 1.60 -0.106
-1.60 1.60 -0.147
-1.50 1.60 -0.203
-1.40 1.60 -0.274
-1.30 1.60 -0.362
-1.20 1.60 -0.469
-1.10 1.60 -0.596
-1.00 1.60 -0.743
-0.90 1.60 -0.910
-0.80 1.60 -1.096
-0.70 1.60 -1.299
-0.60 1.60 -1.518
-0.50 1.60 -1.748
-0.40 1.60 -1.987
-0.30 1.60 -2.230
-0.20 1.60 -2.470
-0.10 1.60 -2.703
0.00 1.60 -2.922
0.10 1.60 -3.121
0.20 1.60 -3.294
0.30 1.60 -3.435
0.40 1.60 -3.540
0.50 1.60 -3.606
0.60 1.60 -3.629
0.70 1.60 -3.610
0.80 1.60 -3.548
0.90 1.60 -3.446
1.00 1.60 -3.307
1.10 1.60 -3.135
1.20 1.60 -2.935
1.30 1.60 -2.715
1.40 1.60 -2.479
1.50 1.60 -2.235
1.60 1.60 -1.989
1.70 1.60 -1.746
1.80 1.60 -1.511
1.90 1.60 -1.289
2.00 1.60 -1.083
2.10 1.60 -0.896
2.20 1.60 -0.729
2.30 1.60 -0.583
2.40 1.60 -0.459
2.50 1.60 -0.355
2.60 1.60 -0.270
2.70 1.60 -0.203
2.80 1.60 -0.152
2.90 1.60 -0.114
3.00 1.60 -0.087

-3.00 1.70 -0.055
-2.90 1.70 -0.089
-2.80 1.70 -0.115
-2.70 1.70 -0.132
-2.60 1.70 -0.137
-2.50 1.70 -0.132
-2.40 1.70 -0.116
-2.30 1.70 -0.093
-2.20 1.70 -0.065
-2.10 1.70 -0.035
-2.00 1.70 -0.009
-1.90 1.70 0.010
-1.80 1.70 0.017
-1.70 1.70 0.008
-1.60 1.70 -0.020
-1.50 1.70 -0.070
-1.40 1.70 -0.142
-1.30 1.70 -0.237
-1.20 1.70 -0.355
-1.10 1.70 -0.493
-1.00 1.70 -0.651
-0.90 1.70 -0.824
-0.80 1.70 -1.009
-0.70 1.70 -1.203
-0.60 1.70 -1.401
-0.50 1.70 -1.601
-0.40 1.70 -1.799
-0.30 1.70 -1.990
-0.20 1.70 -2.173
-0.10 1.70 -2.343
0.00 1.70 -2.499
0.10 1.70 -2.638
0.20 1.70 -2.757
0.30 1.70 -2.855
0.40 1.70 -2.929
0.50 1.70 -2.978
0.60 1.70 -3.001
0.70 1.70 -2.996
0.80 1.70 -2.963
0.90 1.70 -2.902
1.00 1.70 -2.813
1.10 1.70 -2.698
1.20 1.70 -2.558
1.30 1.70 -2.395
1.40 1.70 -2.213
1.50 1.70 -2.016
1.60 1.70 -1.807
1.70 1.70 -1.592
1.80 1.70 -1.375
1.90 1.70 -1.161
2.00 1.70 -0.956
2.10 1.70 -0.765
2.20 1.70 -0.591
2.30 1.70 -0.438
2.40 1.70 -0.308
2.50 1.70 -0.204
2.60 1.70 -0.125
2.70 1.70 -0.071
2.80 1.70 -0.039
2.90 1.70 -0.027
3.00 1.70 -0.031

-3.00 1.80 -0.092
-2.90 1.80 -0.149
-2.80 1.80 -0.192
-2.70 1.80 -0.218
-2.60 1.80 -0.226
-2.50 1.80 -0.215
-2.40 1.80 -0.186
-2.30 1.80 -0.142
-2.20 1.80 -0.089
-2.10 1.80 -0.031
-2.00 1.80 0.023
-1.90 1.80 0.069
-1.80 1.80 0.099
-1.70 1.80 0.109
-1.60 1.80 0.093
-1.50 1.80 0.049
-1.40 1.80 -0.023
-1.30 1.80 -0.124
-1.20 1.80 -0.251
-1.10 1.80 -0.399
-1.00 1.80 -0.565
-0.90 1.80 -0.743
-0.80 1.80 -0.927
-0.70 1.80 -1.111
-0.60 1.80 -1.291
-0.50 1.80 -1.463
-0.40 1.80 -1.622
-0.30 1.80 -1.768
-0.20 1.80 -1.898
-0.10 1.80 -2.012
0.00 1.80 -2.111
0.10 1.80 -2.196
0.20 1.80 -2.267
0.30 1.80 -2.325
0.40 1.80 -2.371
0.50 1.80 -2.406
0.60 1.80 -2.427
0.70 1.80 -2.436
0.80 1.80 -2.428
0.90 1.80 -2.404
1.00 1.80 -2.361
1.10 1.80 -2.296
1.20 1.80 -2.209
1.30 1.80 -2.099
1.40 1.80 -1.966
1.50 1.80 -1.811
1.60 1.80 -1.636
1.70 1.80 -1.447
1.80 1.80 -1.247
1.90 1.80 -1.042
2.00 1.80 -0.839
2.10 1.80 -0.644
2.20 1.80 -0.465
2.30 1.80 -0.306
2.40 1.80 -0.173
2.50 1.80 -0.069
2.60 1.80 0.005
2.70 1.80 0.047
2.80 1.80 0.061
2.90 1.80 0.050
3.00 1.80 0.019

-3.00 1.90 -0.121
-2.90 1.90 -0.195
-2.80 1.90 -0.251
-2.70 1.90 -0.286
-2.60 1.90 -0.295
-2.50 1.90 -0.279
-2.40 1.90 -0.240
-2.30 1.90 -0.180
-2.20 1.90 -0.107
-2.10 1.90 -0.028
-2.00 1.90 0.049
-1.90 1.90 0.117
-1.80 1.90 0.165
-1.70 1.90 0.190
-1.60 1.90 0.184
-1.50 1.90 0.145
-1.40 1.90 0.074
-1.30 1.90 -0.030
-1.20 1.90 -0.162
-1.10 1.90 -0.316
-1.00 1.90 -0.487
-0.90 1.90 -0.665
-0.80 1.90 -0.845
-0.70 1.90 -1.019
-0.60 1.90 -1.181
-0.50 1.90 -1.327
-0.40 1.90 -1.453
-0.30 1.90 -1.558
-0.20 1.90 -1.643
-0.10 1.90 -1.710
0.00 1.90 -1.761
0.10 1.90 -1.800
0.20 1.90 -1.831
0.30 1.90 -1.856
0.40 1.90 -1.879
0.50 1.90 -1.900
0.60 1.90 -1.921
0.70 1.90 -1.940
0.80 1.90 -1.954
0.90 1.90 -1.960
1.00 1.90 -1.954
1.10 1.90 -1.933
1.20 1.90 -1.890
1.30 1.90 -1.825
1.40 1.90 -1.733
1.50 1.90 -1.615
1.60 1.90 -1.472
1.70 1.90 -1.306
1.80 1.90 -1.122
1.90 1.90 -0.928
2.00 1.90 -0.730
2.10 1.90 -0.536
2.20 1.90 -0.354
2.30 1.90 -0.193
2.40 1.90 -0.059
2.50 1.90 0.043
2.60 1.90 0.111
2.70 1.90 0.143
2.80 1.90 0.143
2.90 1.90 0.113
3.00 1.90 0.060

-3.00 2.00 -0.139
-2.90 2.00 -0.224
-2.80 2.00 -0.289
-2.70 2.00 -0.328
-2.60 2.00 -0.339
-2.50 2.00 -0.320
-2.40 2.00 -0.273
-2.30 2.00 -0.204
-2.20 2.00 -0.118
-2.10 2.00 -0.025
-2.00 2.00 0.067
-1.90 2.00 0.149
-1.80 2.00 0.210
-1.70 2.00 0.245
-1.60 2.00 0.247
-1.50 2.00 0.213
-1.40 2.00 0.144
-1.30 2.00 0.041
-1.20 2.00 -0.091
-1.10 2.00 -0.245
-1.00 2.00 -0.414
-0.90 2.00 -0.589
-0.80 2.00 -0.761
-0.70 2.00 -0.922
-0.60 2.00 -1.066
-0.50 2.00 -1.188
-0.40 2.00 -1.286
-0.30 2.00 -1.358
-0.20 2.00 -1.408
-0.10 2.00 -1.437
0.00 2.00 -1.451
0.10 2.00 -1.455
0.20 2.00 -1.454
0.30 2.00 -1.454
0.40 2.00 -1.459
0.50 2.00 -1.471
0.60 2.00 -1.490
0.70 2.00 -1.516
0.80 2.00 -1.545
0.90 2.00 -1.574
1.00 2.00 -1.597
1.10 2.00 -1.607
1.20 2.00 -1.600
1.30 2.00 -1.569
1.40 2.00 -1.511
1.50 2.00 -1.424
1.60 2.00 -1.307
1.70 2.00 -1.164
1.80 2.00 -0.998
1.90 2.00 -0.817
2.00 2.00 -0.628
2.10 2.00 -0.440
2.20 2.00 -0.262
2.30 2.00 -0.104
2.40 2.00 0.027
2.50 2.00 0.125
2.60 2.00 0.186
2.70 2.00 0.211
2.80 2.00 0.199
2.90 2.00 0.156
3.00 2.00 0.089

-3.00 2.10 -0.145
-2.90 2.10 -0.233
-2.80 2.10 -0.300
-2.70 2.10 -0.341
-2.60 2.10 -0.352
-2.50 2.10 -0.332
-2.40 2.10 -0.283
-2.30 2.10 -0.210
-2.20 2.10 -0.120
-2.10 2.10 -0.021
-2.00 2.10 0.076
-1.90 2.10 0.163
-1.80 2.10 0.230
-1.70 2.10 0.270
-1.60 2.10 0.277
-1.50 2.10 0.248
-1.40 2.10 0.184
-1.30 2.10 0.086
-1.20 2.10 -0.040
-1.10 2.10 -0.188
-1.00 2.10 -0.348
-0.90 2.10 -0.512
-0.80 2.10 -0.671
-0.70 2.10 -0.816
-0.60 2.10 -0.942
-0.50 2.10 -1.043
-0.40 2.10 -1.118
-0.30 2.10 -1.165
-0.20 2.10 -1.189
-0.10 2.10 -1.192
0.00 2.10 -1.181
0.10 2.10 -1.161
0.20 2.10 -1.140
0.30 2.10 -1.123
0.40 2.10 -1.116
0.50 2.10 -1.120
0.60 2.10 -1.138
0.70 2.10 -1.167
0.80 2.10 -1.206
0.90 2.10 -1.248
1.00 2.10 -1.288
1.10 2.10 -1.320
1.20 2.10 -1.335
1.30 2.10 -1.329
1.40 2.10 -1.296
1.50 2.10 -1.233
1.60 2.10 -1.140
1.70 2.10 -1.018
1.80 2.10 -0.872
1.90 2.10 -0.707
2.00 2.10 -0.532
2.10 2.10 -0.356
2.20 2.10 -0.189
2.30 2.10 -0.040
2.40 2.10 0.083
2.50 2.10 0.173
2.60 2.10 0.228
2.70 2.10 0.245
2.80 2.10 0.227
2.90 2.10 0.178
3.00 2.10 0.104

-3.00 2.20 -0.137
-2.90 2.20 -0.221
-2.80 2.20 -0.285
-2.70 2.20 -0.324
-2.60 2.20 -0.334
-2.50 2.20 -0.315
-2.40 2.20 -0.268
-2.30 2.20 -0.199
-2.20 2.20 -0.112
-2.10 2.20 -0.018
-2.00 2.20 0.076
-1.90 2.20 0.159
-1.80 2.20 0.225
-1.70 2.20 0.264
-1.60 2.20 0.274
-1.50 2.20 0.250
-1.40 2.20 0.192
-1.30 2.20 0.104
-1.20 2.20 -0.010
-1.10 2.20 -0.143
-1.00 2.20 -0.287
-0.90 2.20 -0.433
-0.80 2.20 -0.574
-0.70 2.20 -0.700
-0.60 2.20 -0.807
-0.50 2.20 -0.889
-0.40 2.20 -0.946
-0.30 2.20 -0.977
-0.20 2.20 -0.984
-0.10 2.20 -0.973
0.00 2.20 -0.949
0.10 2.20 -0.918
0.20 2.20 -0.887
0.30 2.20 -0.862
0.40 2.20 -0.849
0.50 2.20 -0.849
0.60 2.20 -0.864
0.70 2.20 -0.893
0.80 2.20 -0.934
0.90 2.20 -0.981
1.00 2.20 -1.028
1.10 2.20 -1.069
1.20 2.20 -1.096
1.30 2.20 -1.103
1.40 2.20 -1.086
1.50 2.20 -1.041
1.60 2.20 -0.967
1.70 2.20 -0.866
1.80 2.20 -0.740
1.90 2.20 -0.596
2.00 2.20 -0.442
2.10 2.20 -0.286
2.20 2.20 -0.136
2.30 2.20 -0.003
2.40 2.20 0.107
2.50 2.20 0.188
2.60 2.20 0.235
2.70 2.20 0.247
2.80 2.20 0.227
2.90 2.20 0.177
3.00 2.20 0.105

-3.00 2.30 -0.118
-2.90 2.30 -0.190
-2.80 2.30 -0.245
-2.70 2.30 -0.278
-2.60 2.30 -0.287
-2.50 2.30 -0.270
-2.40 2.30 -0.230
-2.30 2.30 -0.170
-2.20 2.30 -0.096
-2.10 2.30 -0.015
-2.00 2.30 0.066
-1.90 2.30 0.138
-1.80 2.30 0.195
-1.70 2.30 0.230
-1.60 2.30 0.239
-1.50 2.30 0.219
-1.40 2.30 0.171
-1.30 2.30 0.098
-1.20 2.30 0.002
-1.10 2.30 -0.110
-1.00 2.30 -0.231
-0.90 2.30 -0.353
-0.80 2.30 -0.470
-0.70 2.30 -0.574
-0.60 2.30 -0.661
-0.50 2.30 -0.727
-0.40 2.30 -0.771
-0.30 2.30 -0.792
-0.20 2.30 -0.793
-0.10 2.30 -0.778
0.00 2.30 -0.753
0.10 2.30 -0.722
0.20 2.30 -0.692
0.30 2.30 -0.667
0.40 2.30 -0.653
0.50 2.30 -0.652
0.60 2.30 -0.665
0.70 2.30 -0.690
0.80 2.30 -0.727
0.90 2.30 -0.769
1.00 2.30 -0.813
1.10 2.30 -0.851
1.20 2.30 -0.879
1.30 2.30 -0.890
1.40 2.30 -0.881
1.50 2.30 -0.847
1.60 2.30 -0.789
1.70 2.30 -0.707
1.80 2.30 -0.604
1.90 2.30 -0.485
2.00 2.30 -0.357
2.10 2.30 -0.226
2.20 2.30 -0.101
2.30 2.30 0.010
2.40 2.30 0.102
2.50 2.30 0.169
2.60 2.30 0.208
2.70 2.30 0.217
2.80 2.30 0.198
2.90 2.30 0.155
3.00 2.30 0.092

-3.00 2.40 -0.088
-2.90 2.40 -0.142
-2.80 2.40 -0.183
-2.70 2.40 -0.207
-2.60 2.40 -0.214
-2.50 2.40 -0.202
-2.40 2.40 -0.172
-2.30 2.40 -0.127
-2.20 2.40 -0.072
-2.10 2.40 -0.011
-2.00 2.40 0.049
-1.90 2.40 0.102
-1.80 2.40 0.144
-1.70 2.40 0.170
-1.60 2.40 0.176
-1.50 2.40 0.161
-1.40 2.40 0.125
-1.30 2.40 0.069
-1.20 2.40 -0.003
-1.10 2.40 -0.088
-1.00 2.40 -0.179
-0.90 2.40 -0.272
-0.80 2.40 -0.361
-0.70 2.40 -0.441
-0.60 2.40 -0.508
-0.50 2.40 -0.559
-0.40 2.40 -0.594
-0.30 2.40 -0.612
-0.20 2.40 -0.615
-0.10 2.40 -0.607
0.00 2.40 -0.590
0.10 2.40 -0.569
0.20 2.40 -0.548
0.30 2.40 -0.532
0.40 2.40 -0.522
0.50 2.40 -0.522
0.60 2.40 -0.531
0.70 2.40 -0.550
0.80 2.40 -0.577
0.90 2.40 -0.607
1.00 2.40 -0.638
1.10 2.40 -0.665
1.20 2.40 -0.684
1.30 2.40 -0.690
1.40 2.40 -0.681
1.50 2.40 -0.653
1.60 2.40 -0.608
1.70 2.40 -0.544
1.80 2.40 -0.465
1.90 2.40 -0.374
2.00 2.40 -0.277
2.10 2.40 -0.177
2.20 2.40 -0.083
2.30 2.40 0.002
2.40 2.40 0.071
2.50 2.40 0.122
2.60 2.40 0.152
2.70 2.40 0.160
2.80 2.40 0.146
2.90 2.40 0.114
3.00 2.40 0.068

-3.00 2.50 -0.050
-2.90 2.50 -0.081
-2.80 2.50 -0.104
-2.70 2.50 -0.118
-2.60 2.50 -0.122
-2.50 2.50 -0.115
-2.40 2.50 -0.098
-2.30 2.50 -0.073
-2.20 2.50 -0.042
-2.10 2.50 -0.008
-2.00 2.50 0.026
-1.90 2.50 0.055
-1.80 2.50 0.078
-1.70 2.50 0.091
-1.60 2.50 0.093
-1.50 2.50 0.082
-1.40 2.50 0.059
-1.30 2.50 0.024
-1.20 2.50 -0.022
-1.10 2.50 -0.075
-1.00 2.50 -0.133
-0.90 2.50 -0.192
-0.80 2.50 -0.250
-0.70 2.50 -0.304
-0.60 2.50 -0.351
-0.50 2.50 -0.389
-0.40 2.50 -0.419
-0.30 2.50 -0.440
-0.20 2.50 -0.452
-0.10 2.50 -0.457
0.00 2.50 -0.457
0.10 2.50 -0.453
0.20 2.50 -0.449
0.30 2.50 -0.445
0.40 2.50 -0.445
0.50 2.50 -0.447
0.60 2.50 -0.454
0.70 2.50 -0.463
0.80 2.50 -0.476
0.90 2.50 -0.489
1.00 2.50 -0.500
1.10 2.50 -0.508
1.20 2.50 -0.510
1.30 2.50 -0.504
1.40 2.50 -0.489
1.50 2.50 -0.463
1.60 2.50 -0.427
1.70 2.50 -0.381
1.80 2.50 -0.326
1.90 2.50 -0.266
2.00 2.50 -0.202
2.10 2.50 -0.138
2.20 2.50 -0.078
2.30 2.50 -0.024
2.40 2.50 0.021
2.50 2.50 0.054
2.60 2.50 0.074
2.70 2.50 0.081
2.80 2.50 0.076
2.90 2.50 0.059
3.00 2.50 0.034

-3.00 2.60 -0.008
-2.90 2.60 -0.013
-2.80 2.60 -0.016
-2.70 2.60 -0.019
-2.60 2.60 -0.020
-2.50 2.60 -0.019
-2.40 2.60 -0.017
-2.30 2.60 -0.013
-2.20 2.60 -0.009
-2.10 2.60 -0.005
-2.00 2.60 -0.001
-1.90 2.60 0.002
-1.80 2.60 0.003
-1.70 2.60 0.001
-1.60 2.60 -0.002
-1.50 2.60 -0.009
-1.40 2.60 -0.019
-1.30 2.60 -0.033
-1.20 2.60 -0.049
-1.10 2.60 -0.069
-1.00 2.60 -0.091
-0.90 2.60 -0.115
-0.80 2.60 -0.141
-0.70 2.60 -0.168
-0.60 2.60 -0.196
-0.50 2.60 -0.224
-0.40 2.60 -0.252
-0.30 2.60 -0.278
-0.20 2.60 -0.304
-0.10 2.60 -0.327
0.00 2.60 -0.349
0.10 2.60 -0.368
0.20 2.60 -0.385
0.30 2.60 -0.398
0.40 2.60 -0.409
0.50 2.60 -0.415
0.60 2.60 -0.419
0.70 2.60 -0.418
0.80 2.60 -0.413
0.90 2.60 -0.405
1.00 2.60 -0.393
1.10 2.60 -0.377
1.20 2.60 -0.357
1.30 2.60 -0.335
1.40 2.60 -0.309
1.50 2.60 -0.282
1.60 2.60 -0.253
1.70 2.60 -0.223
1.80 2.60 -0.192
1.90 2.60 -0.162
2.00 2.60 -0.134
2.10 2.60 -0.107
2.20 2.60 -0.082
2.30 2.60 -0.061
2.40 2.60 -0.043
2.50 2.60 -0.028
2.60 2.60 -0.017
2.70 2.60 -0.009
2.80 2.60 -0.005
2.90 2.60 -0.003
3.00 2.60 -0.004

-3.00 2.70 0.035
-2.90 2.70 0.056
-2.80 2.70 0.073
-2.70 2.70 0.082
-2.60 2.70 0.085
-2.50 2.70 0.079
-2.40 2.70 0.066
-2.30 2.70 0.048
-2.20 2.70 0.024
-2.10 2.70 -0.002
-2.00 2.70 -0.029
-1.90 2.70 -0.054
-1.80 2.70 -0.075
-1.70 2.70 -0.091
-1.60 2.70 -0.101
-1.50 2.70 -0.104
-1.40 2.70 -0.101
-1.30 2.70 -0.093
-1.20 2.70 -0.081
-1.10 2.70 -0.068
-1.00 2.70 -0.055
-0.90 2.70 -0.044
-0.80 2.70 -0.039
-0.70 2.70 -0.041
-0.60 2.70 -0.051
-0.50 2.70 -0.070
-0.40 2.70 -0.097
-0.30 2.70 -0.132
-0.20 2.70 -0.173
-0.10 2.70 -0.218
0.00 2.70 -0.263
0.10 2.70 -0.307
0.20 2.70 -0.347
0.30 2.70 -0.379
0.40 2.70 -0.401
0.50 2.70 -0.413
0.60 2.70 -0.413
0.70 2.70 -0.401
0.80 2.70 -0.379
0.90 2.70 -0.348
1.00 2.70 -0.311
1.10 2.70 -0.269
1.20 2.70 -0.226
1.30 2.70 -0.184
1.40 2.70 -0.147
1.50 2.70 -0.116
1.60 2.70 -0.092
1.70 2.70 -0.076
1.80 2.70 -0.068
1.90 2.70 -0.068
2.00 2.70 -0.073
2.10 2.70 -0.082
2.20 2.70 -0.093
2.30 2.70 -0.103
2.40 2.70 -0.111
2.50 2.70 -0.115
2.60 2.70 -0.112
2.70 2.70 -0.104
2.80 2.70 -0.089
2.90 2.70 -0.069
3.00 2.70 -0.044

-3.00 2.80 0.075
-2.90 2.80 0.120
-2.80 2.80 0.155
-2.70 2.80 0.176
-2.60 2.80 0.181
-2.50 2.80 0.170
-2.40 2.80 0.143
-2.30 2.80 0.104
-2.20 2.80 0.055
-2.10 2.80 0.000
-2.00 2.80 -0.054
-1.90 2.80 -0.105
-1.80 2.80 -0.147
-1.70 2.80 -0.177
-1.60 2.80 -0.193
-1.50 2.80 -0.193
-1.40 2.80 -0.179
-1.30 2.80 -0.151
-1.20 2.80 -0.113
-1.10 2.80 -0.069
-1.00 2.80 -0.024
-0.90 2.80 0.017
-0.80 2.80 0.051
-0.70 2.80 0.071
-0.60 2.80 0.077
-0.50 2.80 0.066
-0.40 2.80 0.038
-0.30 2.80 -0.006
-0.20 2.80 -0.062
-0.10 2.80 -0.127
0.00 2.80 -0.196
0.10 2.80 -0.264
0.20 2.80 -0.325
0.30 2.80 -0.375
0.40 2.80 -0.409
0.50 2.80 -0.426
0.60 2.80 -0.423
0.70 2.80 -0.401
0.80 2.80 -0.363
0.90 2.80 -0.310
1.00 2.80 -0.248
1.10 2.80 -0.182
1.20 2.80 -0.116
1.30 2.80 -0.056
1.40 2.80 -0.006
1.50 2.80 0.029
1.60 2.80 0.049
1.70 2.80 0.053
1.80 2.80 0.040
1.90 2.80 0.015
2.00 2.80 -0.021
2.10 2.80 -0.063
2.20 2.80 -0.106
2.30 2.80 -0.146
2.40 2.80 -0.177
2.50 2.80 -0.196
2.60 2.80 -0.202
2.70 2.80 -0.192
2.80 2.80 -0.167
2.90 2.80 -0.130
3.00 2.80 -0.082

-3.00 2.90 0.108
-2.90 2.90 0.174
-2.80 2.90 0.224
-2.70 2.90 0.254
-2.60 2.90 0.261
-2.50 2.90 0.245
-2.40 2.90 0.207
-2.30 2.90 0.151
-2.20 2.90 0.080
-2.10 2.90 0.003
-2.00 2.90 -0.076
-1.90 2.90 -0.148
-1.80 2.90 -0.207
-1.70 2.90 -0.249
-1.60 2.90 -0.270
-1.50 2.90 -0.268
-1.40 2.90 -0.243
-1.30 2.90 -0.199
-1.20 2.90 -0.140
-1.10 2.90 -0.071
-1.00 2.90 0.000
-0.90 2.90 0.068
-0.80 2.90 0.124
-0.70 2.90 0.163
-0.60 2.90 0.182
-0.50 2.90 0.176
-0.40 2.90 0.147
-0.30 2.90 0.096
-0.20 2.90 0.027
-0.10 2.90 -0.056
0.00 2.90 -0.145
0.10 2.90 -0.232
0.20 2.90 -0.312
0.30 2.90 -0.376
0.40 2.90 -0.421
0.50 2.90 -0.441
0.60 2.90 -0.436
0.70 2.90 -0.406
0.80 2.90 -0.354
0.90 2.90 -0.283
1.00 2.90 -0.201
1.10 2.90 -0.114
1.20 2.90 -0.029
1.30 2.90 0.047
1.40 2.90 0.107
1.50 2.90 0.147
1.60 2.90 0.164
1.70 2.90 0.158
1.80 2.90 0.129
1.90 2.90 0.081
2.00 2.90 0.020
2.10 2.90 -0.049
2.20 2.90 -0.118
2.30 2.90 -0.181
2.40 2.90 -0.232
2.50 2.90 -0.265
2.60 2.90 -0.277
2.70 2.90 -0.266
2.80 2.90 -0.233
2.90 2.90 -0.180
3.00 2.90 -0.113

-3.00 3.00 0.131
-2.90 3.00 0.211
-2.80 3.00 0.272
-2.70 3.00 0.309
-2.60 3.00 0.318
-2.50 3.00 0.299
-2.40 3.00 0.253
-2.30 3.00 0.184
-2.20 3.00 0.098
-2.10 3.00 0.004
-2.00 3.00 -0.091
-1.90 3.00 -0.178
-1.80 3.00 -0.250
-1.70 3.00 -0.300
-1.60 3.00 -0.324
-1.50 3.00 -0.320
-1.40 3.00 -0.289
-1.30 3.00 -0.233
-1.20 3.00 -0.158
-1.10 3.00 -0.072
-1.00 3.00 0.018
-0.90 3.00 0.104
-0.80 3.00 0.177
-0.70 3.00 0.229
-0.60 3.00 0.257
-0.50 3.00 0.256
-0.40 3.00 0.227
-0.30 3.00 0.170
-0.20 3.00 0.092
-0.10 3.00 -0.003
0.00 3.00 -0.105
0.10 3.00 -0.207
0.20 3.00 -0.299
0.30 3.00 -0.374
0.40 3.00 -0.426
0.50 3.00 -0.449
0.60 3.00 -0.442
0.70 3.00 -0.406
0.80 3.00 -0.344
0.90 3.00 -0.261
1.00 3.00 -0.164
1.10 3.00 -0.062
1.20 3.00 0.036
1.30 3.00 0.122
1.40 3.00 0.190
1.50 3.00 0.232
1.60 3.00 0.247
1.70 3.00 0.233
1.80 3.00 0.193
1.90 3.00 0.130
2.00 3.00 0.050
2.10 3.00 -0.038
2.20 3.00 -0.126
2.30 3.00 -0.206
2.40 3.00 -0.270
2.50 3.00 -0.313
2.60 3.00 -0.329
2.70 3.00 -0.318
2.80 3.00 -0.279
2.90 3.00 -0.216
3.00 3.00 -0.135
