anio xray nmr em
1976 13 0 0
1977 23 0 0
1978 6 0 0
1979 11 0 0
1980 7 0 0
1981 16 0 0
1982 32 0 0
1983 36 0 0
1984 22 0 0
1985 20 0 0
1986 17 1 0
1987 25 0 0
1988 52 0 0
1989 71 2 0
1990 135 7 0
1991 162 23 0
1992 181 11 0
1993 622 74 0
1994 1057 222 0
1995 748 190 0
1996 980 188 0
1997 1233 328 1
1998 1721 331 0
1999 1960 389 1
2000 2231 370 11
2001 2375 413 9
2002 2525 438 24
2003 3583 524 29
2004 4394 727 12
2005 4426 871 23
2006 5506 857 26
2007 6141 962 19
2008 6197 647 41
2009 6662 564 40
2010 7163 509 53
2011 7341 515 53
2012 8143 529 65
2013 8709 494 118
2014 8808 543 186
2015 8589 419 213
2016 9931 446 406
2017 10075 407 549
2018 9870 389 844
2019 9632 379 1421
2020 11204 368 2361
2021 9249 361 2947
2022 9833 296 4058
2023 9594 255 4561
2024 9196 279 5780
2025 10083 225 7198
