res plddt
1 42.72
2 43.59
3 37.78
4 45.91
5 39.31
6 39.28
7 39.38
8 39.34
9 41.38
10 45.91
11 49.72
12 54.41
13 54.69
14 49.94
15 61.88
16 54.31
17 57.62
18 68.06
19 61.56
20 71.25
21 72.06
22 73.62
23 73.44
24 75.50
25 77.12
26 64.25
27 63.16
28 57.66
29 47.53
30 38.94
31 42.94
32 36.06
33 34.41
34 38.00
35 36.53
36 38.16
37 34.25
38 39.66
39 36.31
40 38.16
41 39.56
42 42.16
43 38.84
44 35.19
45 39.97
46 36.78
47 37.94
48 48.47
49 46.56
50 46.84
51 44.84
52 44.62
53 43.28
54 38.81
55 39.66
56 39.97
57 42.28
58 44.41
59 41.62
60 47.00
61 46.56
62 43.28
63 46.50
64 40.22
65 42.22
66 53.00
67 43.44
68 41.75
69 42.06
70 41.16
71 55.06
72 48.25
73 48.28
74 50.25
75 49.47
76 51.16
77 47.44
78 48.34
79 46.91
80 51.72
81 50.84
82 54.31
83 52.22
84 52.75
85 53.72
86 51.03
87 47.62
88 54.53
89 51.16
90 58.81
91 57.53
92 64.25
93 62.84
94 75.81
95 87.19
96 91.94
97 94.00
98 95.25
99 95.62
100 94.50
101 96.19
102 97.50
103 98.12
104 97.69
105 96.69
106 97.12
107 97.56
108 97.25
109 98.25
110 97.81
111 98.19
112 96.88
113 97.50
114 93.88
115 88.88
116 90.06
117 90.94
118 93.06
119 93.44
120 88.81
121 92.69
122 96.19
123 97.19
124 97.62
125 98.06
126 98.19
127 97.38
128 95.94
129 95.00
130 96.25
131 97.44
132 98.25
133 98.44
134 98.56
135 98.31
136 98.12
137 97.12
138 95.75
139 96.81
140 97.19
141 97.69
142 97.50
143 98.31
144 97.88
145 98.12
146 98.12
147 97.88
148 97.00
149 96.19
150 96.31
151 97.19
152 96.88
153 96.69
154 96.88
155 98.38
156 98.25
157 98.56
158 98.56
159 98.62
160 98.38
161 98.31
162 98.00
163 98.31
164 97.56
165 95.25
166 94.25
167 94.69
168 94.69
169 94.69
170 95.25
171 95.69
172 96.31
173 97.12
174 95.12
175 96.62
176 96.50
177 95.19
178 94.88
179 94.25
180 93.31
181 91.62
182 84.06
183 68.81
184 70.25
185 68.44
186 70.00
187 76.19
188 82.12
189 90.94
190 92.94
191 93.62
192 93.69
193 96.00
194 97.31
195 97.81
196 96.69
197 96.75
198 93.00
199 90.00
200 90.19
201 91.56
202 94.94
203 96.00
204 96.25
205 96.81
206 95.88
207 95.12
208 94.00
209 91.56
210 91.56
211 93.19
212 94.38
213 96.38
214 97.19
215 97.88
216 97.81
217 97.94
218 97.88
219 97.88
220 97.69
221 96.31
222 95.88
223 96.19
224 95.19
225 95.31
226 94.50
227 94.62
228 93.94
229 95.38
230 96.88
231 97.25
232 97.94
233 97.56
234 98.12
235 97.19
236 98.00
237 96.88
238 97.25
239 98.19
240 98.25
241 97.81
242 97.44
243 96.62
244 93.75
245 94.81
246 97.12
247 97.50
248 97.25
249 97.81
250 98.06
251 98.56
252 98.44
253 98.62
254 98.62
255 98.69
256 98.69
257 98.56
258 98.50
259 97.44
260 96.38
261 96.31
262 94.56
263 96.94
264 98.00
265 98.31
266 98.19
267 98.62
268 98.25
269 98.19
270 98.50
271 98.50
272 98.69
273 98.56
274 98.69
275 98.12
276 97.44
277 97.12
278 98.00
279 97.31
280 96.88
281 97.31
282 97.50
283 96.38
284 96.25
285 96.62
286 96.12
287 95.25
288 93.69
289 92.12
290 91.38
291 89.19
292 81.50
293 67.06
294 56.25
295 44.16
296 49.81
297 47.94
298 39.03
299 47.84
300 44.44
301 49.06
302 41.88
303 42.88
304 45.09
305 47.53
306 41.47
307 42.34
308 51.88
309 41.66
310 47.09
311 39.53
312 45.59
313 42.69
314 43.88
315 38.94
316 47.00
317 45.47
318 45.66
319 47.97
320 48.91
321 49.97
322 50.19
323 53.09
324 70.00
325 77.69
326 86.75
327 87.75
328 91.00
329 93.19
330 94.44
331 95.81
332 96.12
333 96.50
334 95.38
335 95.31
336 95.56
337 94.81
338 97.06
339 95.94
340 95.12
341 97.06
342 94.75
343 95.25
344 95.94
345 95.56
346 92.12
347 93.88
348 92.56
349 89.06
350 86.50
351 89.12
352 87.88
353 82.88
354 80.12
355 79.81
356 66.38
357 58.91
358 45.97
359 47.47
360 36.47
361 32.78
362 35.94
363 37.88
364 37.66
365 37.81
366 37.56
367 43.00
368 39.50
369 38.91
370 43.03
371 37.72
372 44.09
373 40.38
374 36.28
375 39.81
376 36.47
377 41.81
378 44.50
379 45.50
380 44.91
381 45.53
382 47.12
383 38.56
384 51.53
385 47.97
386 42.88
387 50.88
388 43.41
389 58.19
390 50.69
391 41.81
392 52.94
393 49.62
