res B rmsf
1 10.38 0.106
2 9.07 0.079
3 5.07 0.050
4 4.68 0.042
5 3.87 0.043
6 6.12 0.066
7 7.48 0.092
8 14.15 0.163
9 19.24 0.152
10 18.74 0.137
11 11.91 0.091
12 9.85 0.068
13 11.84 0.074
14 9.63 0.080
15 9.03 0.074
16 11.50 0.070
17 8.85 0.075
18 7.08 0.072
19 7.07 0.087
20 6.28 0.082
21 7.70 0.078
22 6.01 0.070
23 9.92 0.081
24 11.81 0.108
25 10.96 0.090
26 5.53 0.083
27 4.14 0.088
28 7.74 0.076
29 7.90 0.078
30 5.58 0.078
31 8.67 0.069
32 14.01 0.090
33 14.00 0.108
34 10.07 0.108
35 6.29 0.092
36 6.07 0.084
37 9.18 0.081
38 9.08 0.077
39 14.96 0.086
40 10.76 0.098
41 3.87 0.107
42 6.97 0.122
43 3.51 0.120
44 5.55 0.112
45 4.70 0.085
46 7.15 0.100
47 11.68 0.086
48 8.82 0.100
49 7.18 0.109
50 7.41 0.098
51 11.90 0.093
52 16.56 0.098
53 11.77 0.106
54 9.05 0.084
55 9.03 0.048
56 8.29 0.040
57 9.00 0.049
58 7.91 0.079
59 8.45 0.084
60 13.94 0.094
61 11.78 0.092
62 15.52 0.079
63 11.97 0.063
64 10.94 0.061
65 6.90 0.052
66 3.80 0.056
67 3.85 0.103
68 4.17 0.094
69 3.97 0.106
70 6.26 0.135
71 16.06 0.232
72 25.83 0.342
73 30.76 0.681
74 35.33 1.884
75 36.07 3.869
76 36.19 6.580
