r ecc ehb
2.4000 1.61125 0.42904
2.4140 1.57840 0.40323
2.4281 1.54588 0.37775
2.4421 1.51369 0.35259
2.4561 1.48183 0.32776
2.4702 1.45031 0.30325
2.4842 1.41911 0.27907
2.4982 1.38824 0.25521
2.5123 1.35771 0.23168
2.5263 1.32750 0.20847
2.5404 1.29762 0.18558
2.5544 1.26808 0.16302
2.5684 1.23886 0.14077
2.5825 1.20997 0.11885
2.5965 1.18141 0.09724
2.6105 1.15318 0.07596
2.6246 1.12528 0.05499
2.6386 1.09771 0.03434
2.6526 1.07047 0.01401
2.6667 1.04355 -0.00601
2.6807 1.01696 -0.02571
2.6947 0.99070 -0.04510
2.7088 0.96477 -0.06418
2.7228 0.93917 -0.08294
2.7368 0.91389 -0.10139
2.7509 0.88893 -0.11953
2.7649 0.86430 -0.13736
2.7789 0.84000 -0.15488
2.7930 0.81602 -0.17209
2.8070 0.79237 -0.18311
2.8211 0.76904 -0.18794
2.8351 0.74603 -0.19246
2.8491 0.72334 -0.19667
2.8632 0.70097 -0.20058
2.8772 0.67893 -0.20418
2.8912 0.65721 -0.20748
2.9053 0.63580 -0.21046
2.9193 0.61471 -0.21315
2.9333 0.59395 -0.21553
2.9474 0.57349 -0.21760
2.9614 0.55336 -0.21936
2.9754 0.53354 -0.22082
2.9895 0.51403 -0.22197
3.0035 0.49484 -0.22280
3.0175 0.47596 -0.22333
3.0316 0.45739 -0.22355
3.0456 0.43914 -0.22345
3.0596 0.42119 -0.22304
3.0737 0.40355 -0.22231
3.0877 0.38623 -0.22127
3.1018 0.36921 -0.21990
3.1158 0.35249 -0.21821
3.1298 0.33609 -0.21619
3.1439 0.31999 -0.21385
3.1579 0.30420 -0.21118
3.1719 0.28872 -0.20817
3.1860 0.27354 -0.20483
3.2000 0.25866 -0.20115
3.2140 0.24410 -0.19713
3.2281 0.22983 -0.19276
3.2421 0.21588 -0.18804
3.2561 0.20223 -0.18298
3.2702 0.18889 -0.17756
3.2842 0.17586 -0.17178
3.2982 0.16313 -0.16564
3.3123 0.15072 -0.15914
3.3263 0.13861 -0.15228
3.3404 0.12682 -0.14504
3.3544 0.11535 -0.13744
3.3684 0.10419 -0.12946
3.3825 0.09334 -0.12110
3.3965 0.08282 -0.11237
3.4105 0.07262 -0.10326
3.4246 0.06274 -0.09376
3.4386 0.05320 -0.08389
3.4526 0.04397 -0.07363
3.4667 0.03509 -0.06298
3.4807 0.02653 -0.05195
3.4947 0.01832 -0.04053
3.5088 0.01044 -0.03614
3.5228 0.00291 -0.03609
3.5368 -0.00427 -0.03598
3.5509 -0.01111 -0.03582
3.5649 -0.01759 -0.03560
3.5789 -0.02372 -0.03533
3.5930 -0.02949 -0.03501
3.6070 -0.03489 -0.03464
3.6211 -0.03993 -0.03422
3.6351 -0.04461 -0.03376
3.6491 -0.04891 -0.03325
3.6632 -0.05284 -0.03269
3.6772 -0.05640 -0.03210
3.6912 -0.05958 -0.03147
3.7053 -0.06238 -0.03081
3.7193 -0.06479 -0.03012
3.7333 -0.06683 -0.02939
3.7474 -0.06848 -0.02865
3.7614 -0.06975 -0.02788
3.7754 -0.07063 -0.02709
3.7895 -0.07113 -0.02628
3.8035 -0.07124 -0.02547
3.8175 -0.07121 -0.02464
3.8316 -0.07113 -0.02380
3.8456 -0.07099 -0.02296
3.8596 -0.07079 -0.02212
3.8737 -0.07054 -0.02128
3.8877 -0.07024 -0.02045
3.9018 -0.06989 -0.01962
3.9158 -0.06949 -0.01880
3.9298 -0.06904 -0.01799
3.9439 -0.06854 -0.01720
3.9579 -0.06801 -0.01642
3.9719 -0.06743 -0.01565
3.9860 -0.06681 -0.01490
4.0000 -0.06616 -0.01418
4.0140 -0.06548 -0.01347
4.0281 -0.06477 -0.01279
4.0421 -0.06403 -0.01213
4.0561 -0.06327 -0.01149
4.0702 -0.06249 -0.01088
4.0842 -0.06169 -0.01029
4.0982 -0.06087 -0.00973
4.1123 -0.06005 -0.00919
4.1263 -0.05922 -0.00867
4.1404 -0.05838 -0.00819
4.1544 -0.05754 -0.00772
4.1684 -0.05670 -0.00729
4.1825 -0.05586 -0.00687
4.1965 -0.05503 -0.00648
4.2105 -0.05421 -0.00612
4.2246 -0.05339 -0.00577
4.2386 -0.05259 -0.00545
4.2526 -0.05181 -0.00515
4.2667 -0.05104 -0.00487
4.2807 -0.05028 -0.00462
4.2947 -0.04955 -0.00438
4.3088 -0.04853 -0.00415
4.3228 -0.04734 -0.00395
4.3368 -0.04618 -0.00376
4.3509 -0.04504 -0.00359
4.3649 -0.04393 -0.00344
4.3789 -0.04284 -0.00330
4.3930 -0.04177 -0.00317
4.4070 -0.04073 -0.00305
4.4211 -0.03972 -0.00295
4.4351 -0.03873 -0.00285
4.4491 -0.03776 -0.00277
4.4632 -0.03682 -0.00270
4.4772 -0.03591 -0.00264
4.4912 -0.03501 -0.00258
4.5053 -0.03415 -0.00253
4.5193 -0.03330 -0.00249
4.5333 -0.03248 -0.00246
4.5474 -0.03168 -0.00243
4.5614 -0.03090 -0.00241
4.5754 -0.03014 -0.00239
4.5895 -0.02940 -0.00238
4.6035 -0.02868 -0.00237
4.6175 -0.02798 -0.00237
4.6316 -0.02729 -0.00237
4.6456 -0.02662 -0.00237
4.6596 -0.02597 -0.00238
4.6737 -0.02533 -0.00239
4.6877 -0.02470 -0.00240
4.7018 -0.02409 -0.00241
4.7158 -0.02349 -0.00242
4.7298 -0.02290 -0.00244
4.7439 -0.02232 -0.00246
4.7579 -0.02175 -0.00248
4.7719 -0.02119 -0.00250
4.7860 -0.02064 -0.00252
4.8000 -0.02010 -0.00255
4.8140 -0.01956 -0.00257
4.8281 -0.01904 -0.00260
4.8421 -0.01851 -0.00262
4.8561 -0.01800 -0.00265
4.8702 -0.01749 -0.00268
4.8842 -0.01698 -0.00270
4.8982 -0.01648 -0.00273
4.9123 -0.01598 -0.00276
4.9263 -0.01548 -0.00279
4.9404 -0.01499 -0.00282
4.9544 -0.01451 -0.00285
4.9684 -0.01402 -0.00288
4.9825 -0.01354 -0.00291
4.9965 -0.01306 -0.00294
5.0105 -0.01258 -0.00297
5.0246 -0.01210 -0.00300
5.0386 -0.01163 -0.00303
5.0526 -0.01115 -0.00306
5.0667 -0.01068 -0.00309
5.0807 -0.01021 -0.00312
5.0947 -0.00974 -0.00315
5.1088 -0.00927 -0.00318
5.1228 -0.00881 -0.00321
5.1368 -0.00834 -0.00324
5.1509 -0.00787 -0.00327
5.1649 -0.00741 -0.00331
5.1789 -0.00694 -0.00334
5.1930 -0.00648 -0.00337
5.2070 -0.00601 -0.00340
5.2211 -0.00555 -0.00343
5.2351 -0.00509 -0.00346
5.2491 -0.00462 -0.00349
5.2632 -0.00416 -0.00352
5.2772 -0.00370 -0.00355
5.2912 -0.00323 -0.00358
5.3053 -0.00296 -0.00361
5.3193 -0.00299 -0.00364
5.3333 -0.00302 -0.00367
5.3474 -0.00305 -0.00370
5.3614 -0.00308 -0.00373
5.3754 -0.00311 -0.00376
5.3895 -0.00314 -0.00379
5.4035 -0.00317 -0.00382
5.4175 -0.00320 -0.00385
5.4316 -0.00323 -0.00388
5.4456 -0.00326 -0.00391
5.4596 -0.00329 -0.00394
5.4737 -0.00332 -0.00397
5.4877 -0.00336 -0.00399
5.5018 -0.00339 -0.00402
5.5158 -0.00342 -0.00405
5.5298 -0.00345 -0.00408
5.5439 -0.00348 -0.00411
5.5579 -0.00351 -0.00413
5.5719 -0.00354 -0.00416
5.5860 -0.00357 -0.00419
5.6000 -0.00360 -0.00421
5.6140 -0.00363 -0.00424
5.6281 -0.00366 -0.00427
5.6421 -0.00369 -0.00429
5.6561 -0.00372 -0.00432
5.6702 -0.00375 -0.00434
5.6842 -0.00378 -0.00437
5.6982 -0.00381 -0.00439
5.7123 -0.00384 -0.00442
5.7263 -0.00387 -0.00444
5.7404 -0.00390 -0.00447
5.7544 -0.00393 -0.00449
5.7684 -0.00395 -0.00451
5.7825 -0.00398 -0.00454
5.7965 -0.00401 -0.00456
5.8105 -0.00404 -0.00458
5.8246 -0.00407 -0.00460
5.8386 -0.00410 -0.00463
5.8526 -0.00412 -0.00465
5.8667 -0.00415 -0.00467
5.8807 -0.00418 -0.00469
5.8947 -0.00420 -0.00471
5.9088 -0.00423 -0.00473
5.9228 -0.00426 -0.00475
5.9368 -0.00428 -0.00477
5.9509 -0.00431 -0.00479
5.9649 -0.00433 -0.00480
5.9789 -0.00436 -0.00482
5.9930 -0.00438 -0.00484
6.0070 -0.00441 -0.00486
6.0211 -0.00443 -0.00487
6.0351 -0.00446 -0.00489
6.0491 -0.00448 -0.00490
6.0632 -0.00451 -0.00492
6.0772 -0.00453 -0.00493
6.0912 -0.00455 -0.00495
6.1053 -0.00457 -0.00496
6.1193 -0.00460 -0.00498
6.1333 -0.00462 -0.00499
6.1474 -0.00464 -0.00500
6.1614 -0.00466 -0.00501
6.1754 -0.00468 -0.00503
6.1895 -0.00470 -0.00504
6.2035 -0.00472 -0.00505
6.2175 -0.00474 -0.00506
6.2316 -0.00476 -0.00507
6.2456 -0.00478 -0.00508
6.2596 -0.00480 -0.00509
6.2737 -0.00481 -0.00509
6.2877 -0.00483 -0.00510
6.3018 -0.00485 -0.00511
6.3158 -0.00487 -0.00512
6.3298 -0.00488 -0.00512
6.3439 -0.00490 -0.00513
6.3579 -0.00491 -0.00513
6.3719 -0.00493 -0.00514
6.3860 -0.00494 -0.00514
6.4000 -0.00496 -0.00515
6.4140 -0.00497 -0.00515
6.4281 -0.00498 -0.00515
6.4421 -0.00500 -0.00516
6.4561 -0.00501 -0.00516
6.4702 -0.00502 -0.00516
6.4842 -0.00503 -0.00516
6.4982 -0.00504 -0.00516
6.5123 -0.00505 -0.00516
6.5263 -0.00506 -0.00516
6.5404 -0.00507 -0.00516
6.5544 -0.00508 -0.00516
6.5684 -0.00509 -0.00515
6.5825 -0.00510 -0.00515
6.5965 -0.00511 -0.00515
6.6105 -0.00511 -0.00514
6.6246 -0.00512 -0.00514
6.6386 -0.00513 -0.00514
6.6526 -0.00513 -0.00513
6.6667 -0.00514 -0.00512
6.6807 -0.00514 -0.00512
6.6947 -0.00515 -0.00511
6.7088 -0.00515 -0.00510
6.7228 -0.00515 -0.00510
6.7368 -0.00515 -0.00509
6.7509 -0.00516 -0.00508
6.7649 -0.00516 -0.00507
6.7789 -0.00516 -0.00506
6.7930 -0.00516 -0.00505
6.8070 -0.00516 -0.00504
6.8211 -0.00516 -0.00503
6.8351 -0.00516 -0.00502
6.8491 -0.00516 -0.00501
6.8632 -0.00515 -0.00499
6.8772 -0.00515 -0.00498
6.8912 -0.00515 -0.00497
6.9053 -0.00515 -0.00495
6.9193 -0.00514 -0.00494
6.9333 -0.00514 -0.00492
6.9474 -0.00513 -0.00491
6.9614 -0.00513 -0.00489
6.9754 -0.00512 -0.00488
6.9895 -0.00511 -0.00486
7.0035 -0.00511 -0.00484
7.0175 -0.00510 -0.00483
7.0316 -0.00509 -0.00481
7.0456 -0.00508 -0.00479
7.0596 -0.00507 -0.00477
7.0737 -0.00506 -0.00475
7.0877 -0.00505 -0.00473
7.1018 -0.00504 -0.00471
7.1158 -0.00503 -0.00469
7.1298 -0.00502 -0.00467
7.1439 -0.00501 -0.00465
7.1579 -0.00500 -0.00463
7.1719 -0.00498 -0.00461
7.1860 -0.00497 -0.00459
7.2000 -0.00496 -0.00457
7.2140 -0.00494 -0.00454
7.2281 -0.00493 -0.00452
7.2421 -0.00491 -0.00450
7.2561 -0.00490 -0.00447
7.2702 -0.00488 -0.00445
7.2842 -0.00487 -0.00442
7.2982 -0.00485 -0.00440
7.3123 -0.00483 -0.00438
7.3263 -0.00481 -0.00435
7.3404 -0.00480 -0.00432
7.3544 -0.00478 -0.00430
7.3684 -0.00476 -0.00427
7.3825 -0.00474 -0.00425
7.3965 -0.00472 -0.00422
7.4105 -0.00470 -0.00419
7.4246 -0.00468 -0.00417
7.4386 -0.00466 -0.00414
7.4526 -0.00464 -0.00411
7.4667 -0.00462 -0.00409
7.4807 -0.00460 -0.00406
7.4947 -0.00457 -0.00403
7.5088 -0.00455 -0.00400
7.5228 -0.00453 -0.00397
7.5368 -0.00451 -0.00394
7.5509 -0.00448 -0.00392
7.5649 -0.00446 -0.00389
7.5789 -0.00443 -0.00386
7.5930 -0.00441 -0.00383
7.6070 -0.00438 -0.00380
7.6211 -0.00436 -0.00377
7.6351 -0.00433 -0.00374
7.6491 -0.00431 -0.00371
7.6632 -0.00428 -0.00368
7.6772 -0.00426 -0.00365
7.6912 -0.00423 -0.00362
7.7053 -0.00420 -0.00359
7.7193 -0.00418 -0.00356
7.7333 -0.00415 -0.00353
7.7474 -0.00412 -0.00350
7.7614 -0.00410 -0.00347
7.7754 -0.00407 -0.00344
7.7895 -0.00404 -0.00341
7.8035 -0.00401 -0.00337
7.8175 -0.00398 -0.00334
7.8316 -0.00395 -0.00331
7.8456 -0.00393 -0.00328
7.8596 -0.00390 -0.00325
7.8737 -0.00387 -0.00322
7.8877 -0.00384 -0.00319
7.9018 -0.00381 -0.00316
7.9158 -0.00378 -0.00313
7.9298 -0.00375 -0.00310
7.9439 -0.00372 -0.00306
7.9579 -0.00369 -0.00303
7.9719 -0.00366 -0.00300
7.9860 -0.00363 -0.00297
8.0000 -0.00360 -0.00294
