k freq binom
100 0.00030 0.00011
101 0.00000 0.00016
102 0.00000 0.00025
103 0.00050 0.00037
104 0.00030 0.00055
105 0.00030 0.00079
106 0.00020 0.00113
107 0.00040 0.00159
108 0.00260 0.00219
109 0.00220 0.00297
110 0.00150 0.00397
111 0.00730 0.00522
112 0.00640 0.00676
113 0.00630 0.00861
114 0.01650 0.01081
115 0.01500 0.01334
116 0.01050 0.01622
117 0.01860 0.01941
118 0.02660 0.02286
119 0.02690 0.02651
120 0.03000 0.03027
121 0.04150 0.03402
122 0.03970 0.03764
123 0.04110 0.04101
124 0.04800 0.04399
125 0.04050 0.04645
126 0.04140 0.04829
127 0.04600 0.04943
128 0.05410 0.04982
129 0.04620 0.04943
130 0.04680 0.04829
131 0.04060 0.04645
132 0.03670 0.04399
133 0.03980 0.04101
134 0.03990 0.03764
135 0.03800 0.03402
136 0.03100 0.03027
137 0.02460 0.02651
138 0.01940 0.02286
139 0.02160 0.01941
140 0.02110 0.01622
141 0.01230 0.01334
142 0.01330 0.01081
143 0.01120 0.00861
144 0.00820 0.00676
145 0.00640 0.00522
146 0.00500 0.00397
147 0.00410 0.00297
148 0.00300 0.00219
149 0.00050 0.00159
150 0.00150 0.00113
151 0.00200 0.00079
152 0.00100 0.00055
153 0.00000 0.00037
154 0.00000 0.00025
155 0.00050 0.00016
156 0.00000 0.00011
