kb gc
0.250 0.4640
0.300 0.4740
0.350 0.4920
0.400 0.4980
0.450 0.4940
0.500 0.4820
0.550 0.4820
0.600 0.4840
0.650 0.4760
0.700 0.4760
0.750 0.4780
0.800 0.4620
0.850 0.4380
0.900 0.4320
0.950 0.4240
1.000 0.4200
1.050 0.4200
1.100 0.4080
1.150 0.3940
1.200 0.3960
1.250 0.3980
1.300 0.4140
1.350 0.4260
1.400 0.4200
1.450 0.4120
1.500 0.4120
1.550 0.3900
1.600 0.3820
1.650 0.3960
1.700 0.3920
1.750 0.3800
1.800 0.3680
1.850 0.3700
1.900 0.3780
1.950 0.3860
2.000 0.3840
2.050 0.3960
2.100 0.3900
2.150 0.3840
2.200 0.3860
2.250 0.3860
2.300 0.3920
2.350 0.3860
2.400 0.3860
2.450 0.3840
2.500 0.3920
2.550 0.3900
2.600 0.3980
2.650 0.4060
2.700 0.4000
2.750 0.4000
2.800 0.3940
2.850 0.3940
2.900 0.3880
2.950 0.3960
3.000 0.3940
3.050 0.3920
3.100 0.3900
3.150 0.3680
3.200 0.3720
3.250 0.3760
3.300 0.3760
3.350 0.3780
3.400 0.3860
3.450 0.3700
3.500 0.3640
3.550 0.3680
3.600 0.3620
3.650 0.3720
3.700 0.3660
3.750 0.3560
3.800 0.3500
3.850 0.3480
3.900 0.3440
3.950 0.3540
4.000 0.3540
4.050 0.3660
4.100 0.3660
4.150 0.3680
4.200 0.3760
4.250 0.3720
4.300 0.3780
4.350 0.3740
4.400 0.3760
4.450 0.3780
4.500 0.3760
4.550 0.3620
4.600 0.3680
4.650 0.3660
4.700 0.3580
4.750 0.3680
4.800 0.3760
4.850 0.3720
4.900 0.3640
4.950 0.3660
5.000 0.3620
5.050 0.3620
5.100 0.3640
5.150 0.3740
5.200 0.3760
5.250 0.3700
5.300 0.3720
5.350 0.3780
5.400 0.3820
5.450 0.3820
5.500 0.3880
5.550 0.3820
5.600 0.3860
5.650 0.3700
5.700 0.3680
5.750 0.3640
5.800 0.3540
5.850 0.3420
5.900 0.3420
5.950 0.3360
6.000 0.3280
6.050 0.3340
6.100 0.3300
6.150 0.3480
6.200 0.3560
6.250 0.3620
6.300 0.3600
6.350 0.3660
6.400 0.3660
6.450 0.3640
6.500 0.3640
6.550 0.3560
6.600 0.3520
6.650 0.3360
6.700 0.3180
6.750 0.3100
6.800 0.3140
6.850 0.3200
6.900 0.3220
6.950 0.3160
7.000 0.3200
7.050 0.3280
7.100 0.3220
7.150 0.3260
7.200 0.3300
7.250 0.3400
7.300 0.3340
7.350 0.3360
7.400 0.3320
7.450 0.3340
7.500 0.3380
7.550 0.3400
7.600 0.3480
7.650 0.3400
7.700 0.3460
7.750 0.3500
7.800 0.3560
7.850 0.3460
7.900 0.3540
7.950 0.3600
8.000 0.3520
8.050 0.3480
8.100 0.3580
8.150 0.3720
8.200 0.3700
8.250 0.3640
8.300 0.3600
8.350 0.3560
8.400 0.3460
8.450 0.3400
8.500 0.3520
8.550 0.3600
8.600 0.3560
8.650 0.3640
8.700 0.3680
8.750 0.3720
8.800 0.3740
8.850 0.3820
8.900 0.3940
8.950 0.4000
9.000 0.4040
9.050 0.3960
9.100 0.3900
9.150 0.3760
9.200 0.3820
9.250 0.3780
9.300 0.3720
9.350 0.3700
9.400 0.3540
9.450 0.3500
9.500 0.3300
9.550 0.3340
9.600 0.3340
9.650 0.3280
9.700 0.3220
9.750 0.3340
9.800 0.3460
9.850 0.3560
9.900 0.3680
9.950 0.3780
10.000 0.3800
10.050 0.3840
10.100 0.3880
10.150 0.3940
10.200 0.4040
10.250 0.3940
10.300 0.3840
10.350 0.3800
10.400 0.3920
10.450 0.3820
10.500 0.3900
10.550 0.3860
10.600 0.3900
10.650 0.3860
10.700 0.3720
10.750 0.3760
10.800 0.3800
10.850 0.3720
10.900 0.3560
10.950 0.3580
11.000 0.3620
11.050 0.3580
11.100 0.3500
11.150 0.3620
11.200 0.3600
11.250 0.3580
11.300 0.3600
11.350 0.3640
11.400 0.3580
11.450 0.3600
11.500 0.3540
11.550 0.3580
11.600 0.3660
11.650 0.3620
11.700 0.3720
11.750 0.3660
11.800 0.3680
11.850 0.3800
11.900 0.3920
11.950 0.3920
12.000 0.3960
12.050 0.4020
12.100 0.4020
12.150 0.4000
12.200 0.3940
12.250 0.4020
12.300 0.3940
12.350 0.3840
12.400 0.3740
12.450 0.3740
12.500 0.3880
12.550 0.3860
12.600 0.3840
12.650 0.3900
12.700 0.3900
12.750 0.3800
12.800 0.3980
12.850 0.3980
12.900 0.4040
12.950 0.4100
13.000 0.4040
13.050 0.4020
13.100 0.4020
13.150 0.3980
13.200 0.4140
13.250 0.4320
13.300 0.4340
13.350 0.4260
13.400 0.4220
13.450 0.4100
13.500 0.3960
13.550 0.3960
13.600 0.3960
13.650 0.3840
13.700 0.3620
13.750 0.3580
13.800 0.3460
13.850 0.3520
13.900 0.3600
13.950 0.3640
14.000 0.3700
14.050 0.3620
14.100 0.3580
14.150 0.3640
14.200 0.3740
14.250 0.3720
14.300 0.3620
14.350 0.3760
14.400 0.3720
14.450 0.3680
14.500 0.3680
14.550 0.3760
14.600 0.3720
14.650 0.3740
14.700 0.3740
14.750 0.3620
14.800 0.3700
14.850 0.3520
14.900 0.3620
14.950 0.3660
15.000 0.3620
15.050 0.3620
15.100 0.3700
15.150 0.3760
15.200 0.3800
15.250 0.3960
15.300 0.3960
15.350 0.3980
15.400 0.3840
15.450 0.3820
15.500 0.3860
15.550 0.3840
15.600 0.3760
15.650 0.3700
15.700 0.3680
15.750 0.3680
15.800 0.3680
15.850 0.3680
15.900 0.3680
15.950 0.3700
16.000 0.3820
16.050 0.3820
16.100 0.3860
16.150 0.3880
16.200 0.3840
16.250 0.3740
16.300 0.3640
16.350 0.3680
16.400 0.3780
16.450 0.3800
16.500 0.3700
16.550 0.3700
16.600 0.3660
16.650 0.3640
16.700 0.3660
16.750 0.3720
16.800 0.3760
16.850 0.3860
16.900 0.3880
16.950 0.3980
17.000 0.3880
17.050 0.3800
17.100 0.3880
17.150 0.3820
17.200 0.3920
17.250 0.3960
17.300 0.4020
17.350 0.4040
17.400 0.3900
17.450 0.3720
17.500 0.3900
17.550 0.3940
17.600 0.3980
17.650 0.4060
17.700 0.3900
17.750 0.3760
17.800 0.3760
17.850 0.3640
17.900 0.3760
17.950 0.3860
18.000 0.3680
18.050 0.3760
18.100 0.3840
18.150 0.3840
18.200 0.3840
18.250 0.3940
18.300 0.3900
18.350 0.3940
18.400 0.3860
18.450 0.3960
18.500 0.4040
18.550 0.3980
18.600 0.3860
18.650 0.3940
18.700 0.3980
18.750 0.3960
18.800 0.4020
18.850 0.4000
18.900 0.3920
18.950 0.3820
19.000 0.3780
19.050 0.3860
19.100 0.3780
19.150 0.3620
19.200 0.3600
19.250 0.3620
19.300 0.3600
19.350 0.3580
19.400 0.3600
19.450 0.3600
19.500 0.3560
19.550 0.3440
19.600 0.3500
19.650 0.3660
19.700 0.3660
19.750 0.3660
19.800 0.3620
19.850 0.3680
19.900 0.3740
19.950 0.3640
20.000 0.3660
20.050 0.3600
20.100 0.3600
20.150 0.3500
20.200 0.3440
20.250 0.3420
20.300 0.3280
20.350 0.3160
20.400 0.3140
20.450 0.3280
20.500 0.3260
20.550 0.3320
20.600 0.3240
20.650 0.3300
20.700 0.3500
20.750 0.3460
20.800 0.3580
20.850 0.3620
20.900 0.3620
20.950 0.3560
21.000 0.3720
21.050 0.3720
21.100 0.3780
21.150 0.3680
21.200 0.3520
21.250 0.3440
21.300 0.3400
21.350 0.3380
21.400 0.3440
21.450 0.3440
21.500 0.3320
21.550 0.3440
21.600 0.3460
21.650 0.3460
21.700 0.3480
21.750 0.3500
21.800 0.3560
21.850 0.3600
21.900 0.3480
21.950 0.3340
22.000 0.3480
22.050 0.3340
22.100 0.3440
22.150 0.3400
22.200 0.3500
22.250 0.3540
22.300 0.3520
22.350 0.3540
22.400 0.3680
22.450 0.3740
22.500 0.3580
22.550 0.3700
22.600 0.3480
22.650 0.3600
22.700 0.3460
22.750 0.3520
22.800 0.3500
22.850 0.3540
22.900 0.3500
22.950 0.3460
23.000 0.3560
23.050 0.3620
23.100 0.3760
23.150 0.3720
23.200 0.3840
23.250 0.3820
23.300 0.3960
23.350 0.3960
23.400 0.4120
23.450 0.4220
23.500 0.4140
23.550 0.4020
23.600 0.3960
23.650 0.4000
23.700 0.3860
23.750 0.3780
23.800 0.3700
23.850 0.3700
23.900 0.3600
23.950 0.3660
24.000 0.3760
24.050 0.3760
24.100 0.3740
24.150 0.3760
24.200 0.3860
24.250 0.3840
24.300 0.3900
24.350 0.3840
24.400 0.3800
24.450 0.3780
24.500 0.3780
24.550 0.3880
24.600 0.3980
24.650 0.3920
24.700 0.3880
24.750 0.3960
24.800 0.3840
24.850 0.3840
24.900 0.3780
24.950 0.3780
25.000 0.3740
25.050 0.3720
25.100 0.3760
25.150 0.3720
25.200 0.3720
25.250 0.3840
25.300 0.4020
25.350 0.4080
25.400 0.4180
25.450 0.4240
25.500 0.4180
25.550 0.4120
25.600 0.4000
25.650 0.3960
25.700 0.4040
25.750 0.3920
25.800 0.3820
25.850 0.3740
25.900 0.3740
25.950 0.3700
26.000 0.3800
26.050 0.3800
26.100 0.3860
26.150 0.4020
26.200 0.3900
26.250 0.3820
26.300 0.3840
26.350 0.3860
26.400 0.3800
26.450 0.3700
26.500 0.3600
26.550 0.3720
26.600 0.3800
26.650 0.3820
26.700 0.3980
26.750 0.4220
26.800 0.4260
26.850 0.4360
26.900 0.4400
26.950 0.4460
27.000 0.4460
27.050 0.4220
27.100 0.3960
27.150 0.3820
27.200 0.3740
27.250 0.3600
27.300 0.3580
27.350 0.3520
27.400 0.3540
27.450 0.3500
27.500 0.3520
27.550 0.3560
27.600 0.3620
27.650 0.3660
27.700 0.3640
27.750 0.3640
27.800 0.3560
27.850 0.3560
27.900 0.3480
27.950 0.3520
28.000 0.3500
28.050 0.3540
28.100 0.3800
28.150 0.4020
28.200 0.4100
28.250 0.4200
28.300 0.4340
28.350 0.4360
28.400 0.4500
28.450 0.4600
28.500 0.4740
28.550 0.4880
28.600 0.4900
28.650 0.4800
28.700 0.4920
28.750 0.4860
28.800 0.4880
28.850 0.4880
28.900 0.4840
28.950 0.4820
29.000 0.4900
29.050 0.4900
29.100 0.4660
29.150 0.4580
29.200 0.4460
29.250 0.4440
29.300 0.4460
29.350 0.4400
29.400 0.4320
29.450 0.4140
29.500 0.4160
29.550 0.4160
29.600 0.4140
29.650 0.3900
