t jet viridis
0.00 12.89 14.95
0.01 14.37 15.64
0.02 16.55 16.67
0.03 17.98 17.35
0.04 20.11 18.37
0.05 21.50 19.05
0.06 23.58 20.06
0.07 24.94 20.73
0.08 26.97 21.73
0.09 28.98 22.73
0.10 30.30 23.39
0.11 32.27 24.37
0.12 32.30 25.03
0.13 32.52 26.00
0.14 32.91 26.65
0.15 33.76 27.61
0.16 34.56 28.25
0.17 36.10 29.21
0.18 38.02 30.15
0.19 39.49 30.78
0.20 41.94 31.71
0.21 43.71 32.33
0.22 46.55 33.26
0.23 48.54 33.87
0.24 51.64 34.79
0.25 54.85 35.70
0.26 57.05 36.30
0.27 60.39 37.20
0.28 62.65 37.79
0.29 66.07 38.69
0.30 68.36 39.28
0.31 71.83 40.16
0.32 74.14 40.75
0.33 77.62 41.63
0.34 81.08 42.51
0.35 83.19 43.09
0.36 86.42 43.96
0.37 88.61 44.55
0.38 90.32 45.42
0.39 90.20 46.00
0.40 90.06 46.86
0.41 89.98 47.44
0.42 89.90 48.31
0.43 89.86 49.18
0.44 89.85 49.76
0.45 89.87 50.62
0.46 89.91 51.20
0.47 90.00 52.07
0.48 90.09 52.65
0.49 90.25 53.52
0.50 90.45 54.39
0.51 90.61 54.97
0.52 90.88 55.84
0.53 91.09 56.42
0.54 91.43 57.29
0.55 91.69 57.87
0.56 92.10 58.74
0.57 92.40 59.33
0.58 92.88 60.20
0.59 93.41 61.07
0.60 93.78 61.65
0.61 94.36 62.53
0.62 94.77 63.11
0.63 95.42 63.98
0.64 95.87 64.57
0.65 93.87 65.44
0.66 92.48 66.02
0.67 89.73 66.89
0.68 86.93 67.76
0.69 85.08 68.34
0.70 82.36 69.21
0.71 80.56 69.79
0.72 77.93 70.66
0.73 76.20 71.24
0.74 73.68 72.10
0.75 71.24 72.97
0.76 69.67 73.54
0.77 67.41 74.40
0.78 65.97 74.98
0.79 63.91 75.83
0.80 62.62 76.40
0.81 60.83 77.26
0.82 59.72 77.83
0.83 58.22 78.68
0.84 56.91 79.53
0.85 56.15 80.09
0.86 55.18 80.94
0.87 54.65 81.50
0.88 54.03 82.35
0.89 53.68 82.91
0.90 50.56 83.76
0.91 48.47 84.32
0.92 45.59 85.16
0.93 42.68 86.01
0.94 40.72 86.58
0.95 37.75 87.43
0.96 35.75 88.00
0.97 32.71 88.86
0.98 30.65 89.44
0.99 27.53 90.31
1.00 25.41 90.90
