N s1 s2 s3 s4
10 0.30000 0.30000 0.20000 0.20000
12 0.25000 0.25000 0.16667 0.25000
14 0.28571 0.21429 0.21429 0.28571
16 0.31250 0.18750 0.18750 0.25000
19 0.26316 0.21053 0.15789 0.21053
22 0.27273 0.18182 0.13636 0.22727
26 0.26923 0.15385 0.19231 0.19231
30 0.23333 0.13333 0.16667 0.20000
35 0.25714 0.14286 0.17143 0.20000
41 0.24390 0.14634 0.14634 0.17073
48 0.25000 0.16667 0.18750 0.20833
56 0.25000 0.14286 0.21429 0.21429
65 0.24615 0.15385 0.21538 0.20000
76 0.23684 0.15789 0.21053 0.21053
89 0.22472 0.17978 0.23596 0.23596
104 0.21154 0.17308 0.22115 0.25000
122 0.24590 0.18033 0.19672 0.24590
142 0.24648 0.18310 0.19718 0.25352
166 0.24699 0.20482 0.20482 0.24699
194 0.23711 0.21649 0.21134 0.25258
227 0.23789 0.19824 0.21586 0.25991
265 0.23019 0.21509 0.20755 0.24906
310 0.22258 0.20323 0.21613 0.25484
363 0.22865 0.20110 0.21488 0.27273
424 0.21934 0.20755 0.21226 0.25708
495 0.21616 0.21414 0.21818 0.26667
579 0.21416 0.21416 0.21244 0.25561
677 0.21566 0.21418 0.22452 0.24520
791 0.21239 0.21871 0.22250 0.24273
925 0.21189 0.22378 0.23135 0.24324
1081 0.21184 0.21832 0.22479 0.23867
1264 0.21044 0.21361 0.22785 0.24130
1477 0.21056 0.20853 0.23426 0.23832
1727 0.21367 0.21019 0.23393 0.23451
2019 0.21991 0.21743 0.23031 0.22932
2360 0.21780 0.22288 0.22754 0.22966
2759 0.21240 0.22363 0.22798 0.22762
3225 0.21116 0.22822 0.22946 0.22326
3769 0.21465 0.22420 0.23348 0.22871
4406 0.21493 0.22356 0.22787 0.22969
5151 0.21277 0.22462 0.22539 0.22966
6021 0.21508 0.22388 0.22621 0.22970
7038 0.21697 0.22364 0.22563 0.23103
8227 0.21454 0.22122 0.22305 0.23350
9617 0.21441 0.21920 0.22107 0.22970
11242 0.21340 0.21900 0.22033 0.22994
13141 0.21566 0.21802 0.21931 0.22890
15362 0.21742 0.21814 0.21957 0.22829
17957 0.21629 0.21858 0.22108 0.22749
20991 0.21738 0.21938 0.22262 0.22476
24538 0.21778 0.21946 0.22137 0.22414
28683 0.21821 0.22107 0.22051 0.22355
33529 0.21775 0.22142 0.21966 0.22300
39194 0.21830 0.22149 0.21973 0.22167
45816 0.21829 0.22326 0.21951 0.22178
53557 0.21906 0.22440 0.21943 0.22173
62605 0.21925 0.22390 0.21962 0.22142
73182 0.21949 0.22316 0.21955 0.22228
85547 0.21908 0.22347 0.22030 0.22174
100000 0.21949 0.22397 0.22043 0.22225
