a b
-1.0747 -0.9522
-0.6472 8.6379
-0.8693 -4.0826
-0.7857 7.0902
-0.5252 1.0942
-0.9235 -0.7471
-0.7996 5.5437
-0.6843 0.4128
-0.3278 5.5345
-0.6422 -3.7349
-0.8657 3.8825
-0.5729 3.6533
-0.8389 -1.4598
-0.6896 5.7302
-0.5455 0.1418
-0.3631 3.6803
-0.4098 -1.0088
-0.3929 2.6696
-0.3311 1.0076
-0.7698 -1.8610
-0.6495 5.5560
-0.5592 0.5933
-1.0852 -0.5560
-1.3442 3.7815
-1.1365 4.8474
-0.8524 3.5526
-0.5306 3.3703
-0.2873 2.4980
-0.8961 -3.8576
-0.9674 5.7488
-0.3827 4.5729
-0.5830 -1.9215
-0.9921 1.5643
-0.9409 4.2294
-1.1033 0.0528
-0.5418 8.5467
-0.4618 -2.3559
-0.6754 2.0636
-0.3067 4.4013
-0.5682 -2.4342
-1.0652 1.2491
-0.9663 4.3761
-0.5453 4.6158
-0.8431 -2.1889
-0.8898 5.0128
-0.7077 2.2732
-0.9099 0.2277
-0.5408 6.7094
-0.7640 -2.9032
-1.0232 4.0640
-1.0339 1.6186
-0.5960 6.7365
-0.7739 -2.8983
-0.6043 6.1549
-0.1740 2.0878
-0.7568 -3.5361
-1.1910 3.4059
-1.2071 2.9642
-0.8789 5.3314
-0.4898 2.6100
-0.1579 3.0696
-0.5412 -3.0906
-0.9572 2.3276
-1.0946 1.7476
-0.6980 6.0441
-0.3354 1.8849
-0.6513 -1.0940
-1.0245 1.8873
-1.2484 1.6140
-0.6598 8.2521
-0.4847 -0.6438
-1.0119 -0.6057
-0.8480 6.1056
-0.7250 0.2919
-0.3474 5.8320
-0.5739 -2.9013
-1.1383 1.3734
-1.1978 4.1964
-1.1954 2.7887
-1.0406 4.2531
-0.5706 5.2384
-0.7757 -2.1895
-0.6024 6.4779
-0.8091 -3.0199
-0.5133 7.9307
-0.7216 -4.2240
-0.5948 6.8175
-0.4034 -0.4536
-0.4716 2.1672
-0.7509 -1.1188
-0.5321 5.5469
-0.4288 -0.7646
-0.2246 3.7939
-0.2216 -1.1014
-0.4961 -0.0588
-0.3218 3.7883
-0.5856 -2.4652
-0.6677 4.1412
-0.8145 -0.2741
-0.9464 3.0357
-0.7215 4.1648
-0.9609 -0.6907
-1.0071 4.8233
-1.0248 1.1694
-0.7338 5.7854
-0.6420 0.0104
-0.4649 4.7114
-0.9377 -3.9670
-0.7549 7.7628
-0.3486 0.7209
-0.2034 2.1305
-0.2551 -0.1250
-0.7780 -1.5606
-1.0040 2.8095
-0.4942 5.8852
-0.3844 -0.6785
-0.5589 1.5256
-0.7868 0.2543
-0.7482 3.8358
-0.7409 1.4239
-1.0240 0.9670
-1.0702 3.5633
-0.7067 4.7966
-0.5756 0.9624
-0.5547 1.9391
-0.2953 2.8541
-0.2300 0.0520
-0.3489 0.4405
-0.4188 0.9825
-0.4347 1.5256
-0.6535 0.3289
-1.1284 0.1348
-1.1836 4.8884
-1.0880 2.9844
-1.0706 3.1616
-0.9179 4.1692
-1.0947 0.5564
-1.0829 4.6218
-0.7989 3.2816
-0.3417 4.5292
-0.4492 -2.0241
-0.4480 3.2518
-0.2285 1.6254
-0.4947 -1.0570
-0.9339 0.1391
-0.6809 6.0645
-0.8033 -1.4319
-0.8638 3.9142
-0.4156 4.8013
-0.8856 -4.0467
-0.8694 6.5701
-0.4684 2.6903
-0.8685 -2.3004
-0.5734 7.6098
-0.6794 -3.0936
-0.5632 5.8679
-0.4308 -0.4326
-0.4107 2.9823
-0.8286 -2.5702
-0.7912 6.2053
-1.0274 -1.7122
-1.0609 5.7143
-0.9240 1.9871
-0.8187 3.4224
-0.5464 3.2355
-0.5005 1.3483
-1.0023 -1.8844
-0.6893 8.2494
-0.9339 -3.3602
-1.1791 4.7039
-0.7200 5.3075
-0.7333 -0.2300
-0.6728 3.8692
-0.5288 1.6437
-0.6308 0.4273
-0.2934 4.9275
-0.4200 -1.8393
-1.0822 -1.1020
-0.7765 7.7798
-0.7809 -1.4773
-0.7835 4.2865
-0.4197 3.6344
-0.8691 -3.5297
-0.5160 8.3476
-0.2619 -0.6706
-0.9996 -3.0004
-0.7723 8.2674
-0.8519 -2.1293
-0.9749 4.8133
-1.0066 1.2453
-0.9716 3.8351
-0.6514 4.2575
-0.8342 -1.2740
-0.4440 7.1350
-0.3865 -2.0707
-0.5572 2.2673
-0.6032 0.6119
-0.3708 3.7504
-0.2559 0.3756
-0.5911 -0.9820
-0.6344 3.5235
-0.8738 -0.6549
-0.9426 4.3554
-1.0523 1.0110
-1.0871 3.9591
-0.9070 3.2679
-0.5731 4.4735
-0.8108 -1.8568
-0.6433 5.6124
-0.2020 2.7730
-0.8429 -4.5603
-0.9834 6.1996
-0.9435 0.7460
-0.8696 4.4013
-0.8024 1.1274
-0.3674 5.4877
-0.1742 -0.1410
-0.6650 -1.7964
-0.8490 2.8074
-0.4484 5.1358
-0.8801 -4.1308
-0.6565 8.1524
-0.5102 -1.5286
-0.4029 4.4461
-0.6768 -2.7319
-0.6278 4.9326
-0.2649 1.7280
-0.1127 1.1061
-0.1710 -0.4433
-0.2566 0.9597
-0.5532 -1.0446
-0.6731 3.0838
-1.0467 -0.7303
-1.3249 3.6873
-1.1920 4.4797
-1.0006 3.9844
-1.0756 1.9129
-1.2498 1.9953
-0.5395 8.4312
-0.1108 -0.1448
-0.3653 -1.0050
-0.2777 3.2804
-0.5507 -2.4945
-0.5492 4.0979
-0.3644 1.0456
-0.3865 0.7468
-0.2412 2.7496
-0.6707 -2.9156
-0.9524 3.3710
-0.8656 2.2510
-0.3648 5.6838
-0.3762 -1.5852
-0.8083 -0.0897
-0.5102 5.6144
-0.4076 -0.8870
-0.2304 3.4338
-0.0791 -0.0962
-0.2255 -0.1473
-0.4651 -0.0766
-0.6154 1.8369
-0.9929 -0.8213
-0.7541 6.0822
-0.1935 3.5474
-0.6994 -4.7023
-0.5098 7.1579
-0.1117 0.9619
-0.8530 -4.1888
-1.1611 4.4863
-0.6990 4.8853
-0.2974 2.6343
-0.3951 -0.7916
-0.4967 2.3198
-0.9157 -1.7751
-0.8335 5.4395
-0.3005 4.2033
-0.8167 -4.2001
-1.0319 4.7241
-0.4423 5.0137
-0.1589 0.8373
-0.4505 -1.6849
-0.3351 4.2726
-0.5767 -2.3453
-0.8633 2.0195
-0.3686 6.1624
-0.6896 -3.7690
-1.1025 3.4613
-1.1980 2.2596
-1.0655 4.9088
-0.9483 2.0393
-0.5206 5.2772
-0.1107 1.3959
-0.0678 0.7861
-0.8388 -4.5510
-1.0723 5.7527
-1.1461 0.4794
-0.8160 7.1811
-0.8222 -1.3215
-0.4733 6.5708
-0.1746 -0.1315
-0.3228 0.3834
-0.6116 -0.2503
-0.7691 2.1074
-0.7244 2.4472
-0.6300 2.5198
-0.7145 1.3326
-1.1237 -0.1605
-0.9174 6.7890
-0.9509 -0.8462
-0.5110 7.5876
-0.3518 -1.2502
-0.6802 0.7276
-0.8270 1.5726
-0.5521 4.4821
-0.4709 0.8014
-1.0094 -1.4396
-1.0652 5.2149
-0.8466 2.3952
-0.3788 4.9251
-0.0796 0.4860
-0.2048 -0.6610
-0.2319 2.0594
-0.8950 -4.6593
-0.5480 9.2031
-0.3059 -2.1119
-0.2515 3.5821
-0.5649 -3.2677
-0.3937 5.5493
-0.0827 0.0883
-0.1045 0.4078
-0.2705 -0.3349
-0.6303 -0.2066
-0.9899 0.6217
-0.6691 5.9291
-0.3838 1.5302
-0.8431 -1.6524
-1.0780 3.0715
-0.5193 6.7590
-0.7413 -2.8655
-1.1389 2.4475
-0.6091 7.0413
-0.6203 -1.9645
-0.5115 4.7056
-0.3117 0.8037
-0.5461 -0.2504
-0.7085 1.7918
-0.6883 2.3669
-0.7160 1.2776
-0.4775 4.3699
-0.7661 -2.4752
-0.6631 6.2528
-0.9135 -2.4603
-0.9349 5.4269
-0.5384 2.9887
-0.3135 2.1721
-0.5004 -0.9655
-0.5822 2.7321
-0.7272 0.1466
-0.7604 2.6540
-0.3072 5.0975
-0.7137 -4.6143
-0.5051 8.0154
-0.7173 -3.6878
-1.1353 3.4958
-1.2196 2.4352
-1.0653 4.4901
-0.5022 5.4578
-0.4568 -0.7665
-0.6108 1.9731
-0.7699 0.5420
-0.6679 4.0798
-0.7736 -0.4199
-0.5445 5.2110
-0.4071 0.2584
-0.6481 0.3479
-0.6572 2.4464
-0.3392 4.0795
-0.8716 -4.0009
-1.1109 5.3777
-1.0766 1.5809
-0.7595 6.2974
-0.9845 -1.6398
-1.2001 4.6089
-1.2657 1.6324
-0.7076 8.1084
-0.5065 -0.7006
-0.5857 2.5933
-0.7248 0.0395
-0.5487 4.1242
-0.2224 2.1258
-0.4523 -1.3160
-0.7965 0.8367
-0.6742 4.4386
-1.0346 -2.0625
-0.8855 6.7508
-0.4747 2.6689
-0.8435 -1.7184
-0.8398 4.7982
-0.4862 2.8474
-0.3899 1.6872
-0.9470 -2.1428
-1.3256 3.4002
-1.0712 5.0570
-0.5904 4.8549
-0.7465 -1.5425
-0.5750 5.4238
-0.3882 0.5602
-0.6294 0.0495
-0.6343 2.8198
-0.5146 2.4783
-1.0052 -2.5154
-0.6820 8.3598
-0.6051 -2.1123
-0.3725 5.3845
-0.0977 0.0066
-0.2256 0.5571
-0.9416 -3.3337
-1.1545 5.4347
-1.1252 1.3791
-0.5227 8.1969
-0.5944 -3.2033
-0.7440 3.9097
-0.5905 2.1692
-0.8203 -0.1934
-0.6494 5.0378
-0.5983 -0.0452
-0.5018 3.4483
-0.4703 0.5314
-0.6609 0.4806
-0.4272 4.1288
-0.3174 0.1842
-0.5030 0.4360
-0.6265 1.7472
-0.9279 0.0977
-0.9787 3.9048
-0.8247 3.2815
-1.0358 0.0406
-0.6467 6.7488
-0.1961 1.5454
-0.3853 -1.2884
-0.3325 3.2764
-0.5387 -1.5275
-0.7857 1.6936
-0.4277 5.0893
-0.6688 -2.5554
-0.8603 3.5284
-0.6608 3.3872
-0.9981 -0.8403
-1.2211 3.3428
-0.6586 6.5440
-0.2612 1.9048
-0.8542 -3.8367
-0.6387 8.0535
-0.7173 -2.8155
-0.6801 5.3009
-0.4739 1.1993
-0.6611 0.8543
-1.0776 -0.5702
-0.5153 8.4836
-0.1362 -0.2350
-0.6893 -2.4662
-0.7277 4.4029
-0.4583 2.7862
-0.9608 -2.9231
-0.7538 7.7961
-0.7407 -0.9445
-1.1984 1.4049
-1.1695 4.8108
-1.0134 3.3316
-0.9953 2.8507
-1.0712 1.9487
-0.6723 6.2464
-0.6719 -0.5163
-1.0157 1.7111
-1.1844 2.8024
-1.2464 3.4630
-1.2546 2.8268
-0.5826 7.9257
-0.3673 -0.9233
-0.5885 1.5410
-0.9951 -0.8233
-0.8435 5.7746
-0.4530 2.2037
-0.1635 2.5538
-0.2513 -0.7731
-0.8098 -2.0654
-0.4499 7.0705
-0.1485 -0.4975
-0.3503 0.1511
-0.6152 -0.0303
-0.5972 3.4925
-0.9358 -1.8210
-0.6622 7.2605
-0.5824 -0.7247
-0.9587 1.3174
-1.2049 2.2962
-1.2424 3.2611
-0.5973 7.8400
-0.7340 -2.8558
-1.0011 3.4957
-0.7254 3.5741
-0.2551 3.8090
-0.1540 -0.0283
-0.7168 -2.9009
-0.4856 6.5538
-0.3067 -0.8646
-0.3858 2.0287
-0.7624 -1.8206
-0.7126 4.6477
-0.2717 3.0789
-0.3566 -1.1111
-0.4774 2.0900
-0.7779 -1.0405
-0.6641 5.2261
-0.7547 -0.7420
-0.8329 3.8987
-1.0374 0.2543
-1.1026 3.9973
-0.7462 4.6377
-0.6297 1.2332
-0.6612 2.4076
-0.9868 -0.8497
-0.5984 7.4413
-0.4295 -0.7681
-0.6804 1.0448
-0.6597 2.7949
-0.7396 0.8367
-0.7468 2.8029
-0.6209 2.6942
-0.8009 -0.0683
-0.6550 4.8123
-0.6876 0.0511
-0.9428 1.2214
-0.5128 6.0996
-0.3441 0.1618
-0.9671 -1.7641
-1.3278 3.6986
-1.3616 2.7824
-0.5859 9.5029
-0.7113 -3.6410
-1.2367 2.7289
-1.2693 3.7208
-1.0952 4.5035
-0.9587 3.1004
-0.9735 2.3378
-0.8775 3.8156
-0.9749 0.9454
-0.8550 4.3101
-0.4664 3.2561
-0.2038 2.3756
-0.8080 -3.8455
-1.1319 3.8223
-0.5662 6.5529
-0.7826 -3.0392
-0.7061 6.2357
-0.6955 -0.7547
-0.6489 3.7981
-0.3758 2.0960
-0.2649 0.9448
-0.1564 1.2292
-0.1013 0.2610
-0.0988 0.3453
-0.1131 0.9163
-0.7438 -3.6771
-0.8935 4.5280
-0.3942 4.4138
-0.5081 -1.4501
-0.7427 1.9658
-0.7142 2.1106
-0.4473 3.6648
-0.4760 0.1228
-0.9656 -0.9318
-0.8024 6.0393
-0.6322 1.3600
-1.0536 -0.8128
-0.7097 7.7009
-0.7328 -1.7740
-0.8050 4.4139
-0.9235 -0.0100
-0.7360 5.4706
-0.6508 0.3512
-0.6073 3.5377
-0.9250 -0.9675
-1.2416 2.9383
-1.0332 5.4235
-1.1667 0.5323
-1.1533 5.2673
-1.0970 2.5007
-1.2051 2.3774
-0.7225 7.4077
-0.9718 -3.0825
-0.8722 7.0348
-0.6303 0.7108
-0.4258 4.2144
-0.7835 -2.9691
-0.7360 6.0613
-0.7604 -0.8856
-0.5641 5.2453
-0.4135 0.2413
-0.5146 1.0934
-0.4100 2.0735
-0.1604 2.6894
-0.6603 -3.3553
-1.2180 1.4560
-0.7154 7.3584
-0.2608 1.4079
-0.3794 -0.5390
-0.2617 3.2816
-0.5865 -2.7850
-0.6671 4.1988
-0.6724 0.8480
-1.0657 0.4888
-1.2194 3.9049
-1.2448 3.1592
-1.2893 3.2746
-1.0094 5.3789
-0.7451 2.3322
-0.3099 4.3975
-0.1061 0.2478
-0.4928 -1.3656
-1.0029 0.0119
-0.8348 5.1120
-0.2431 4.0836
-0.1787 -0.4803
-0.7501 -2.4907
-0.5534 6.0888
-0.2539 0.5138
-0.3483 0.6923
-0.6653 -0.2495
-1.0339 0.6840
-0.6461 6.8137
-0.6202 -1.0968
-0.7735 2.6604
-0.6641 2.6807
-0.7297 1.3354
-0.9993 0.5566
-0.6326 6.5194
-0.5344 -0.9281
-0.3573 4.4008
-0.4814 -1.4071
-0.9429 0.8716
-1.2696 1.6034
-0.9497 6.4295
-0.5107 3.0811
-0.6467 -0.4358
-0.6308 3.1020
-0.3036 3.1683
-0.5013 -1.2948
-0.9559 0.8168
-1.1847 2.8236
-1.3081 2.5192
-0.8485 6.8483
-0.4134 1.9104
-0.2318 2.0363
-0.4244 -0.8130
-0.9135 -0.6814
-0.6429 6.7049
-0.8370 -2.2739
-1.0635 3.5766
-0.5620 5.8317
-0.6371 -1.1623
-1.0325 1.7005
-1.2309 1.9422
-0.6524 8.2446
-0.7739 -2.6963
-1.1015 2.9868
-0.6332 5.8149
-0.3803 1.3831
-0.9597 -2.7293
-0.8321 6.7306
-0.4413 2.2443
-0.7594 -1.5864
-0.5100 6.1658
-0.4757 -1.3447
-0.5660 2.7437
-0.6513 0.5625
-0.8037 1.9165
-0.8672 2.0210
-0.7148 4.0535
-0.9778 -0.5943
-1.1873 3.9017
-1.2402 2.3668
-0.8887 6.4549
-0.8548 0.0633
-0.7633 4.2654
-0.4709 2.8555
-0.6970 -0.4563
-1.1487 0.9954
-1.1940 3.9732
-0.6835 5.7557
-0.3480 1.9698
-0.7686 -1.8718
-1.0147 3.5776
-1.1097 1.3109
-0.6008 7.7559
-0.7981 -3.4202
-0.8379 5.4327
-0.4674 2.5968
-0.4372 1.3941
-1.0170 -1.9158
-1.3466 3.2891
-0.6000 8.4170
-0.3087 -0.4178
-0.7736 -1.4455
-0.4285 6.3002
-0.0495 0.1473
-0.0573 0.9224
-0.7475 -4.4729
-0.7594 6.1323
-0.4503 1.8845
-0.8369 -1.5728
-0.7051 5.9671
-0.7911 -1.1941
-0.7169 4.7274
-0.4524 1.9262
-0.4872 0.5224
-0.3546 2.5518
-0.1556 1.9335
-0.7665 -3.6837
-1.2058 3.0913
-0.8651 5.7389
-0.8284 0.8798
-1.0996 1.4102
-0.8036 6.1313
-0.8090 0.0004
-1.0229 1.9556
-0.4836 6.4628
-0.1583 0.6240
-0.7010 -2.5529
-1.0033 2.7043
-0.5456 6.0660
-0.7907 -2.4921
-1.1250 2.9679
-0.7211 5.5519
-0.4677 1.0636
-0.2808 2.8446
-0.4320 -1.5680
-0.3384 3.8942
-0.5130 -1.6480
-0.8211 1.7251
-0.8307 2.2013
-0.3824 5.4292
-0.5570 -2.3330
-0.9707 1.2236
-0.5353 6.5139
-0.5738 -1.4747
-1.0116 0.6350
-0.6154 7.1232
-0.8674 -2.7660
-1.3154 3.1009
-1.1312 5.3494
-1.1203 1.4444
-0.7099 6.8826
-0.7040 -0.6176
-1.1395 0.4726
-0.5509 8.8877
-0.7078 -4.2855
-0.6524 6.7670
-0.7980 -2.0320
-0.9789 4.1570
-1.0233 1.3735
-0.7783 5.2581
-0.5970 1.8320
-1.0188 -1.4226
-0.5720 8.0475
-0.1695 0.6767
-0.8961 -3.5179
-1.2995 3.4229
-0.6288 8.3115
-0.8914 -4.2535
-0.7609 8.0605
-0.8895 -2.0588
-1.2477 2.6241
-0.5216 8.0102
-0.0213 0.4824
-0.2775 -0.9434
-0.9562 -1.8528
-1.1750 4.0194
-0.7608 5.6590
-0.9285 -1.3588
-0.7318 6.2241
-0.4597 0.8740
-0.3512 2.9434
-0.9041 -3.2394
-1.2009 4.2766
-0.8305 4.7224
-0.4764 3.5421
-0.9503 -3.0206
-0.8660 6.5236
-0.3954 2.7318
-0.4702 0.0675
-0.8339 0.2779
-1.0401 1.9570
-0.5182 7.2282
-0.8475 -4.0201
-1.0860 4.5284
-0.4262 6.5336
-0.7315 -3.4903
-1.2732 2.5433
-1.2362 3.7304
-0.4728 7.9541
-0.3991 -2.1613
-0.7526 1.6108
-1.0657 0.4773
-0.9109 5.0527
-0.3432 4.9944
-0.8196 -3.9535
-1.3097 3.1775
-0.9324 5.7021
-0.3141 4.8937
-0.7276 -3.8107
-1.0824 4.0712
-1.2195 0.8550
-0.5448 9.1327
-0.3664 -2.2633
-0.4777 2.3243
-0.2470 2.6431
-0.6714 -3.1002
-0.6917 4.6079
-0.2217 2.9707
-0.1328 0.3550
-0.7448 -3.0275
-0.9512 3.8338
-0.5150 4.8586
-0.6984 -2.1104
-0.4946 6.1551
-0.6325 -2.2104
-0.9184 2.1340
-0.3679 6.3737
-0.4287 -2.2930
-0.8881 1.0043
-1.0340 2.6913
-1.0079 3.4776
-1.1279 1.7973
-1.1201 4.3502
-1.1866 1.6887
-0.8566 5.8432
-0.2585 3.7093
-0.1696 -0.4908
-0.3399 -0.0559
-0.1944 2.4475
-0.1132 0.2459
-0.4916 -1.8867
-0.4979 3.4396
-0.3776 1.3007
-0.7753 -1.0243
-1.1224 2.4072
-1.1914 2.8905
-0.7865 6.2443
-0.7960 -0.0699
-1.1028 1.4238
-0.5984 6.9656
-0.2506 0.8033
-0.6504 -1.8172
-0.5804 4.4310
-0.3076 1.6014
-0.4127 -0.4550
-0.2172 3.6501
-0.3736 -2.4388
-0.2825 3.9060
-0.2298 -0.8253
-0.3167 1.2266
-0.3948 0.1066
-0.2871 2.6839
-0.4616 -1.0108
-0.8337 0.4526
-0.6636 5.0843
-0.9595 -1.6530
-1.2297 3.4922
-0.7315 5.9407
-0.2021 3.2889
-0.6608 -4.0190
-0.6258 5.8058
-0.4095 0.7465
-0.6663 0.5123
-1.1525 -0.4796
-0.8034 7.6604
-0.5561 0.5134
-0.7820 1.1354
-0.9166 1.7590
-0.5556 5.4727
-0.6130 -1.1183
-0.7829 2.7518
-0.8498 1.0605
-0.4610 5.3635
-0.1689 1.2527
-0.8817 -3.8952
-1.2245 4.6795
-1.1441 3.3605
-1.2363 2.8040
-1.3175 3.0365
-0.8603 7.0390
-0.8457 -0.3414
-0.9521 3.4967
-0.8217 3.0948
-0.8758 1.2820
-0.6426 5.0597
-0.8946 -1.8911
-0.8169 5.4657
-0.3491 2.7851
-0.0913 1.9069
-0.5379 -3.5047
-0.5473 5.3190
-0.9240 -3.4567
-0.6926 7.7507
-0.3712 0.8421
-0.9942 -2.5393
-0.9784 6.6601
-1.0555 -0.0720
-1.1616 3.7286
-0.5324 6.5351
-0.2457 0.1620
-0.4420 0.5017
-0.9478 -1.4672
-0.7666 6.3878
-0.5706 0.7082
-0.6569 1.6079
-0.5369 3.1648
-0.8345 -1.7413
-0.4819 6.9753
-0.2184 -0.0369
-0.8118 -2.3010
-0.9705 4.2395
-0.7677 2.8456
-0.5914 2.5195
-0.3132 3.0015
-0.4523 -0.5824
-1.0747 -1.2164
-1.0427 5.8899
-0.8098 2.8864
-1.1437 0.1339
-1.2859 4.5978
-1.3225 2.9271
-1.3477 3.9385
-1.0844 4.8830
-0.6243 4.8037
-0.6920 -0.6728
-0.6382 4.3748
-0.8678 -1.5934
-0.5640 6.9357
-0.4610 -0.6988
-0.9561 -0.4272
-0.8446 5.4409
-0.7522 0.5828
-0.4152 5.1046
-0.2917 0.1284
-0.9523 -2.5040
-1.0761 5.0137
-0.6681 4.2397
-0.6325 0.9580
-0.9314 0.7902
-1.0850 3.0770
-1.1257 2.4091
-0.7003 5.9522
-0.3589 1.8155
-0.6635 -1.1591
-0.7928 3.1483
-0.7625 1.5701
-0.4919 4.1149
-0.3842 0.7718
-0.8025 -1.2864
-0.7153 5.3760
-0.8290 -1.2734
-0.4590 7.4884
-0.8170 -5.0773
-0.7006 7.7876
-0.5133 -0.0757
-1.0315 -0.9680
-0.7217 6.9945
-0.3298 1.9027
-0.9462 -2.9630
-1.2993 3.9764
-0.9445 5.0074
-0.3460 5.0288
-0.5370 -2.8272
-0.5447 4.1466
-0.3176 1.9123
-0.8943 -3.0473
-1.0325 5.1168
-0.7131 2.9732
-0.2984 3.9920
-0.3440 -0.8018
-0.9250 -1.5366
-0.7311 6.2826
-0.4365 1.3942
-0.6840 -0.4838
-0.5464 4.5058
-0.6033 -0.3037
-0.9485 0.6870
-0.6649 5.6709
-0.5524 0.3198
-0.7417 1.1605
-0.6220 3.2300
-0.3876 2.0427
-0.2192 1.8916
-0.5340 -1.4259
-1.0937 -0.5165
-0.5356 9.1899
-0.7307 -4.0626
-1.2810 2.5585
-0.9851 6.3762
-1.1062 -0.2216
-1.1233 5.0275
-0.8446 3.5354
-0.6882 2.5914
-0.6453 2.0567
-0.8262 0.3401
-0.5734 5.4463
-0.7253 -1.6909
-0.8054 4.1673
-0.8337 1.3118
-1.1571 0.6602
-0.7161 7.4703
-0.4650 -0.0431
-0.4526 2.0307
-0.1965 2.7825
-0.5468 -2.6299
-0.8680 2.8271
-1.1802 0.2612
-1.0545 5.7846
-0.6630 3.9338
-0.9695 -1.8266
-0.5127 8.3208
-0.2604 -0.9259
-0.7936 -1.6257
-0.5515 6.1597
-0.3901 0.1350
-0.9068 -1.4986
-0.7578 5.8165
-0.3933 2.5349
-0.8758 -3.0795
-0.5584 8.4075
-0.7558 -4.1280
-0.7376 6.0257
-0.3478 2.0796
-0.5212 -0.5738
-0.6729 2.4551
-1.0708 -0.6849
-1.1612 4.6274
-0.8003 4.5713
-0.7207 1.1028
-0.5752 4.1075
-0.9943 -2.6451
-0.8662 7.4146
-0.9510 -1.1846
-1.0372 4.9509
-1.1262 0.7624
-0.8032 6.5346
-0.5434 1.0603
-0.5384 2.3613
-0.8930 -0.6852
-1.2518 2.5492
-1.2148 4.0821
-0.8330 5.5417
-0.9403 -0.1816
-1.0675 3.5999
-0.8370 3.6404
-0.4406 3.8091
-0.2997 0.9280
-0.7175 -1.8830
-0.5557 5.7018
-0.5765 -0.7692
-0.9799 0.8719
-0.9902 3.9241
-0.8701 2.4843
-0.5527 4.0613
-0.2428 1.6339
-0.0947 0.9223
-0.0574 0.2589
-0.2185 -0.4158
-0.5926 -0.8366
-0.6619 2.6812
-0.4048 2.8912
-0.3651 0.4820
-0.5517 0.7556
-0.9206 0.0135
-0.9889 3.2958
-0.3979 6.1394
-0.4233 -2.3350
-0.4219 4.0725
-0.8144 -2.5701
-1.2105 2.9387
-0.9524 5.3726
-0.9204 1.2603
-0.9799 3.3238
-1.0606 1.5588
-0.6851 5.9079
-0.3454 1.8799
-0.7482 -1.4552
-1.2120 1.1921
-0.7232 7.8206
-0.5999 -0.7941
-0.7678 2.2182
-0.6127 3.4069
-0.8314 -1.0076
-0.5258 6.3333
-0.3824 -0.6137
-0.5649 1.7126
-1.0321 -1.1541
-1.0980 5.1821
-0.9711 2.8928
-1.2262 0.6267
-0.7433 8.2410
-0.6280 -1.4725
-0.4244 4.9483
-0.1949 0.6901
-0.6694 -1.8883
-1.0734 1.9450
-0.9872 4.1988
-0.8351 3.0341
-0.9795 1.4305
-1.2342 2.3038
-1.3005 3.8618
-1.1863 3.9092
-0.8082 5.4526
-0.8773 -0.4751
-0.6196 6.3981
-0.8819 -3.0401
-0.7342 7.4384
-0.9709 -3.0630
-0.7948 7.2774
-0.3871 1.4670
-0.4263 0.8439
-0.5902 0.3163
-0.4357 3.4288
-0.3305 1.1037
-0.8820 -2.0006
-1.2654 2.5256
-0.6459 7.8910
-0.4534 -0.8298
-0.5942 2.2814
-0.9221 -0.5307
-1.0089 3.9002
-0.7058 4.2842
-0.8826 -0.4546
-0.9410 3.6767
-0.5099 4.9828
-0.7756 -2.4059
-0.8271 5.2268
-0.9963 -0.4657
-1.0455 4.1423
-0.4948 5.8369
-0.7134 -2.5985
-0.9033 3.8644
-0.7730 2.4011
-0.6497 3.0187
-0.7844 -0.1364
-0.4204 6.0901
-0.4543 -1.5179
-1.0579 -0.8737
-0.6894 7.3274
-0.2276 1.4322
-0.4176 -0.7105
-0.6600 0.9541
-0.6015 2.9004
-0.6115 1.1598
-0.8298 1.1002
-1.0339 1.3669
-0.4827 7.2072
-0.3462 -1.2067
-0.7270 -0.2591
-0.3609 6.3968
-0.8014 -4.8661
-1.0597 5.1828
-0.7590 3.3057
-0.6421 1.8224
-0.3712 3.2175
-0.1368 1.6088
-0.6034 -2.5655
-1.1465 1.3772
-1.1718 3.5831
-0.4574 7.0416
-0.0443 0.4719
-0.4482 -2.1520
-0.7614 1.7807
-0.8225 2.3973
-1.0652 1.0988
-1.2330 3.4863
-1.3212 2.4787
-0.8264 7.3704
-0.5749 1.1851
-1.0867 -1.0445
-1.1339 4.7979
-0.4363 6.8682
-0.7887 -4.3237
-1.0176 4.6796
-0.5032 4.7355
-0.3968 0.2347
-0.6735 0.3164
-0.8636 1.6931
-0.7038 4.1549
-0.8472 -0.2368
-0.8562 4.4770
-1.1066 -0.1996
-1.2508 3.8019
-0.5983 6.8840
-0.1690 1.5859
-0.7674 -3.5857
-0.9791 5.0116
-1.1494 0.0481
-0.9041 6.3503
-0.3909 2.8837
-0.1302 2.1603
-0.6600 -4.1951
-0.4958 7.0601
-0.5821 -2.5482
-0.8261 3.1534
-0.9280 1.5784
-1.1956 1.2293
-0.7204 7.5585
-0.5327 -0.0154
-0.8930 0.0364
-0.5853 5.6419
-0.1888 1.4072
-0.1659 0.9317
-0.8518 -3.5585
-1.1736 3.8491
-0.6046 5.9183
-0.1244 2.3462
-0.5395 -3.3620
-0.6216 4.0369
-0.3682 1.7290
-0.2925 1.3265
-0.5036 -0.6951
-0.5467 3.1367
-0.9722 -1.9952
-0.9924 5.9668
-1.0628 0.6169
-1.2686 3.4534
-1.2619 3.4193
-0.9140 5.6944
-0.7618 1.5196
-0.7681 2.0643
-0.3132 5.6332
-0.7987 -5.3450
-0.6507 8.1646
-0.5443 -1.2783
-0.8750 1.6715
-1.0329 1.9682
-0.8873 4.4625
-0.8325 1.8725
-1.0427 1.4329
-0.9942 4.2497
-0.9118 2.6448
-1.0805 0.9507
-0.5348 7.7645
-0.4722 -2.4239
-0.3097 4.6588
-0.1407 -0.6408
-0.1077 2.0577
-0.7366 -4.6112
-0.7549 6.3389
-0.6165 0.6281
-0.9441 0.6555
-1.0099 3.8783
-1.1529 1.1320
-0.9214 6.1004
-0.8562 1.0614
-1.1117 1.2226
-0.5705 7.6365
-0.4504 -1.7664
-0.3338 4.2577
-0.5122 -2.2365
-0.5697 3.9731
-0.8732 -1.7544
-0.8559 4.9171
-0.3953 4.1114
-0.8171 -3.3484
-0.8388 5.3249
-0.2526 3.9832
-0.2345 -1.0516
-0.4678 0.1458
-0.2343 3.4305
-0.1311 -0.3080
-0.3244 -0.1805
-0.4454 1.0807
-0.5513 0.7104
-0.4904 2.4732
-0.4319 1.2166
-0.5623 0.4655
-0.5491 2.7969
-0.8191 -0.5503
-1.0658 2.0793
-0.4480 7.0857
-0.1447 -0.7117
-0.1746 1.2008
-0.3501 -0.8446
-0.4922 1.7875
-0.8211 -0.5599
-1.0226 3.2489
-1.1389 1.9542
-1.0578 4.4393
-0.8744 3.5681
-1.1577 0.0358
-1.0857 5.4867
-0.6802 3.7456
-0.4696 1.7124
-0.1988 3.4725
-0.8054 -4.5904
-1.1499 4.3585
-0.7312 5.3863
-0.9372 -1.0936
-1.1202 3.7629
-0.8102 5.0311
-1.0533 -0.6557
-1.2727 3.6937
-0.8661 5.7823
-0.6027 1.6041
-0.3631 3.0353
-0.1694 1.1080
-0.3540 -1.0070
-0.3767 1.9959
-0.1761 2.2552
-0.6500 -2.8343
-1.2077 1.5397
-1.1051 5.4337
-1.1363 1.6123
-1.2275 3.5907
-1.0203 4.4796
-0.7932 3.0367
-0.5877 3.0511
-0.6104 0.5725
-0.5419 2.6993
-0.3214 2.3542
-0.5076 -0.7622
-0.8249 1.0763
-0.8538 3.1763
-0.9386 1.1769
-0.6888 4.6247
-0.1864 3.2358
-0.1770 -0.9854
-0.3590 0.7289
-0.6209 -0.3219
-0.6309 3.2989
-0.7632 -0.2170
-0.5511 5.0434
-0.5136 -0.7904
-0.2615 4.8850
-0.5723 -3.2322
-1.1007 1.8432
-1.1945 3.5110
-1.2041 2.6760
-0.6484 7.6768
-0.9254 -3.5720
-1.0032 5.7102
-0.4603 3.9399
-0.1787 1.1949
-0.1096 1.0306
-0.5694 -2.5544
-0.8763 2.7479
-1.0033 1.5954
-0.9844 3.6485
-0.7975 2.9739
-0.4236 4.4322
-0.7014 -2.9374
-0.4108 7.2462
-0.5517 -3.7600
-0.5038 5.1097
-0.2238 1.4410
-0.8420 -3.0800
-1.2741 3.3115
-1.1137 4.2523
-0.5898 5.5803
-0.5174 -0.4125
-0.5484 2.2648
-0.2899 2.6470
-0.2623 -0.3045
-0.1796 2.7558
-0.8412 -5.0758
-0.7359 7.7200
-0.4532 0.0505
-0.4199 2.6558
-0.6787 -1.1255
-0.8293 3.2518
-0.9491 0.4802
-0.4342 7.0272
-0.1766 -0.5266
-0.6117 -1.1738
-0.8119 2.7537
-1.0058 0.3230
-0.5243 7.3078
-0.3535 -1.0982
-0.5418 1.4309
-0.6508 0.9071
-0.5770 3.2433
-0.8062 -1.1408
-0.4943 6.0468
-0.1083 0.8886
-0.2945 -1.2460
-0.2483 2.6777
-0.3761 -0.9717
-0.6990 0.1453
-0.3909 5.1605
-0.4293 -1.4458
-0.7171 1.3708
-0.7778 1.6408
-0.3383 5.6729
-0.6601 -3.6456
-1.0296 2.9242
-0.6476 5.1872
-0.5569 0.5842
-0.8765 0.6411
-1.1040 1.8959
-0.6688 6.7912
-0.7788 -1.9713
-0.7805 5.3455
-1.0284 -1.0228
-1.2596 3.6662
-0.7851 6.1172
-0.4980 1.5488
-0.6038 1.2841
-1.0688 -1.2474
-0.6527 8.3308
-0.5366 -1.3499
-0.8434 1.7739
-0.9584 1.5762
-0.4553 6.6771
-0.5359 -2.5414
-0.7072 3.0306
-0.5323 2.9880
-0.9958 -2.6624
-0.6266 8.8073
-0.6485 -3.0935
-0.5631 6.1002
-0.9022 -3.3491
-0.9422 5.9844
-0.6548 2.0310
-0.4583 3.1233
-0.5820 -0.1018
-1.0153 -0.3099
-0.5394 8.0047
-0.5877 -3.1541
-0.4871 5.2698
-0.2686 0.8224
-0.8353 -3.0252
-0.5338 7.9827
-0.6489 -3.6817
-0.4540 6.7475
-0.4561 -1.9131
-0.8014 0.9918
-0.4682 5.5317
-0.7489 -3.2687
-0.6288 6.3686
-0.5184 -0.6247
-0.4638 3.6030
-0.7686 -2.1678
-0.6325 5.6276
-0.3575 0.6994
-0.1556 3.1864
-0.7555 -5.2558
-0.5271 8.2115
-0.2804 -0.9381
-0.7128 -0.7187
-0.6352 4.4278
-0.6811 -0.2299
-0.6346 4.0674
-0.9344 -1.8396
-0.6204 6.9841
-0.1035 1.4201
-0.0932 0.0915
-0.4913 -1.6544
-0.7835 1.9962
-1.0224 1.2816
-1.2569 2.1785
-0.8634 7.0077
-0.9080 -0.9253
-0.7940 5.3529
-0.5332 1.5553
-0.3160 3.4084
-0.7964 -3.6816
-0.7615 6.4479
-0.7245 -0.3380
-0.7890 3.7141
-1.1163 -1.0709
-0.7656 7.9892
-0.6007 -0.2187
-0.9629 0.4168
-0.5970 6.7834
-0.7909 -2.6611
-0.9210 4.1631
-0.3957 5.3705
-0.8629 -4.4648
-0.8797 6.7168
-0.6240 1.6387
-0.9164 0.5365
-1.2378 1.5179
-0.7394 7.3447
-0.2495 2.1376
-0.6952 -2.5659
-0.9764 3.0869
-0.7471 4.0618
-0.7865 1.0772
-1.1448 1.0055
-1.2242 4.0141
-0.9398 5.0765
-1.0712 0.5751
-1.2636 3.4713
-1.1480 3.7078
-0.5264 6.7907
-0.5331 -1.6959
-0.8169 2.2911
-1.0685 0.7056
-0.9173 5.4292
-0.7961 1.6857
-0.9349 1.3062
-0.4665 5.9896
-0.0934 0.4472
-0.0565 0.4315
-0.1058 -0.1119
-0.2718 -0.5230
-0.1820 2.6055
-0.5231 -2.5709
-0.8070 2.3896
-0.6963 2.4278
-0.2600 4.5631
-0.4370 -2.9082
-0.3931 3.9195
-0.0743 1.9029
-0.6653 -3.8208
-1.1994 1.7744
-0.5653 8.4210
-0.5884 -3.2498
-0.4099 6.1935
-0.5140 -2.3896
-0.8421 2.0830
-0.8343 3.0850
-1.1495 -0.0474
-1.0599 5.3969
-0.4786 5.4589
-0.8683 -3.8027
-0.7662 7.1407
-0.6147 -0.1129
-0.6591 3.0665
-0.9112 -0.8638
-0.5174 7.1242
-0.3525 -1.0069
-0.5723 1.2496
-0.7427 1.3079
-1.0868 0.2308
-0.7545 6.7077
-0.4547 1.3123
-0.7508 -0.7132
-0.5466 5.3042
-0.5402 -0.8590
-0.5489 3.2944
-0.6963 -0.2844
-0.8291 2.8162
-0.8928 1.5394
-0.7380 3.8287
-0.4328 2.4800
-0.1418 2.6167
-0.5087 -3.2532
-0.5208 4.0703
-0.1287 2.3694
-0.3147 -1.9326
-0.4361 2.4132
-0.7201 -1.3314
-0.6265 4.7255
-0.4711 1.1981
-0.8063 -0.3604
-0.9625 2.6310
-0.5077 5.6898
-0.5774 -1.1415
-1.1017 0.5937
-1.2741 3.7888
-1.2111 3.3699
-0.7058 6.9120
-0.9549 -3.0198
-0.6984 7.8403
-0.4451 -0.5003
-0.3179 3.4977
-0.5339 -1.6438
-0.9150 1.4422
-0.9730 2.3853
-0.3874 7.1280
-0.8215 -5.5201
-0.8029 7.7235
-0.7888 -0.7316
-1.1822 1.8930
-1.1631 4.1817
-0.8681 4.4207
-0.7384 1.6210
-0.4184 4.3674
-0.3977 -0.1760
-0.8963 -0.8152
-1.0230 3.9789
-0.9299 2.8309
-0.9350 2.2327
-0.6688 5.0158
-1.0095 -2.3990
-0.8235 6.9912
-0.3422 2.5726
-0.6602 -2.1589
-0.5117 5.9786
-0.9053 -3.7534
-1.0198 5.4445
-0.4192 4.4825
-0.0863 1.5408
-0.5133 -3.3525
-0.3686 5.2104
-0.0670 0.4771
-0.3723 -1.5544
-0.6018 1.8512
-0.9384 -0.8098
-0.5675 7.5526
-0.7943 -3.6404
-0.8186 6.2380
-0.9344 -1.3215
-0.5991 6.8168
-0.1239 1.5095
-0.3893 -1.9667
-0.4212 3.1068
-0.5176 -0.1084
-0.9477 0.2685
-1.1917 2.1560
-0.5634 7.7051
-0.2621 -0.4563
-0.3963 0.6590
-0.3142 2.1646
-0.4853 -1.1793
-0.3036 4.0790
-0.1939 -0.6363
-0.1636 1.8417
-0.4163 -1.2155
-1.0356 -1.3744
-0.6488 8.4282
-0.8231 -3.6289
-0.7548 6.8368
-0.7968 -0.7983
-1.1155 2.2735
-0.9708 4.6726
-0.9341 1.7620
-0.9249 3.6112
-1.1249 0.8843
-1.1641 4.1231
-0.7816 4.7780
-0.4752 2.1935
-0.2919 2.1897
-0.5131 -1.4322
-0.4747 3.4692
-0.3225 1.5351
-0.8642 -2.4788
-1.0715 4.2794
-0.8370 3.9041
-1.0008 0.3218
-0.9048 4.8303
-0.6196 3.0474
-0.7892 0.0456
-0.8868 2.7253
-0.5112 4.5466
-0.3807 0.5261
-0.6435 -0.2801
-0.4931 4.6539
-0.8842 -3.4892
-0.5455 8.8625
-0.7538 -3.8795
-1.3015 2.6230
-1.0555 5.3397
-0.5176 5.0755
-0.7913 -2.5101
-0.8164 5.3522
-0.8376 0.0200
-0.6637 4.6975
-0.3632 2.5295
-0.9168 -3.6566
-0.5923 8.1917
-0.0903 1.1160
-0.6835 -3.3984
-1.0795 2.7035
-0.6893 5.4847
-0.4840 1.2469
-0.7799 -0.1612
-0.8807 3.2410
-0.8723 1.9426
-0.7219 4.2046
-1.0571 -1.8155
-0.6669 8.5660
-0.6077 -2.2524
-0.5219 4.7838
-0.3929 0.1434
-0.4333 2.0537
-0.8516 -1.6931
-0.9402 4.2773
-0.5969 3.7703
-0.6291 0.2249
-0.6809 2.5970
-0.7086 1.1239
-0.4995 3.8461
-0.4430 0.3519
-0.5889 0.6993
-0.3235 3.6409
-0.0581 1.2563
-0.5019 -3.2256
-0.5016 4.9025
-0.7823 -2.9244
-0.4658 7.2925
-0.1996 -0.4838
-0.6479 -1.6384
-0.4592 5.2975
-0.4233 -1.0380
-0.4815 2.2653
-0.3889 1.3082
-0.3444 1.9833
-0.9423 -3.4218
-0.8073 6.9834
-0.2754 3.0850
-0.8269 -4.2722
-0.6394 8.0237
-0.7008 -2.3362
-0.9568 3.3950
-0.9626 2.3968
-1.0416 1.9991
-0.5790 5.9157
-0.1311 1.8296
-0.3791 -1.8038
-0.6091 1.4439
-0.4437 3.3942
-0.8052 -2.6215
-0.5400 7.1335
-0.4744 -1.4754
-0.7157 1.3162
-0.3009 5.5109
-0.6799 -4.4230
-0.7478 5.6071
-0.5798 0.6362
-0.3879 3.5565
-0.4213 -0.4947
-0.5979 1.4791
-0.7522 0.4944
-0.3636 5.6354
-0.3753 -1.7563
-0.6440 1.8654
-1.0638 -0.7183
-1.0240 5.6841
-0.9010 1.6874
-0.7466 4.0241
-0.6550 1.9815
-1.0914 -1.0361
-0.8904 7.3462
-1.0571 -1.6173
-1.0583 6.2033
-1.1005 0.5638
-0.9883 5.6079
-1.0037 1.0836
-1.1399 2.8478
-0.7770 5.4148
-0.4879 2.4357
-0.9644 -2.3451
-0.7952 7.2638
-0.8345 -1.5594
-0.5822 6.4756
-0.5054 -0.9601
-0.5857 2.4108
-0.4392 1.9831
-0.3512 2.0203
-0.9351 -2.9795
-1.0919 5.1385
-0.7579 3.8023
-0.7346 1.5936
-1.0213 0.7594
-1.0322 3.6769
-0.4823 5.5320
-0.2467 0.7817
-0.8586 -2.8925
-0.9584 5.2664
-0.8007 1.6393
-0.4632 4.4733
-0.2044 0.8615
-0.2563 0.2584
-0.3910 0.5565
-0.6456 -0.0520
-0.6199 3.4731
-0.7703 -0.2819
-0.7347 4.0243
-0.6672 1.7476
-1.0773 -1.0401
-0.5632 8.9504
-0.5533 -2.7048
-0.9658 1.4945
-0.5582 6.4056
-0.8159 -3.4191
-0.5795 7.8163
-0.7411 -3.5544
-0.6090 6.5490
-0.4616 -0.4280
-0.5656 2.0360
-0.6956 0.7605
-0.8455 1.3837
-0.3857 6.2836
-0.7004 -3.9984
-0.8900 5.0934
-1.0562 -0.6043
-0.6501 7.6969
-0.4634 -0.1896
-1.0415 -1.0993
-1.0581 5.2984
-0.7740 3.1396
-0.6726 2.6577
-1.0223 -1.2503
-0.5140 9.1800
-0.8285 -5.4028
-0.9412 6.9113
-0.9449 -0.2093
-0.8580 5.3226
-0.9562 -0.5130
-0.5406 7.2775
-0.4088 -0.8980
-0.8769 0.2069
-1.2562 1.4659
-0.9797 5.9626
-0.3465 4.9202
-0.6632 -3.1680
-0.9541 2.9879
-0.4841 5.1461
-0.2574 0.5911
-0.5339 -0.9586
-0.4167 4.4365
-0.8548 -3.0125
-1.3328 3.0564
-1.1756 5.2465
-1.1196 2.0388
-0.7438 5.7153
-0.2725 3.0699
-0.6658 -2.6200
-1.0650 2.4921
-1.0185 3.1541
-0.5327 5.2174
-0.1204 1.9879
-0.4762 -2.9372
-0.4324 4.3862
-0.3284 0.0575
-0.5599 0.0447
-0.4730 3.7150
-0.9153 -3.0174
-0.7849 7.0279
-0.6450 0.4999
-1.1207 -0.1184
-1.0979 5.1173
-0.6931 4.4765
-0.8406 -0.8528
-0.5788 5.7201
-0.1939 1.1568
-0.0899 1.3709
-0.5772 -2.9999
-0.9179 2.7333
-0.9233 2.5695
-0.9325 2.5810
-0.8584 3.5057
-1.1069 0.0543
-0.9050 5.8401
-0.3577 3.6486
-0.2764 0.0183
-0.4785 0.4121
-0.7360 0.3591
-0.6373 3.8002
-0.5610 0.8990
-0.4860 2.8876
-0.7684 -0.8790
-1.1069 1.8176
-0.7507 6.3739
-0.8539 -1.5560
-0.6079 6.9956
-0.9205 -3.7196
-0.8371 7.2988
-0.7479 -0.1608
-0.8680 2.4215
-0.4024 5.5128
-0.5330 -2.7290
-0.3638 5.4783
-0.4299 -1.9567
-0.7163 2.0991
-1.0901 -0.6952
-0.6796 7.5238
-0.1415 1.9746
-0.5486 -3.0146
-0.6057 4.3335
-0.6298 -0.2565
-0.5178 4.1098
-0.7161 -1.7168
-0.4876 5.9702
-0.4957 -1.1674
-0.9259 0.8700
-1.1704 1.9182
-0.7677 6.6118
-0.6384 0.6116
-1.0974 -0.6420
-0.6439 8.5778
-0.7676 -3.0025
-1.0702 4.0415
-1.2102 1.2870
-0.9424 6.2183
-0.6498 2.2106
-0.7063 1.1866
-0.6030 2.7992
-0.2489 3.4694
-0.5054 -2.4969
-0.6398 3.2835
-0.6367 1.1763
-0.8624 0.7444
-0.7157 4.0952
-0.3533 3.4024
-0.7812 -2.5813
-1.2465 2.0464
-0.7191 7.7000
-0.6385 -1.1745
-0.6528 3.9352
-0.7933 -0.7604
-0.4348 6.9083
-0.7953 -4.1698
-1.2211 3.2857
-0.5895 7.5003
-0.6103 -2.2674
-0.6307 3.9959
-0.3581 2.5627
-0.8217 -2.4417
-1.0966 3.6866
-0.8979 3.9344
-0.8364 2.3417
-1.0678 0.7070
-0.7665 6.2722
-0.5996 0.3439
-0.4643 3.5138
-0.5042 -0.4833
-0.3936 3.3980
-0.3824 0.1079
-0.7269 -0.4721
-0.5870 4.7816
-0.6967 -0.6299
-1.0254 1.7226
-0.9660 3.8659
-0.7397 3.2413
-0.5854 1.9515
-0.2770 3.8486
-0.6777 -2.9906
-1.2200 1.4046
-0.7307 7.8480
-0.7132 -1.4041
-0.8878 3.4630
-1.0106 1.2314
-1.0191 3.4127
-0.5420 5.1055
-0.2210 1.2920
-0.3551 -0.6205
-0.3417 2.5169
-0.6045 -1.8512
-0.4072 5.5695
-0.6106 -2.4756
-1.0280 1.4069
-0.4700 7.7072
-0.7611 -4.1309
-1.1747 3.1058
-0.4905 7.6743
-0.4793 -2.8739
-0.3268 5.2392
-0.4121 -2.5307
-0.3320 4.3811
-0.5241 -2.6485
-0.3836 4.8095
-0.1170 1.1295
-0.8572 -4.2133
-1.2113 4.5577
-1.0082 4.0293
-1.0282 1.5435
-0.6146 5.9069
-0.2047 1.6252
-0.3254 -0.2397
-0.8118 -0.9117
-1.0507 3.0339
-1.0161 2.9102
-0.7450 4.4652
-0.6546 1.4407
-0.8979 0.7257
-0.8993 3.3562
-0.5100 4.4300
-0.5139 0.1059
-1.0386 -0.4169
-1.3182 2.7246
-0.5976 8.3046
-0.1425 0.0371
-0.1147 1.2344
-0.4526 -1.6116
-1.0276 -0.3261
-0.9267 5.3265
-0.5624 3.5194
-0.9177 -2.0512
-0.6897 7.0308
-0.5912 -0.2386
-1.0416 0.5045
-1.2164 2.8720
-0.5934 7.3562
-0.3272 -0.2331
-0.5085 1.0716
-0.8690 -0.2785
-0.9999 3.3694
-0.8275 3.3366
-0.6113 2.8563
-0.4478 2.2527
-0.6438 -0.1088
-0.9919 0.7706
-0.7382 5.4108
-0.4313 1.4663
-0.1658 2.6091
-0.0973 -0.4428
-0.1704 0.6381
-0.4324 -0.6361
-0.8853 -0.3608
-0.7668 4.7022
-0.3458 2.9311
-0.2207 1.2597
-0.8860 -3.5858
-1.0446 5.1513
-0.5907 4.6473
-0.8671 -1.4510
-1.2567 2.4622
-0.9804 5.6998
-0.6802 2.5886
-0.5729 2.1331
-0.5265 2.0926
-0.9271 -1.0969
-1.0719 4.4161
-1.1535 0.9724
-0.5332 8.1378
-0.1279 0.0323
-0.5097 -1.3761
-0.7795 1.6309
-0.6836 3.2192
-0.6693 1.6679
-1.0371 -0.1870
-0.9683 4.9969
-0.5303 3.9933
-0.5613 -0.3427
-0.5250 3.3430
-0.6897 -0.5165
-0.8385 2.8583
-0.9149 2.0122
-1.2032 1.0267
-0.9552 5.8120
-0.3079 4.7572
-0.4327 -2.1233
-0.6972 2.1975
-0.9397 0.7545
-1.2105 1.7118
-0.6487 8.2677
-0.8266 -3.6918
-0.6351 7.5275
-0.5869 -1.9829
-0.3313 6.1291
-0.7057 -4.6158
-0.8117 5.3486
-0.4089 3.3554
-0.9075 -3.6408
-0.5962 8.3525
-0.3405 -0.8731
-0.5831 0.6345
-0.4784 2.9686
-0.4442 1.0750
-0.9006 -1.6475
-0.6318 6.9722
-0.5724 -1.3584
-0.4856 4.3564
-0.6331 -1.5541
-0.5519 4.3869
-0.4013 0.8882
-0.6133 -0.0705
-0.5017 3.9600
-0.7468 -1.8871
-0.5916 6.0565
-0.8213 -2.3018
-1.0476 3.4603
-0.4963 6.0520
-0.5045 -1.8917
-0.3436 4.4564
-0.1800 -0.1242
-0.3558 0.3799
-0.7625 -0.8128
-0.9071 3.1930
-0.7856 2.5547
-0.4469 3.9916
-0.3487 0.5430
-0.7363 -0.9516
-0.7890 3.5582
-0.5406 2.5484
-0.2364 2.5358
-0.0766 1.2692
-0.7947 -4.7160
-0.8589 6.7160
-0.9735 -1.3688
-0.6971 7.1677
-0.6258 -1.1016
-0.5400 4.6621
-0.8760 -2.7714
-0.6757 7.1452
-0.5782 -0.2944
-1.1068 -0.1566
-1.1435 4.8718
-0.8664 3.6077
-0.6106 3.3353
-0.6430 0.1020
-0.2973 4.8769
-0.1109 -0.4694
-0.3047 -0.4515
-0.1938 2.4691
-0.2242 -0.5868
-0.4825 0.4757
-0.9476 -0.4401
-1.2407 2.2299
-0.5270 8.6074
-0.3941 -1.8901
-0.8238 0.7905
-1.0051 1.7967
-0.5499 5.8225
-0.0944 1.6398
-0.2115 -1.1170
-0.3998 0.5464
-0.3300 1.9253
-0.2873 1.0236
-0.6731 -1.7659
-0.5517 4.8165
-0.2801 1.1333
-0.3301 0.5300
-0.5292 -0.0966
-0.4175 3.4051
-0.5223 -0.2531
-1.0545 -0.3395
-1.2035 4.2535
-1.0810 3.8302
-1.2010 2.0290
-1.2897 3.5054
-0.9714 5.6685
-0.8823 1.1797
-0.6771 4.6478
-0.6435 0.8648
-1.0646 -0.1714
-0.9331 5.6614
-0.6321 2.6991
-0.7813 0.3076
-0.7520 3.2279
-0.3371 3.9941
-0.3680 -1.2821
-0.3232 3.5100
-0.8364 -3.5242
-1.1238 4.2256
-0.7765 4.1029
-0.3026 3.6422
-0.1333 0.2212
-0.2810 -0.0330
-0.5818 -0.6778
-0.3792 4.4444
-0.3608 -1.0406
-0.3520 2.2835
-0.1870 1.1261
-0.1582 0.3329
-0.1673 1.1944
-0.7587 -3.7233
-0.6111 6.5137
-0.1926 1.7831
-0.7531 -3.0209
-1.2605 2.4456
-1.1440 4.3167
-0.4680 6.3055
-0.1530 -0.0092
-0.1961 0.4417
-0.1621 1.2033
-0.4541 -1.9470
-0.3131 4.7843
-0.6924 -3.8555
-0.7827 4.8851
-0.3903 2.6180
-0.1857 1.7685
-0.5252 -1.7996
-0.9631 1.0366
-0.9165 3.7438
-0.5210 4.6220
-0.7999 -2.1644
-0.8734 4.7246
-0.7723 2.0262
-1.0799 0.4964
-1.0654 4.2344
-0.4717 6.0722
-0.6425 -2.8265
-0.6268 5.2979
-0.8184 -1.5641
-0.9062 4.2764
-0.7618 1.9588
-0.4175 4.0452
-0.1010 2.0843
-0.8261 -5.5744
-0.5660 8.6430
-0.0599 0.4209
-0.4102 -1.3475
-1.0343 -0.9562
-0.9705 6.1801
-1.1259 -0.3645
-1.1461 5.4551
-1.0800 2.3388
-1.1369 3.4132
-1.2391 2.6847
-1.3293 3.0011
-0.8101 7.4628
-0.7711 -0.7928
-0.8159 4.3034
-1.0964 -0.7056
-1.0349 5.6611
-0.6608 2.9553
-0.2500 4.1267
-0.6252 -4.0572
-0.4149 7.1331
-0.5466 -3.5122
-0.5802 4.9225
-0.7091 -0.6768
-1.2000 0.4779
-0.8401 7.3926
-0.6569 0.3497
-0.7720 1.8395
-0.4441 4.7676
-0.7043 -2.2585
-0.9943 3.1942
-1.0318 1.9200
-0.6116 5.6854
-0.1788 1.9746
-0.3652 -1.6355
-0.3159 3.1169
-0.2953 -0.5885
-0.1676 2.7913
-0.3441 -1.9001
-0.5232 1.7824
-0.4715 1.6743
-0.5018 0.6630
-0.2474 3.6635
-0.3842 -1.5939
-0.7852 0.3167
-0.6324 4.5048
-0.6513 0.3201
-0.9817 0.8122
-0.8819 4.9955
-1.0625 -0.0645
-1.1554 4.2746
-0.8913 3.6763
-0.3788 4.9827
-0.4364 -2.0244
-0.2887 4.9672
-0.8143 -5.3776
-0.5685 8.5320
-0.1987 -0.6500
-0.2676 1.6363
-0.8181 -2.6139
-1.2330 3.0313
-1.1076 4.6662
-1.1128 1.6743
-0.6901 7.0137
-0.8895 -2.9272
-0.5808 7.7610
-0.3135 -0.0869
-0.8865 -1.6799
-1.0515 4.5211
-1.1599 1.4660
-1.2239 3.5200
-0.6464 6.7901
-0.4653 0.3780
-1.0549 -1.4643
-1.1335 5.4762
-1.0505 1.6463
-0.5093 7.6019
-0.8395 -4.4265
-0.9870 5.4347
-0.4331 4.6061
-0.5625 -1.1443
-1.0799 0.2152
-0.9608 5.9647
-1.1284 -0.1309
-1.3226 3.8701
-0.9282 6.3318
-1.0804 -0.5606
-1.1749 4.3545
-0.6376 5.4759
-0.2233 1.7291
-0.0773 1.2445
-0.4490 -2.1286
-0.9174 0.2941
-0.5276 6.2120
-0.2405 0.9392
-0.9223 -3.2187
-1.2117 4.2457
-0.7166 6.2661
-0.9637 -2.2692
-0.9201 5.8737
-0.4761 3.1178
-0.4279 0.4875
-0.4178 2.1672
-0.7293 -1.3472
-0.6966 4.5906
-0.6881 0.5183
-0.8367 1.9826
-0.7639 3.0089
-0.6565 2.1767
-0.5442 2.1942
-0.3898 1.8631
-0.2081 2.2356
-0.6341 -3.3303
-0.4011 6.9310
-0.6191 -3.5033
-1.0342 2.8826
-1.0889 2.5916
-0.9810 4.3569
-1.1483 0.4431
-0.8465 6.7354
-0.5939 0.9780
-0.4950 2.4057
-0.1688 2.9773
-0.3700 -2.0358
-0.6580 1.4104
-0.6628 1.7438
-0.2876 4.1170
-0.1533 -0.3597
-0.3160 0.2104
-0.4922 0.2073
-0.3979 2.8169
-0.4169 -0.0499
-0.4411 1.6620
-0.2496 2.8117
-0.7892 -3.6743
-0.9918 5.2230
-1.1554 0.1736
-1.0475 5.8455
-0.8465 2.1030
-0.6440 4.1582
-0.8717 -1.0925
-0.8314 5.2930
-0.9417 -0.3097
-0.8454 5.3461
-0.8742 0.4322
-0.9612 3.0742
-0.6975 3.6737
-0.2958 3.2559
-0.2441 -0.1360
-0.4956 -0.0743
-0.6395 1.3309
-0.4422 3.2452
-0.3365 0.6917
-0.4145 0.9533
-0.6354 -0.2800
-0.3782 4.7995
-0.3882 -0.9549
-0.7931 0.4071
-1.0742 1.6349
-0.8933 5.3815
-1.0767 -0.3202
-1.1389 4.9267
-1.0652 2.0152
-0.5506 6.8038
-0.4955 -1.7809
-0.3099 5.0045
-0.5760 -3.3669
-0.6414 4.9465
-0.9124 -2.2218
-0.5969 7.2079
-0.1345 1.1260
-0.3703 -1.5447
-0.3510 3.1598
-0.5454 -1.4420
-0.6658 2.3713
-0.2599 4.0058
-0.2155 -1.0977
-0.2623 1.4517
-0.2334 1.2917
-0.9198 -3.7316
-1.0300 6.1753
-0.9697 0.9358
-0.7525 4.8768
-0.3642 2.7183
-0.3796 0.3098
-0.7652 -0.7412
-0.7294 3.7961
-0.2374 4.2092
-0.4679 -2.7297
-0.7338 2.6111
-0.8507 0.5442
-0.4012 6.8536
-0.7549 -4.6189
-0.8772 5.5882
-0.5565 2.2791
-0.4407 2.3645
-0.8674 -2.2326
-0.6919 6.3579
-0.3967 1.4754
-0.9074 -2.1730
-0.8849 5.2444
-0.3007 4.0608
-0.1280 0.4571
-0.6947 -3.1015
-0.6891 5.1346
-0.4340 1.3991
-0.4146 1.9418
-0.9731 -2.6933
-0.9438 6.7357
-1.0149 -0.2087
-1.1580 4.0835
-1.0962 3.2013
-1.0835 2.7333
-0.6856 5.9821
-0.8557 -1.7019
-0.8660 4.6475
-0.4175 3.6270
-0.3069 0.5824
-0.5806 -0.4210
-0.6943 2.8618
-1.0882 -0.9676
-1.0628 5.7859
-0.8608 1.8981
-0.3885 5.3469
-0.0853 0.3692
-0.2889 -0.7572
-0.5402 0.9620
-1.0216 -1.4929
-0.5587 8.7742
-0.6306 -3.2501
-0.9182 3.0249
-0.5478 5.0446
-0.8987 -2.9259
-0.8258 6.8068
-0.9070 -1.3151
-0.6914 6.4501
-0.6233 -0.1605
-0.9613 1.2995
-1.1498 2.1733
-0.7768 5.8367
-0.3743 2.6077
-0.6617 -1.3847
-0.8958 2.0943
-0.3944 6.0825
-0.5269 -2.2448
-1.1179 0.0092
-0.7278 7.6293
-0.6586 -0.6287
-1.1106 0.5304
-0.8288 6.7586
-0.8949 -0.5517
-1.2001 2.0400
-0.5375 8.0702
-0.2708 -1.0792
-0.3653 2.0849
-0.8912 -2.6588
-1.0037 4.6986
-0.4358 5.0451
-0.3860 -0.9062
-0.4380 2.7970
-0.9784 -2.6395
-1.2841 4.5209
-1.1962 2.9260
-0.5629 7.3837
-0.3780 -0.8644
-0.5787 1.1093
-0.5132 2.9198
-0.9163 -1.9566
-0.8704 6.0079
-0.8887 0.0924
-0.9088 3.7893
-0.6581 2.9152
-0.2971 3.9482
-0.7617 -3.8600
-0.8750 4.8960
-0.3272 4.3671
-0.4379 -2.1666
-0.3025 4.3484
-0.2899 -0.6074
-0.9235 -2.1767
-0.7841 6.3477
-0.4674 1.4045
-0.4373 1.7381
-0.6428 -0.1849
-0.7313 2.5164
-0.5941 3.0550
-0.9205 -1.2124
-0.8623 5.6972
-0.9566 -0.4073
-0.8004 5.4674
-0.5163 1.7002
-0.3416 2.1727
-0.1540 1.7524
-0.5132 -2.4656
-0.6136 3.1537
-0.3192 2.8567
-0.5192 -1.1271
-0.8894 1.0628
-0.9222 2.7008
-0.3653 5.9234
-0.3187 -1.3775
-0.7643 -0.3022
-0.7021 4.1098
-0.5853 1.7157
-0.9004 -0.6251
-0.5662 6.3462
-0.2279 1.1323
-0.7334 -2.1470
-1.1913 1.5514
-0.6470 7.3532
-0.1396 1.9456
-0.7120 -3.8096
-0.9249 4.1932
-0.5176 3.6862
-0.1743 2.4658
