a b
-0.0002 0.0000
-0.0008 0.0000
-0.0032 0.0000
-0.0121 0.0000
-0.0439 0.0000
-0.1543 0.0000
-0.5306 -1.0000
-0.9635 0.0000
-0.4506 8.0000
-0.6881 -4.0000
-1.1829 3.0000
-1.1822 3.0000
-0.6070 7.0000
-0.4907 -1.0000
-0.5323 3.0000
-0.7184 0.0000
-1.1840 0.0000
-0.6385 9.0000
-0.6635 -3.0000
-0.7302 5.0000
-0.9063 -1.0000
-0.8072 5.0000
-0.2918 4.0000
-0.5877 -3.0000
-0.6225 5.0000
-0.9424 -2.0000
-1.1610 4.0000
-0.7032 6.0000
-0.9809 -2.0000
-1.2207 4.0000
-0.7151 6.0000
-0.5156 1.0000
-0.8176 0.0000
-0.8205 4.0000
-0.8926 1.0000
-1.0216 3.0000
-1.1471 2.0000
-1.0166 5.0000
-1.0453 1.0000
-0.7273 6.0000
-0.5036 1.0000
-0.6359 1.0000
-0.6700 2.0000
-0.5155 3.0000
-0.6687 0.0000
-1.0367 1.0000
-1.0335 4.0000
-0.7541 4.0000
-0.7701 1.0000
-0.8842 2.0000
-0.5935 5.0000
-0.8723 -2.0000
-1.0021 4.0000
-0.3806 6.0000
-0.4757 -2.0000
-1.0929 0.0000
-1.1664 4.0000
-0.4906 7.0000
-0.4892 -2.0000
-0.7386 2.0000
-0.5835 3.0000
-0.4586 2.0000
-0.8287 -1.0000
-1.1218 3.0000
-1.2138 2.0000
-0.5149 9.0000
-0.7633 -5.0000
-0.7778 7.0000
-0.8479 -1.0000
-1.1385 3.0000
-1.1410 3.0000
-0.7599 6.0000
-0.9471 -2.0000
-0.5070 8.0000
-0.0656 0.0000
-0.2677 -1.0000
-0.1842 3.0000
-0.6372 -4.0000
-0.5014 7.0000
-0.8793 -4.0000
-1.3179 4.0000
-1.1030 5.0000
-1.1360 2.0000
-1.3265 3.0000
-1.3407 4.0000
-1.0985 5.0000
-0.9034 3.0000
-0.8040 3.0000
-0.8533 1.0000
-0.3801 6.0000
-0.1480 0.0000
-0.7952 -3.0000
-0.9428 5.0000
-0.9959 1.0000
-1.0959 3.0000
-0.6635 6.0000
-0.7739 -1.0000
-1.1680 2.0000
-1.1529 4.0000
-0.8426 5.0000
-1.0587 -1.0000
-0.7102 8.0000
-0.8344 -3.0000
-0.5563 8.0000
-0.8203 -4.0000
-1.0248 5.0000
-0.7079 3.0000
-0.2933 4.0000
-0.3812 -1.0000
-1.0342 -2.0000
-0.5559 9.0000
-0.4068 -2.0000
-0.7660 1.0000
-0.6575 4.0000
-0.9337 -1.0000
-1.0718 4.0000
-0.8011 4.0000
-0.7070 2.0000
-0.9154 1.0000
-1.0706 3.0000
-1.2360 2.0000
-1.1091 5.0000
-0.7997 4.0000
-0.9181 0.0000
-0.5303 7.0000
-0.7434 -3.0000
-1.0740 3.0000
-0.5857 6.0000
-0.5047 0.0000
-1.0853 -1.0000
-1.1375 5.0000
-0.6633 5.0000
-0.6758 0.0000
-0.8582 2.0000
-0.7313 3.0000
-0.2698 4.0000
-0.0293 1.0000
-0.7980 -5.0000
-0.9190 6.0000
-0.5508 3.0000
-0.8580 -1.0000
-1.0226 4.0000
-1.1875 1.0000
-0.9723 6.0000
-0.6932 2.0000
-0.4011 4.0000
-0.6056 -2.0000
-0.5783 4.0000
-0.2382 2.0000
-0.1074 1.0000
-0.4414 -2.0000
-0.5729 3.0000
-0.8512 -1.0000
-0.7834 5.0000
-0.6449 1.0000
-0.4245 4.0000
-0.6259 -2.0000
-0.4895 5.0000
-0.3546 0.0000
-0.4959 1.0000
-0.6156 1.0000
-0.6174 2.0000
-0.3828 3.0000
-0.3458 0.0000
-0.2942 2.0000
-0.3169 0.0000
-0.3630 1.0000
-0.1583 3.0000
-0.7335 -4.0000
-1.3127 2.0000
-0.7199 8.0000
-0.2708 1.0000
-0.4156 0.0000
-0.6109 1.0000
-0.7573 1.0000
-0.4325 5.0000
-0.4941 -1.0000
-1.0141 0.0000
-1.0826 4.0000
-0.6973 5.0000
-0.8193 -1.0000
-0.5820 6.0000
-0.5555 -1.0000
-0.5911 3.0000
-0.4889 2.0000
-0.9412 -2.0000
-0.6926 7.0000
-0.3997 1.0000
-0.8799 -2.0000
-0.5720 7.0000
-0.2285 0.0000
-0.1057 2.0000
-0.2412 -1.0000
-0.7737 -1.0000
-1.0848 2.0000
-0.6547 6.0000
-0.2663 2.0000
-0.6980 -2.0000
-1.2366 1.0000
-0.8604 7.0000
-0.4122 2.0000
-0.2761 2.0000
-0.7207 -3.0000
-0.4519 7.0000
-0.3857 -2.0000
-0.4661 3.0000
-0.7119 -1.0000
-0.9084 3.0000
-0.9848 2.0000
-1.0616 3.0000
-1.1114 3.0000
-1.2745 2.0000
-0.9726 6.0000
-0.4665 4.0000
-0.7021 -2.0000
-0.5682 5.0000
-0.1417 2.0000
-0.1739 0.0000
-0.8770 -3.0000
-1.2010 4.0000
-0.9772 4.0000
-0.6007 4.0000
-0.3568 2.0000
-0.6173 -1.0000
-0.7697 3.0000
-1.0038 0.0000
-0.7598 6.0000
-0.5171 1.0000
-0.4245 3.0000
-0.9439 -3.0000
-1.0113 6.0000
-0.9005 1.0000
-0.4621 6.0000
-0.2146 0.0000
-0.4568 0.0000
-0.8100 0.0000
-0.7481 4.0000
-0.5273 2.0000
-0.3138 3.0000
-0.7423 -3.0000
-0.7973 5.0000
-0.5998 2.0000
-0.8603 0.0000
-0.8733 4.0000
-0.8251 2.0000
-0.9741 2.0000
-1.1923 2.0000
-1.1604 4.0000
-0.6692 6.0000
-0.7822 -1.0000
-1.1669 2.0000
-1.0708 5.0000
-1.1922 1.0000
-1.1213 5.0000
-0.7127 4.0000
-0.2863 4.0000
-0.8502 -5.0000
-0.5835 9.0000
-0.5640 -3.0000
-0.6283 4.0000
-0.3584 2.0000
-0.3783 1.0000
-0.9862 -3.0000
-0.5708 9.0000
-0.3732 -2.0000
-0.4300 3.0000
-0.6080 -1.0000
-0.6102 4.0000
-0.9624 -2.0000
-0.8376 6.0000
-0.2469 4.0000
-0.5989 -3.0000
-1.0943 2.0000
-1.1754 3.0000
-0.8094 6.0000
-0.9341 -1.0000
-0.8158 6.0000
-0.9257 -1.0000
-0.7081 6.0000
-0.3545 2.0000
-0.7465 -2.0000
-0.7336 5.0000
-0.7339 0.0000
-0.5744 4.0000
-0.1700 3.0000
-0.5647 -3.0000
-1.0267 2.0000
-1.0776 3.0000
-0.8309 4.0000
-0.2797 5.0000
-0.5788 -4.0000
-0.4009 7.0000
-0.8017 -5.0000
-0.9251 6.0000
-0.5540 3.0000
-0.8222 -1.0000
-0.7796 5.0000
-0.8832 0.0000
-1.0563 3.0000
-0.8859 4.0000
-0.8003 2.0000
-0.7120 3.0000
-0.6750 2.0000
-0.9700 0.0000
-0.8544 5.0000
-0.5565 3.0000
-0.9190 -2.0000
-0.5055 8.0000
-0.3091 -1.0000
-0.9105 -1.0000
-1.2940 2.0000
-0.6789 8.0000
-0.1930 1.0000
-0.3180 0.0000
-0.7254 -1.0000
-0.6584 4.0000
-0.1955 4.0000
-0.7942 -5.0000
-1.0639 5.0000
-0.6226 4.0000
-0.2624 3.0000
-0.6857 -3.0000
-0.9205 4.0000
-1.0154 1.0000
-0.8588 5.0000
-0.7291 2.0000
-1.0831 0.0000
-1.0456 5.0000
-0.6858 4.0000
-0.8067 0.0000
-0.8866 3.0000
-0.5555 4.0000
-0.3454 2.0000
-0.9563 -3.0000
-1.2420 4.0000
-0.5097 8.0000
-0.7550 -4.0000
-1.0525 4.0000
-0.6292 5.0000
-0.6816 -1.0000
-0.3681 6.0000
-0.5121 -3.0000
-0.5917 4.0000
-0.6056 -0.0000
-0.5269 3.0000
-0.2069 3.0000
-0.6597 -4.0000
-0.4320 7.0000
-0.2605 -1.0000
-0.7260 -1.0000
-0.6242 5.0000
-0.8172 -1.0000
-1.2262 2.0000
-1.1124 5.0000
-0.9079 3.0000
-0.7057 4.0000
-1.0554 -1.0000
-1.3676 3.0000
-0.6487 9.0000
-0.7357 -3.0000
-1.0727 3.0000
-0.6468 6.0000
-0.8824 -2.0000
-1.1377 4.0000
-1.1030 3.0000
-1.0934 3.0000
-0.7944 5.0000
-0.7496 1.0000
-0.9535 2.0000
-1.1941 1.0000
-0.5242 9.0000
-0.4413 -3.0000
-0.4264 4.0000
-0.2503 1.0000
-0.7153 -2.0000
-0.9297 3.0000
-0.5273 5.0000
-0.6210 -1.0000
-0.9216 2.0000
-1.0498 2.0000
-0.7781 5.0000
-0.4899 2.0000
-0.3742 2.0000
-0.6099 -1.0000
-0.5688 4.0000
-0.6969 -1.0000
-0.4492 6.0000
-0.8604 -4.0000
-1.1198 5.0000
-0.9162 3.0000
-0.6886 4.0000
-0.8784 -1.0000
-0.4596 7.0000
-0.1214 0.0000
-0.4753 -1.0000
-0.9270 0.0000
-0.7297 5.0000
-0.1958 4.0000
-0.7093 -5.0000
-0.5518 8.0000
-0.8099 -4.0000
-1.0027 5.0000
-0.6682 3.0000
-0.2548 4.0000
-0.5070 -3.0000
-0.4715 5.0000
-0.7625 -3.0000
-0.6086 6.0000
-0.1177 2.0000
-0.2210 -1.0000
-0.5439 0.0000
-0.7196 2.0000
-1.0864 0.0000
-1.1517 4.0000
-0.4604 7.0000
-0.4406 -2.0000
-0.7183 2.0000
-0.8996 1.0000
-0.8740 4.0000
-1.0308 0.0000
-0.5376 8.0000
-0.6053 -3.0000
-0.7341 4.0000
-0.6217 2.0000
-1.0058 -1.0000
-0.7167 7.0000
-0.5180 0.0000
-0.5406 2.0000
-0.2455 3.0000
-0.2133 0.0000
-0.7347 -2.0000
-0.8241 4.0000
-0.5509 3.0000
-0.6036 0.0000
-0.3281 5.0000
-0.6958 -4.0000
-0.6676 6.0000
-0.5168 0.0000
-0.4204 3.0000
-0.3680 1.0000
-0.9202 -2.0000
-1.0998 4.0000
-0.5356 6.0000
-0.5267 -1.0000
-0.8359 1.0000
-0.5530 5.0000
-0.5093 0.0000
-0.8526 0.0000
-0.5321 6.0000
-0.5109 -1.0000
-0.7730 2.0000
-1.1493 0.0000
-1.0481 6.0000
-0.9373 2.0000
-1.1831 1.0000
-0.6046 8.0000
-0.1906 -0.0000
-0.1400 2.0000
-0.7888 -4.0000
-1.2545 3.0000
-0.7047 7.0000
-0.4263 1.0000
-0.9304 -2.0000
-0.6365 7.0000
-0.1604 2.0000
-0.7811 -4.0000
-1.0240 5.0000
-1.0556 1.0000
-0.7232 6.0000
-0.3858 2.0000
-0.7978 -2.0000
-0.7601 5.0000
-0.4313 2.0000
-0.1845 3.0000
-0.8308 -5.0000
-0.8283 7.0000
-0.5437 1.0000
-0.5222 2.0000
-0.4594 2.0000
-0.8297 -1.0000
-1.1208 3.0000
-1.1991 3.0000
-1.2679 3.0000
-0.9752 6.0000
-1.0967 0.0000
-1.1319 5.0000
-1.0813 2.0000
-0.7379 6.0000
-0.7975 -1.0000
-0.6401 5.0000
-0.2686 2.0000
-0.2884 0.0000
-0.4229 1.0000
-0.7737 -1.0000
-0.5588 6.0000
-0.8274 -3.0000
-0.7666 6.0000
-0.4817 2.0000
-0.9828 -2.0000
-1.0068 6.0000
-1.0783 0.0000
-0.7370 7.0000
-0.5416 0.0000
-0.4997 3.0000
-0.6198 0.0000
-0.8854 1.0000
-0.5663 5.0000
-0.1443 2.0000
-0.2066 -1.0000
-0.2185 2.0000
-0.5612 -2.0000
-0.8459 2.0000
-0.5791 4.0000
-0.2988 2.0000
-0.4640 -1.0000
-0.3717 4.0000
-0.8279 -4.0000
-0.5129 8.0000
-0.0639 0.0000
-0.2045 0.0000
-0.6524 -2.0000
-0.4096 6.0000
-0.4688 -2.0000
-0.7905 2.0000
-1.0786 1.0000
-1.2987 3.0000
-1.1360 5.0000
-0.9522 3.0000
-0.7588 4.0000
-0.9749 0.0000
-1.2394 3.0000
-1.1579 4.0000
-0.7851 5.0000
-0.6688 1.0000
-0.5525 3.0000
-0.3471 2.0000
-0.4383 0.0000
-0.6151 1.0000
-0.5777 3.0000
-0.9813 -2.0000
-0.6885 8.0000
-0.8463 -3.0000
-0.8227 6.0000
-0.6476 1.0000
-0.6418 2.0000
-0.2409 4.0000
-0.1069 0.0000
-0.6928 -3.0000
-0.6980 5.0000
-0.4494 2.0000
-0.8515 -2.0000
-0.5101 7.0000
-0.1120 1.0000
-0.7960 -4.0000
-0.9943 5.0000
-0.7431 3.0000
-0.7793 1.0000
-0.4842 5.0000
-0.6070 -2.0000
-0.3933 6.0000
-0.7796 -4.0000
-1.1381 4.0000
-0.9218 4.0000
-0.8347 2.0000
-0.5946 4.0000
-0.4928 1.0000
-0.6563 1.0000
-0.8893 1.0000
-0.8156 4.0000
-0.7731 1.0000
-0.3485 6.0000
-0.6805 -4.0000
-0.9463 4.0000
-0.6632 4.0000
-1.0089 -2.0000
-0.6396 8.0000
-0.3047 0.0000
-0.5092 0.0000
-0.3130 4.0000
-0.6229 -3.0000
-0.6434 5.0000
-0.7503 -1.0000
-0.6526 5.0000
-0.7682 -1.0000
-0.6772 5.0000
-0.7547 0.0000
-1.2073 1.0000
-1.2835 4.0000
-0.7181 7.0000
-0.8002 -2.0000
-0.5570 7.0000
-0.8555 -4.0000
-0.6744 8.0000
-0.7847 -3.0000
-0.5798 7.0000
-0.5766 -2.0000
-0.4606 5.0000
-0.6249 -2.0000
-0.7135 4.0000
-0.8757 0.0000
-1.0510 3.0000
-0.9213 4.0000
-1.0609 1.0000
-1.1245 4.0000
-1.0811 3.0000
-1.0816 3.0000
-0.9197 4.0000
-0.7762 3.0000
-1.0948 0.0000
-1.2467 4.0000
-0.9556 5.0000
-0.8921 2.0000
-1.1898 1.0000
-1.0515 6.0000
-1.1478 0.0000
-0.7510 8.0000
-0.8324 -2.0000
-1.0091 4.0000
-0.7820 3.0000
-0.3249 5.0000
-0.7361 -4.0000
-0.9375 5.0000
-0.9420 1.0000
-0.8197 4.0000
-0.3233 4.0000
-0.1093 1.0000
-0.7974 -4.0000
-1.0268 5.0000
-0.9261 2.0000
-0.7528 4.0000
-0.6193 2.0000
-0.8239 0.0000
-0.4785 6.0000
-0.4486 -1.0000
-0.8811 0.0000
-0.6944 5.0000
-0.3965 2.0000
-0.5673 0.0000
-0.9444 0.0000
-0.5609 7.0000
-0.6905 -3.0000
-0.4813 7.0000
-0.8336 -4.0000
-1.2248 4.0000
-0.9562 5.0000
-1.0927 0.0000
-0.7240 7.0000
-0.3346 1.0000
-0.2063 2.0000
-0.4452 -1.0000
-1.0912 -1.0000
-1.1540 5.0000
-0.7089 5.0000
-0.8007 0.0000
-1.1977 1.0000
-0.8121 7.0000
-0.4729 1.0000
-0.2428 3.0000
-0.2521 -1.0000
-0.1591 3.0000
-0.6274 -4.0000
-0.6681 5.0000
-0.3036 2.0000
-0.2461 1.0000
-0.6855 -2.0000
-0.7890 4.0000
-0.7832 1.0000
-0.6489 4.0000
-0.7270 0.0000
-0.7406 3.0000
-0.3973 4.0000
-0.7107 -2.0000
-1.2426 1.0000
-0.7824 8.0000
-0.7218 -1.0000
-0.8949 3.0000
-0.8148 3.0000
-0.9948 1.0000
-1.1314 3.0000
-0.8862 5.0000
-0.9586 0.0000
-0.5491 7.0000
-0.4918 -1.0000
-1.0599 -1.0000
-0.5468 9.0000
-0.6753 -4.0000
-0.7946 5.0000
-0.6310 2.0000
-1.0726 -1.0000
-1.0333 6.0000
-0.9842 1.0000
-0.7662 5.0000
-0.4542 2.0000
-0.2667 2.0000
-0.2855 0.0000
-0.4226 1.0000
-0.7980 -1.0000
-0.7073 5.0000
-0.6669 0.0000
-0.4092 5.0000
-0.6134 -2.0000
-1.1074 1.0000
-0.8466 6.0000
-0.6596 1.0000
-0.4991 4.0000
-0.9408 -3.0000
-0.8752 7.0000
-0.9444 -1.0000
-0.8409 6.0000
-0.9830 -1.0000
-0.8264 6.0000
-0.5484 2.0000
-0.8455 0.0000
-1.2469 1.0000
-0.7033 8.0000
-0.2092 1.0000
-0.1950 1.0000
-0.6739 -2.0000
-1.1793 1.0000
-0.7333 7.0000
-0.1649 3.0000
-0.7686 -5.0000
-0.6312 8.0000
-0.7526 -3.0000
-0.7763 5.0000
-0.3802 3.0000
-0.5643 -1.0000
-0.7963 2.0000
-0.8087 2.0000
-0.4587 5.0000
-0.7435 -3.0000
-0.6098 6.0000
-0.2955 1.0000
-0.4453 0.0000
-0.5664 2.0000
-1.0555 -2.0000
-0.6801 8.0000
-0.1284 2.0000
-0.7512 -4.0000
-1.1325 4.0000
-1.1440 2.0000
-0.5544 8.0000
-0.7961 -4.0000
-0.8963 6.0000
-0.9868 0.0000
-1.1819 3.0000
-0.7066 6.0000
-0.2591 2.0000
-0.1877 1.0000
-0.7355 -3.0000
-0.7824 5.0000
-0.5705 2.0000
-0.8195 0.0000
-0.8917 3.0000
-0.4706 5.0000
-0.6228 -2.0000
-0.6112 4.0000
-0.2803 3.0000
-0.8964 -4.0000
-1.1915 5.0000
-1.0223 3.0000
-0.6802 5.0000
-0.7046 0.0000
-0.8800 2.0000
-0.6024 5.0000
-0.9640 -3.0000
-0.6396 8.0000
-0.1536 1.0000
-0.4349 -1.0000
-0.9495 0.0000
-1.2287 3.0000
-1.3224 3.0000
-1.0365 6.0000
-0.9740 1.0000
-0.6757 6.0000
-0.8354 -2.0000
-0.5948 7.0000
-0.7655 -3.0000
-0.6265 6.0000
-0.1976 2.0000
-0.5394 -2.0000
-0.9032 2.0000
-1.1196 1.0000
-0.5302 8.0000
-0.3162 -1.0000
-0.7305 0.0000
-0.9826 2.0000
-0.9855 3.0000
-0.6753 5.0000
-1.0070 -2.0000
-1.0731 5.0000
-0.4268 6.0000
-0.6687 -3.0000
-1.0029 3.0000
-0.8312 4.0000
-0.9530 0.0000
-0.4564 8.0000
-0.8173 -5.0000
-1.0739 5.0000
-0.4737 5.0000
-0.1114 2.0000
-0.8427 -5.0000
-1.0025 6.0000
-0.6492 3.0000
-0.6974 1.0000
-0.8375 2.0000
-0.9672 2.0000
-1.0392 3.0000
-1.1358 2.0000
-0.7906 6.0000
-0.6225 1.0000
-0.7805 1.0000
-0.4669 5.0000
-0.4919 -1.0000
-0.6908 2.0000
-0.8267 1.0000
-0.6844 4.0000
-0.5490 2.0000
-1.0180 -2.0000
-0.6118 8.0000
-0.0557 1.0000
-0.0983 0.0000
-0.6428 -3.0000
-0.4761 6.0000
-0.3994 -1.0000
-0.6077 1.0000
-0.3293 4.0000
-0.3887 -1.0000
-0.7558 0.0000
-0.4816 5.0000
-0.2476 1.0000
-0.7567 -2.0000
-1.2019 2.0000
-0.9561 6.0000
-1.0208 0.0000
-0.8484 6.0000
-0.8951 0.0000
-1.0634 3.0000
-0.8203 4.0000
-0.3439 4.0000
-0.2277 0.0000
-0.4897 0.0000
-0.8889 0.0000
-0.9264 4.0000
-0.8861 2.0000
-0.8622 3.0000
-0.8039 2.0000
-0.3913 5.0000
-0.3827 -1.0000
-0.7155 1.0000
-1.1263 0.0000
-0.8729 7.0000
-0.9248 -1.0000
-0.7436 6.0000
-0.5755 1.0000
-0.9208 0.0000
-0.9004 4.0000
-0.4434 4.0000
-0.1038 2.0000
-0.5151 -3.0000
-0.7697 3.0000
-0.8147 1.0000
-0.4570 5.0000
-0.1247 1.0000
-0.2408 0.0000
-0.8777 -3.0000
-0.6026 8.0000
-0.7084 -3.0000
-0.7686 5.0000
-0.7326 1.0000
-1.0836 1.0000
-1.2953 3.0000
-1.0699 5.0000
-0.5863 5.0000
-0.8225 -2.0000
-0.7671 5.0000
-0.2512 4.0000
-0.7051 -4.0000
-0.8600 5.0000
-0.7559 1.0000
-0.4006 5.0000
-0.3153 -1.0000
-0.2278 3.0000
-0.4708 -2.0000
-0.7749 2.0000
-0.9664 1.0000
-0.7662 5.0000
-0.6144 1.0000
-0.3963 4.0000
-0.7306 -3.0000
-0.5396 7.0000
-0.8226 -4.0000
-0.6337 8.0000
-0.8368 -3.0000
-1.2590 3.0000
-0.8547 6.0000
-0.4537 3.0000
-0.8543 -2.0000
-1.0426 4.0000
-0.7857 4.0000
-0.8783 0.0000
-0.4169 7.0000
-0.4216 -2.0000
-0.9960 0.0000
-1.0724 4.0000
-0.7986 4.0000
-0.6867 2.0000
-0.8160 1.0000
-0.6567 4.0000
-0.4796 2.0000
-0.8498 -1.0000
-1.0599 3.0000
-0.6527 5.0000
-0.2017 3.0000
-0.6053 -3.0000
-0.9848 2.0000
-0.4609 7.0000
-0.8359 -5.0000
-0.5903 9.0000
-0.7333 -4.0000
-0.7519 6.0000
-0.6847 0.0000
-0.6695 3.0000
-0.3511 3.0000
-0.2409 1.0000
-0.7818 -3.0000
-0.5814 7.0000
-0.6128 -2.0000
-0.6631 4.0000
-0.6819 0.0000
-0.3423 5.0000
-0.0770 0.0000
-0.1550 0.0000
-0.2375 1.0000
-0.8615 -3.0000
-1.0904 4.0000
-0.4532 6.0000
-0.1164 1.0000
-0.7799 -4.0000
-0.8582 6.0000
-0.9036 0.0000
-1.0261 3.0000
-0.5209 6.0000
-0.5468 -1.0000
-1.0884 0.0000
-1.0549 5.0000
-0.6937 4.0000
-0.7699 0.0000
-0.5952 5.0000
-0.8024 -2.0000
-0.5668 7.0000
-0.8937 -4.0000
-0.8158 7.0000
-0.4571 2.0000
-0.9478 -2.0000
-1.0179 5.0000
-0.6283 4.0000
-0.7100 0.0000
-0.8243 3.0000
-1.0521 0.0000
-0.5584 8.0000
-0.5379 -2.0000
-0.9753 1.0000
-0.7335 5.0000
-0.3381 3.0000
-0.6966 -2.0000
-1.1371 2.0000
-1.1081 4.0000
-0.8517 4.0000
-0.6846 2.0000
-0.3254 4.0000
-0.2282 0.0000
-0.6594 -1.0000
-1.0704 1.0000
-0.7654 6.0000
-0.5056 1.0000
-0.3050 3.0000
-0.3308 0.0000
-0.9038 -2.0000
-0.7815 6.0000
-0.4383 2.0000
-0.5884 0.0000
-0.6950 2.0000
-0.5383 3.0000
-0.5807 -0.0000
-0.3033 5.0000
-0.7539 -4.0000
-1.2389 3.0000
-0.9262 6.0000
-1.0631 -1.0000
-0.5393 9.0000
-0.6013 -4.0000
-0.4183 7.0000
-0.7038 -4.0000
-1.0125 4.0000
-0.8504 3.0000
-0.7050 3.0000
-0.7367 1.0000
-0.5717 4.0000
-0.6825 0.0000
-1.1686 0.0000
-0.8693 7.0000
-0.5229 2.0000
-0.8608 -1.0000
-0.7360 5.0000
-0.2742 3.0000
-0.2910 0.0000
-0.9425 -3.0000
-0.5399 9.0000
-0.5816 -3.0000
-1.1264 1.0000
-0.6922 7.0000
-0.3944 1.0000
-0.8522 -2.0000
-0.4540 8.0000
-0.6009 -4.0000
-0.6286 5.0000
-0.3052 2.0000
-0.6113 -2.0000
-0.3660 6.0000
-0.5770 -3.0000
-1.0003 2.0000
-0.8091 4.0000
-0.2894 5.0000
-0.8336 -5.0000
-1.0102 6.0000
-0.7779 2.0000
-0.5682 4.0000
-0.8454 -2.0000
-0.5135 7.0000
-0.1870 0.0000
-0.3832 0.0000
-0.6164 1.0000
-1.0818 -1.0000
-0.6652 8.0000
-0.3570 0.0000
-0.5929 0.0000
-0.3445 4.0000
-0.0589 1.0000
-0.3036 -1.0000
-1.0145 -2.0000
-1.1353 5.0000
-0.7324 4.0000
-0.2783 4.0000
-0.6253 -3.0000
-0.9696 3.0000
-1.0218 2.0000
-0.7323 5.0000
-0.4670 2.0000
-0.6491 0.0000
-0.8010 2.0000
-0.6283 4.0000
-0.9991 -2.0000
-0.8939 6.0000
-0.2548 4.0000
-0.1399 0.0000
-0.7654 -3.0000
-0.8372 5.0000
-0.6306 2.0000
-0.6863 1.0000
-0.3838 5.0000
-0.8414 -4.0000
-1.0397 5.0000
-0.6066 4.0000
-0.3841 2.0000
-0.7281 -1.0000
-1.1891 1.0000
-0.8595 7.0000
-0.8340 0.0000
-1.1512 2.0000
-1.0651 4.0000
-0.4674 6.0000
-0.4300 -1.0000
-0.8693 0.0000
-0.7914 4.0000
-0.2527 5.0000
-0.7727 -5.0000
-0.9750 6.0000
-1.1148 0.0000
-1.2420 4.0000
-0.7471 6.0000
-0.5154 1.0000
-0.5290 2.0000
-0.7539 0.0000
-0.8720 3.0000
-0.9430 2.0000
-1.1376 2.0000
-1.1125 4.0000
-0.8740 4.0000
-0.7782 2.0000
-0.6866 3.0000
-0.7211 1.0000
-0.6432 3.0000
-0.4202 3.0000
-0.8928 -3.0000
-0.7434 7.0000
-0.5855 0.0000
-0.7050 2.0000
-0.6248 3.0000
-1.0095 -1.0000
-1.2656 4.0000
-1.2812 3.0000
-1.0119 5.0000
-0.3653 6.0000
-0.8506 -5.0000
-0.9837 6.0000
-0.4661 4.0000
-0.5998 -1.0000
-0.7901 2.0000
-0.4520 5.0000
-0.8709 -4.0000
-0.6023 8.0000
-0.2136 0.0000
-0.2984 1.0000
-0.7003 -2.0000
-0.4066 6.0000
-0.0196 1.0000
-0.6186 -4.0000
-0.7614 5.0000
-0.9426 -1.0000
-0.7445 6.0000
-0.4213 2.0000
-0.8195 -2.0000
-0.5705 7.0000
-0.7625 -3.0000
-0.8268 5.0000
-0.5949 2.0000
-0.5659 2.0000
-0.8147 0.0000
-0.9040 3.0000
-0.5879 4.0000
-0.3842 2.0000
-0.8965 -3.0000
-0.5348 8.0000
-0.1325 0.0000
-0.4195 -1.0000
-0.4921 2.0000
-0.2865 3.0000
-0.8956 -4.0000
-1.1308 5.0000
-0.6660 5.0000
-0.7525 -1.0000
-0.4625 6.0000
-0.4401 -1.0000
-0.9740 -1.0000
-0.4962 8.0000
-0.3130 -1.0000
-1.0183 -2.0000
-1.0736 6.0000
-1.1598 0.0000
-0.6247 9.0000
-0.7978 -4.0000
-0.8291 6.0000
-0.5679 2.0000
-0.9375 -1.0000
-0.7912 6.0000
-0.7474 0.0000
-0.6917 4.0000
-0.7520 0.0000
-0.5051 5.0000
-0.4230 0.0000
-0.7656 0.0000
-0.7872 3.0000
-0.3288 5.0000
-0.7120 -4.0000
-0.7580 6.0000
-0.9137 -1.0000
-1.1563 3.0000
-0.6561 6.0000
-0.1858 2.0000
-0.2025 0.0000
-0.6516 -2.0000
-0.4234 6.0000
-0.5588 -3.0000
-0.3743 6.0000
-0.5450 -3.0000
-0.7328 3.0000
-0.3240 4.0000
-0.3414 -1.0000
-0.5195 1.0000
-0.3215 3.0000
-0.3044 0.0000
-0.5966 0.0000
-0.8404 1.0000
-0.5051 5.0000
-0.1820 1.0000
-0.1513 1.0000
-0.6570 -3.0000
-0.6383 5.0000
-0.4133 1.0000
-0.3403 2.0000
-0.5410 -1.0000
-0.4604 4.0000
-0.6668 -2.0000
-0.4116 6.0000
-0.3513 -1.0000
-0.8996 -1.0000
-0.8497 5.0000
-0.6071 2.0000
-0.4326 3.0000
-0.7372 -2.0000
-0.5298 6.0000
-0.4271 -1.0000
-0.2908 4.0000
-0.6747 -3.0000
-1.1534 2.0000
-0.8482 6.0000
-0.8104 0.0000
-0.5574 5.0000
-0.2106 2.0000
-0.6850 -3.0000
-0.8275 4.0000
-0.4645 4.0000
-0.8860 -3.0000
-0.8584 6.0000
-0.5046 2.0000
-0.2939 3.0000
-0.8277 -4.0000
-0.6574 8.0000
-0.9325 -4.0000
-0.7877 8.0000
-0.7714 -1.0000
-1.1447 2.0000
-1.0354 5.0000
-1.1798 1.0000
-1.3655 3.0000
-0.6258 9.0000
-0.6182 -3.0000
-0.5725 5.0000
-0.3677 1.0000
-0.6593 -1.0000
-0.3692 6.0000
-0.7193 -4.0000
-0.9930 4.0000
-0.5936 4.0000
-0.1716 3.0000
-0.4028 -2.0000
-0.8718 0.0000
-0.4964 6.0000
-0.1247 1.0000
-0.4405 -2.0000
-0.4115 4.0000
-0.7232 -2.0000
-1.1903 2.0000
-1.1875 4.0000
-0.8504 5.0000
-0.7939 1.0000
-0.7152 4.0000
-1.0288 -1.0000
-1.1224 5.0000
-1.0811 2.0000
-0.8222 5.0000
-0.4730 3.0000
-0.7082 -1.0000
-0.8241 3.0000
-0.5124 4.0000
-0.6496 -1.0000
-0.6730 4.0000
-0.9656 -1.0000
-1.1227 4.0000
-0.8196 4.0000
-0.3603 4.0000
-0.3328 0.0000
-0.9725 -2.0000
-1.1759 4.0000
-0.5221 7.0000
-0.5928 -2.0000
-1.0761 1.0000
-0.8442 6.0000
-0.9273 -1.0000
-0.4624 8.0000
-0.5308 -3.0000
-0.9642 2.0000
-1.0087 3.0000
-0.9796 3.0000
-0.9595 3.0000
-1.1009 2.0000
-1.2981 2.0000
-0.6537 9.0000
-0.8373 -4.0000
-0.8044 7.0000
-0.8968 -1.0000
-1.1919 3.0000
-1.0214 4.0000
-0.3934 6.0000
-0.3795 -2.0000
-0.4004 3.0000
-0.3735 0.0000
-0.3013 2.0000
-0.1103 2.0000
-0.7235 -4.0000
-1.1300 3.0000
-0.5459 7.0000
-0.5934 -2.0000
-0.8661 2.0000
-0.4111 6.0000
-0.7736 -4.0000
-0.9415 5.0000
-0.6276 3.0000
-0.5618 2.0000
-1.0511 -2.0000
-0.6955 8.0000
-0.2599 1.0000
-0.5701 -1.0000
-0.8038 2.0000
-0.8015 2.0000
-0.3483 5.0000
-0.1459 0.0000
-0.5137 -1.0000
-0.9373 0.0000
-0.4455 7.0000
-0.0622 0.0000
-0.2462 0.0000
-0.9177 -3.0000
-0.7940 7.0000
-0.6652 0.0000
-0.7280 3.0000
-0.8772 1.0000
-1.2076 1.0000
-0.7378 8.0000
-0.7689 -2.0000
-0.7472 5.0000
-0.6140 1.0000
-0.5641 3.0000
-0.9098 -1.0000
-1.2139 3.0000
-1.0365 5.0000
-1.1183 1.0000
-0.9872 5.0000
-0.5735 4.0000
-0.6581 0.0000
-1.0056 1.0000
-0.9426 4.0000
-0.4881 5.0000
-0.8242 -3.0000
-0.8296 6.0000
-0.8880 0.0000
-1.1895 2.0000
-0.8090 6.0000
-0.2507 3.0000
-0.0469 1.0000
-0.5218 -3.0000
-0.7667 3.0000
-0.7364 2.0000
-0.8462 1.0000
-0.3917 6.0000
-0.2810 -1.0000
-0.6570 0.0000
-0.8583 2.0000
-0.9008 2.0000
-0.4541 6.0000
-0.7186 -3.0000
-1.0572 3.0000
-0.7073 5.0000
-0.5537 1.0000
-0.5622 2.0000
-0.6083 1.0000
-0.5315 3.0000
-0.7650 -1.0000
-0.6387 5.0000
-0.5526 0.0000
-0.3412 4.0000
-0.4020 -1.0000
-0.7279 1.0000
-1.0271 1.0000
-0.9983 4.0000
-0.6291 4.0000
-0.3362 2.0000
-0.2387 1.0000
-0.3478 0.0000
-0.4931 1.0000
-0.6604 1.0000
-0.9110 1.0000
-0.9093 4.0000
-1.1396 0.0000
-0.8726 7.0000
-0.8031 0.0000
-0.8483 3.0000
-0.3584 5.0000
-0.3399 -1.0000
-0.7554 0.0000
-0.9182 2.0000
-0.3751 6.0000
-0.0883 0.0000
-0.4826 -2.0000
-0.4365 4.0000
-0.4944 -1.0000
-0.4242 4.0000
-0.8691 -3.0000
-1.1201 4.0000
-0.5622 6.0000
-0.5039 -1.0000
-0.4592 3.0000
-0.1617 2.0000
-0.1659 0.0000
-0.6493 -2.0000
-0.7382 4.0000
-0.8045 -0.0000
-0.4017 6.0000
-0.1621 0.0000
-0.6861 -2.0000
-0.9935 3.0000
-1.1722 1.0000
-0.5883 8.0000
-0.1908 0.0000
-0.2883 1.0000
-0.8442 -3.0000
-0.5290 8.0000
-0.5688 -3.0000
-0.5929 5.0000
-0.9344 -3.0000
-0.5479 9.0000
-0.7023 -4.0000
-0.9464 4.0000
-0.4671 5.0000
-0.6646 -2.0000
-0.8928 3.0000
-0.7624 3.0000
-0.6994 2.0000
-0.6633 2.0000
-0.4586 3.0000
-0.3879 1.0000
-0.6961 -1.0000
-0.4082 6.0000
-0.6217 -3.0000
-0.8887 3.0000
-0.5690 4.0000
-0.4077 1.0000
-0.3763 2.0000
-0.8076 -2.0000
-0.9039 4.0000
-0.3743 5.0000
-0.4895 -2.0000
-0.6776 3.0000
-1.0470 -1.0000
-1.0156 6.0000
-1.1076 0.0000
-0.8338 7.0000
-0.8589 -1.0000
-0.7000 6.0000
-0.9074 -2.0000
-0.8082 6.0000
-0.5651 1.0000
-0.2775 4.0000
-0.4620 -2.0000
-0.8290 1.0000
-0.5387 5.0000
-0.4861 0.0000
-0.8416 0.0000
-0.6748 5.0000
-0.6349 0.0000
-0.5100 4.0000
-0.6738 -1.0000
-0.8395 3.0000
-0.9144 1.0000
-0.4271 7.0000
-0.7121 -4.0000
-0.9834 4.0000
-0.6005 4.0000
-0.2996 2.0000
-0.2764 1.0000
-0.9034 -3.0000
-0.9910 6.0000
-1.1436 0.0000
-1.2709 4.0000
-0.6612 7.0000
-0.5718 -1.0000
-0.5314 4.0000
-0.8155 -2.0000
-0.6649 6.0000
-0.5330 0.0000
-0.5425 3.0000
-0.9536 -2.0000
-0.8395 6.0000
-0.3374 3.0000
-0.2933 0.0000
-0.3869 1.0000
-0.5139 1.0000
-0.9877 -1.0000
-1.0238 5.0000
-0.8590 2.0000
-0.3772 6.0000
-0.6339 -4.0000
-0.4083 7.0000
-0.3503 -2.0000
-0.6458 1.0000
-0.4450 4.0000
-0.7403 -2.0000
-0.9918 3.0000
-0.6751 5.0000
-0.9487 -2.0000
-0.7257 7.0000
-0.5310 0.0000
-0.5370 3.0000
-0.9394 -2.0000
-0.8035 6.0000
-0.2496 3.0000
-0.0900 1.0000
-0.7902 -4.0000
-1.1572 4.0000
-0.9409 4.0000
-0.7779 3.0000
-0.9144 1.0000
-0.9812 3.0000
-0.7088 4.0000
-0.4137 3.0000
-0.8183 -2.0000
-1.1866 3.0000
-1.1415 4.0000
-1.1622 2.0000
-0.5826 8.0000
-0.8020 -4.0000
-0.6778 7.0000
-0.4545 0.0000
-0.5091 2.0000
-0.6288 0.0000
-0.2999 5.0000
-0.3006 -2.0000
-0.2143 4.0000
-0.7992 -5.0000
-0.9248 6.0000
-0.5747 3.0000
-0.9498 -2.0000
-0.5265 8.0000
-0.1575 0.0000
-0.6441 -2.0000
-0.7830 3.0000
-0.2877 5.0000
-0.5037 -3.0000
-0.7104 3.0000
-0.5615 2.0000
-0.3032 3.0000
-0.3715 -1.0000
-0.3319 3.0000
-0.5894 -2.0000
-0.5492 4.0000
-0.2088 2.0000
-0.1934 0.0000
-0.3904 0.0000
-0.6017 1.0000
-0.9285 0.0000
-0.7107 6.0000
-0.9000 -2.0000
-0.6675 7.0000
-0.6200 -1.0000
-0.7632 3.0000
-0.9402 0.0000
-0.4365 8.0000
-0.8142 -5.0000
-1.2337 4.0000
-0.6291 7.0000
-0.7141 -2.0000
-0.8417 4.0000
-0.8423 1.0000
-0.5293 5.0000
-0.3105 1.0000
-0.7045 -1.0000
-1.1551 1.0000
-0.8676 6.0000
-0.3563 3.0000
-0.1538 1.0000
-0.2123 -0.0000
-0.4441 0.0000
-0.7537 0.0000
-0.5258 5.0000
-0.5314 -1.0000
-0.3981 4.0000
-0.3792 0.0000
-0.9113 -1.0000
-1.2228 3.0000
-1.0768 4.0000
-0.4474 6.0000
-0.2045 0.0000
-0.5288 -1.0000
-0.5003 3.0000
-0.1846 3.0000
-0.7650 -4.0000
-1.2641 3.0000
-0.9772 5.0000
-0.3103 6.0000
-0.8330 -5.0000
-1.3734 4.0000
-1.2983 4.0000
-0.9765 5.0000
-0.5533 4.0000
-0.6325 0.0000
-1.0342 0.0000
-0.5130 8.0000
-0.4269 -2.0000
-0.7178 2.0000
-1.0191 0.0000
-0.7643 6.0000
-0.4061 2.0000
-0.5498 0.0000
-0.7534 1.0000
-0.4043 5.0000
-0.3606 -1.0000
-0.4660 2.0000
-0.6602 0.0000
-0.8763 2.0000
-0.9801 2.0000
-0.7672 5.0000
-1.0521 -1.0000
-1.3495 3.0000
-0.5697 9.0000
-0.4253 -2.0000
-0.7522 1.0000
-0.4082 5.0000
-0.3947 -1.0000
-0.6353 1.0000
-0.5369 3.0000
-0.5551 1.0000
-0.9945 -1.0000
-0.6934 7.0000
-0.4792 0.0000
-0.5181 2.0000
-0.4595 2.0000
-0.8680 -2.0000
-0.5177 8.0000
-0.8412 -5.0000
-0.6651 8.0000
-0.3024 -0.0000
-0.2660 2.0000
-0.5386 -1.0000
-1.1145 0.0000
-1.2849 4.0000
-1.0076 5.0000
-0.8604 2.0000
-0.5317 5.0000
-0.7162 -2.0000
-0.6209 5.0000
-0.3306 2.0000
-0.8325 -3.0000
-0.6333 7.0000
-0.4673 0.0000
-0.9873 -1.0000
-0.8860 6.0000
-0.8681 0.0000
-0.5627 6.0000
-0.5559 -1.0000
-0.7672 2.0000
-0.7095 3.0000
-0.9578 0.0000
-1.0258 4.0000
-0.8625 3.0000
-0.6581 3.0000
-0.3464 3.0000
-0.3156 0.0000
-0.4405 1.0000
-0.6343 0.0000
-0.3963 5.0000
-0.8291 -4.0000
-0.8528 6.0000
-0.4289 3.0000
-0.7223 -2.0000
-0.4740 6.0000
-0.2262 0.0000
-0.4197 0.0000
-0.4822 2.0000
-0.7805 -1.0000
-0.6202 5.0000
-0.3023 2.0000
-0.6695 -2.0000
-0.7417 4.0000
-0.6433 2.0000
-1.0679 -1.0000
-0.8946 7.0000
-1.0266 -1.0000
-1.1589 4.0000
-0.4874 7.0000
-0.5377 -2.0000
-1.0585 1.0000
-1.2338 3.0000
-0.9274 6.0000
-1.1165 -1.0000
-0.8486 7.0000
-0.3126 3.0000
-0.6173 -2.0000
-0.8903 3.0000
-1.1728 0.0000
-0.6882 8.0000
-0.2301 1.0000
-0.4567 -1.0000
-0.3917 3.0000
-0.1809 1.0000
-0.0568 1.0000
-0.0989 0.0000
-0.6374 -3.0000
-0.4382 6.0000
-0.2202 0.0000
-0.7062 -2.0000
-0.5911 5.0000
-0.2416 2.0000
-0.5674 -2.0000
-0.6751 3.0000
-0.3304 3.0000
-0.0672 2.0000
-0.7576 -5.0000
-0.8902 6.0000
-0.7413 1.0000
-0.5967 4.0000
-0.7912 -1.0000
-0.7632 5.0000
-1.0642 -2.0000
-0.6259 9.0000
-0.5564 -2.0000
-1.0339 1.0000
-0.9183 5.0000
-0.9193 1.0000
-0.8568 4.0000
-0.7495 2.0000
-0.6691 3.0000
-0.8746 0.0000
-0.8902 4.0000
-0.7978 2.0000
-0.6577 3.0000
-0.3713 3.0000
-0.4686 -1.0000
-0.3019 4.0000
-0.3678 -1.0000
-0.8763 -1.0000
-0.5606 7.0000
-0.7470 -3.0000
-0.8229 5.0000
-0.7105 1.0000
-0.4626 4.0000
-0.2641 1.0000
-0.4724 0.0000
-1.0122 -1.0000
-0.9893 5.0000
-0.4315 5.0000
-0.6188 -2.0000
-0.9387 2.0000
-0.6176 5.0000
-0.5275 0.0000
-0.3800 4.0000
-0.8602 -4.0000
-0.6320 8.0000
-0.4882 -1.0000
-0.8467 1.0000
-0.9635 3.0000
-1.2115 1.0000
-1.0931 5.0000
-0.3707 6.0000
-0.1518 0.0000
-0.9026 -4.0000
-0.7211 8.0000
-0.6410 -1.0000
-0.9615 2.0000
-1.1094 2.0000
-0.7758 6.0000
-0.7721 0.0000
-0.9786 2.0000
-0.5869 6.0000
-0.8161 -2.0000
-1.2783 2.0000
-0.8797 7.0000
-0.7069 1.0000
-1.0393 1.0000
-1.2607 3.0000
-1.2610 4.0000
-1.2124 3.0000
-0.6401 7.0000
-0.4181 0.0000
-0.6303 1.0000
-0.8506 1.0000
-0.8180 3.0000
-0.3034 5.0000
-0.2826 -1.0000
-0.9069 -2.0000
-0.6790 7.0000
-0.6271 -1.0000
-0.7023 3.0000
-0.5111 3.0000
-0.9064 -2.0000
-0.8387 6.0000
-0.7572 1.0000
-1.1553 0.0000
-0.6722 8.0000
-0.2915 0.0000
-0.1373 3.0000
-0.6961 -4.0000
-1.2770 2.0000
-0.8424 7.0000
-0.4950 2.0000
-0.9359 -2.0000
-0.6051 8.0000
-0.7546 -3.0000
-1.0236 4.0000
-1.0141 2.0000
-0.7550 5.0000
-0.6732 1.0000
-0.8495 1.0000
-0.4254 6.0000
-0.4536 -2.0000
-0.5573 3.0000
-0.6480 0.0000
-0.5364 4.0000
-0.7150 -1.0000
-0.8493 3.0000
-0.6020 4.0000
-0.9604 -2.0000
-0.8991 6.0000
-0.6340 2.0000
-0.7046 1.0000
-0.4628 4.0000
-0.3185 1.0000
-0.7964 -2.0000
-0.8026 5.0000
-0.6991 1.0000
-0.5764 3.0000
-0.2178 3.0000
-0.2790 -1.0000
-0.5459 1.0000
-1.0420 -1.0000
-1.0617 5.0000
-0.5971 5.0000
-0.9615 -3.0000
-0.6721 8.0000
-0.3717 0.0000
-0.6192 0.0000
-0.3698 5.0000
-0.8058 -4.0000
-0.9523 5.0000
-0.4032 5.0000
-0.7819 -4.0000
-0.5081 8.0000
-0.4488 -2.0000
-0.8934 1.0000
-1.0442 2.0000
-0.4432 7.0000
-0.1953 -1.0000
-0.2336 2.0000
-0.7532 -3.0000
-1.0306 4.0000
-1.0687 2.0000
-1.0195 4.0000
-0.9364 3.0000
-1.1573 1.0000
-1.0129 5.0000
-0.3762 5.0000
-0.0753 1.0000
-0.6715 -4.0000
-0.5777 6.0000
-0.1963 1.0000
-0.1385 1.0000
-0.4515 -2.0000
-0.3527 4.0000
-0.2721 0.0000
-0.6764 -1.0000
-0.7780 3.0000
-0.5216 3.0000
-0.2876 2.0000
-0.3598 0.0000
-0.6795 0.0000
-0.8390 2.0000
-0.5821 4.0000
-0.3793 2.0000
-0.9198 -3.0000
-0.7186 7.0000
-0.1936 2.0000
-0.2416 0.0000
-0.8164 -2.0000
-1.0603 4.0000
-1.2328 1.0000
-0.9049 7.0000
-0.7131 1.0000
-0.8497 2.0000
-0.8987 2.0000
-0.5187 5.0000
-0.2933 1.0000
-0.6969 -2.0000
-0.4327 6.0000
-0.2068 0.0000
-0.6748 -2.0000
-0.5238 5.0000
-0.1202 2.0000
-0.4444 -2.0000
-1.0299 0.0000
-1.0707 4.0000
-0.4833 6.0000
-0.4749 -1.0000
-0.9957 0.0000
-1.1454 4.0000
-1.2393 2.0000
-1.0099 6.0000
-1.0081 1.0000
-1.1194 3.0000
-0.6941 6.0000
-0.7469 -1.0000
-0.7302 4.0000
-0.4325 3.0000
-0.7383 -2.0000
-0.5377 6.0000
-0.4644 -1.0000
-0.4431 3.0000
-0.4202 0.0000
-0.1973 4.0000
-0.7302 -5.0000
-0.6635 7.0000
-0.4605 0.0000
-0.6743 1.0000
-0.7330 2.0000
-0.5481 3.0000
-0.2973 2.0000
-0.1789 1.0000
-0.3386 0.0000
-0.9767 -2.0000
-1.1485 5.0000
-1.1511 2.0000
-1.0084 5.0000
-0.9595 2.0000
-1.1196 2.0000
-0.8549 5.0000
-0.3233 4.0000
-0.3469 -1.0000
-0.5589 1.0000
-0.5085 2.0000
-0.2393 3.0000
-0.4650 -2.0000
-0.6367 3.0000
-1.0221 -1.0000
-1.2342 4.0000
-0.9791 5.0000
-1.1465 -0.0000
-0.8404 7.0000
-0.5478 1.0000
-0.4387 3.0000
-0.7527 -2.0000
-0.5674 6.0000
-0.5132 -1.0000
-0.4688 3.0000
-0.1353 3.0000
-0.7529 -5.0000
-0.8030 6.0000
-0.2608 3.0000
-0.1622 0.0000
-0.2903 0.0000
-0.2818 2.0000
-0.7422 -3.0000
-0.5306 7.0000
-0.6638 -3.0000
-0.5941 6.0000
-0.9183 -3.0000
-0.9947 6.0000
-1.0319 0.0000
-0.5670 8.0000
-0.7716 -4.0000
-0.6358 7.0000
-0.4758 0.0000
-1.0157 -1.0000
-0.9796 5.0000
-0.3419 5.0000
-0.1690 0.0000
-0.7105 -2.0000
-1.0777 2.0000
-0.6265 6.0000
-0.1611 2.0000
-0.3205 -1.0000
-0.7500 0.0000
-1.0615 2.0000
-1.2825 2.0000
-0.9152 7.0000
-0.8828 0.0000
-0.9429 4.0000
-1.0402 1.0000
-0.8057 6.0000
-1.0198 -2.0000
-0.5314 9.0000
-0.3891 -2.0000
-0.8805 0.0000
-0.6717 5.0000
-0.2659 3.0000
-0.8196 -4.0000
-0.8611 6.0000
-0.5631 2.0000
-0.6215 1.0000
-0.6025 2.0000
-0.2397 4.0000
-0.4539 -2.0000
-1.1202 -1.0000
-0.6951 8.0000
-0.1904 1.0000
-0.1558 1.0000
-0.6083 -2.0000
-1.1384 1.0000
-1.0782 5.0000
-0.9382 3.0000
-1.1947 1.0000
-1.2212 4.0000
-0.4575 8.0000
-0.6292 -4.0000
-0.7672 5.0000
-0.8818 0.0000
-1.1596 2.0000
-0.6854 7.0000
-0.6094 -1.0000
-0.5392 4.0000
-0.5237 0.0000
-0.5086 3.0000
-0.8341 -1.0000
-1.2594 2.0000
-1.1589 5.0000
-0.8883 4.0000
-1.0012 1.0000
-1.0635 3.0000
-0.4216 7.0000
-0.4463 -2.0000
-1.1021 -1.0000
-0.6541 8.0000
-0.1076 1.0000
-0.0283 1.0000
-0.5878 -4.0000
-0.4987 6.0000
-0.4753 -1.0000
-0.8601 1.0000
-1.1601 1.0000
-0.6063 8.0000
-0.4080 -1.0000
-0.5970 2.0000
-1.0195 -1.0000
-1.0216 5.0000
-0.5595 4.0000
-0.2645 2.0000
-0.4346 -1.0000
-0.5049 2.0000
-0.2272 3.0000
-0.4243 -2.0000
-0.5013 3.0000
-0.5757 0.0000
-0.6062 3.0000
-0.9522 -1.0000
-1.0891 4.0000
-0.7385 5.0000
-1.0078 -1.0000
-1.3419 3.0000
-0.9222 7.0000
-0.9446 0.0000
-1.2511 2.0000
-0.6695 8.0000
-0.5223 -1.0000
-0.7142 2.0000
-0.6943 2.0000
-0.5108 3.0000
-0.4223 1.0000
-0.4323 1.0000
-0.1797 3.0000
-0.2385 -1.0000
-0.6464 -1.0000
-0.3447 6.0000
-0.6881 -4.0000
-1.0268 4.0000
-1.0771 2.0000
-1.1046 3.0000
-0.5389 7.0000
-0.7801 -3.0000
-1.2179 3.0000
-1.1179 4.0000
-0.7390 5.0000
-0.7517 0.0000
-0.6330 4.0000
-0.3608 2.0000
-0.3504 1.0000
-0.7968 -2.0000
-0.5178 7.0000
-0.6505 -3.0000
-0.6302 5.0000
-0.4223 1.0000
-0.4679 1.0000
-0.3932 2.0000
-0.3672 1.0000
-0.6060 0.0000
-0.8856 1.0000
-0.6915 5.0000
-0.8937 -1.0000
-1.0800 4.0000
-1.2101 1.0000
-0.5909 9.0000
-0.6980 -4.0000
-0.5335 7.0000
-0.5247 -2.0000
-0.5657 4.0000
-0.8908 -2.0000
-0.8081 6.0000
-0.7147 0.0000
-0.3434 6.0000
-0.6202 -4.0000
-0.6310 6.0000
-0.9774 -3.0000
-1.0174 6.0000
-0.6357 3.0000
-0.4820 2.0000
-0.4988 1.0000
-0.5962 1.0000
-0.4747 3.0000
-0.5339 0.0000
-0.5947 2.0000
-0.4275 3.0000
-0.8181 -2.0000
-1.0610 4.0000
-1.2214 1.0000
-0.8305 7.0000
-0.3693 2.0000
-0.2883 1.0000
-0.3473 1.0000
-0.8761 -2.0000
-1.0216 4.0000
-0.4637 6.0000
-0.7988 -4.0000
-0.6191 7.0000
-0.1313 2.0000
-0.7631 -4.0000
-1.1777 3.0000
-0.4760 8.0000
-0.5774 -3.0000
-1.1216 1.0000
-0.7006 7.0000
-0.4884 0.0000
-0.5081 2.0000
-0.3174 2.0000
-0.1047 2.0000
-0.5455 -3.0000
-0.9436 2.0000
-0.7524 4.0000
-0.4596 3.0000
-0.7009 -1.0000
-0.9005 3.0000
-1.0365 1.0000
-0.6107 7.0000
-0.7149 -2.0000
-1.0119 3.0000
-1.0237 3.0000
-1.1950 2.0000
-1.2855 3.0000
-0.5631 8.0000
-0.1298 0.0000
-0.1481 1.0000
-0.5526 -2.0000
-0.8734 2.0000
-0.8219 3.0000
-0.6761 3.0000
-0.8198 0.0000
-0.4984 6.0000
-0.6042 -2.0000
-0.8040 3.0000
-0.7732 2.0000
-0.7310 3.0000
-1.0330 0.0000
-1.2831 3.0000
-0.8979 6.0000
-0.4963 3.0000
-0.7208 -1.0000
-0.6899 4.0000
-0.4256 2.0000
-0.2275 2.0000
-0.3082 0.0000
-0.9114 -2.0000
-1.0300 5.0000
-1.0288 1.0000
-0.5081 7.0000
-0.1684 0.0000
-0.3208 0.0000
-0.4089 1.0000
-0.3989 2.0000
-0.9318 -3.0000
-0.6138 8.0000
-0.2892 0.0000
-0.6481 -1.0000
-0.4540 5.0000
-0.4965 -1.0000
-0.8340 1.0000
-0.8130 3.0000
-0.4230 4.0000
-0.2134 1.0000
-0.5242 -1.0000
-0.9471 1.0000
-1.2424 2.0000
-1.1491 5.0000
-0.9823 3.0000
-0.8216 4.0000
-1.0812 0.0000
-1.3118 3.0000
-0.6361 8.0000
-0.3308 0.0000
-0.6975 -1.0000
-0.3758 6.0000
-0.4149 -2.0000
-0.7720 1.0000
-0.6202 4.0000
-0.6559 -0.0000
-0.5728 4.0000
-0.8616 -2.0000
-0.5692 7.0000
-0.3758 0.0000
-1.0149 -2.0000
-1.0434 6.0000
-1.0094 1.0000
-0.8261 5.0000
-0.5868 2.0000
-0.5235 2.0000
-0.6338 1.0000
-1.0325 0.0000
-1.0455 5.0000
-1.1410 1.0000
-1.0420 5.0000
-0.6978 4.0000
-0.9101 -1.0000
-0.5674 7.0000
-0.4835 -1.0000
-0.8452 1.0000
-0.9968 2.0000
-0.5933 6.0000
-0.6900 -2.0000
-0.4643 6.0000
-0.4585 -1.0000
-1.0690 -1.0000
-0.9002 7.0000
-1.0501 -1.0000
-1.2495 4.0000
-0.8196 6.0000
-0.8832 0.0000
-1.2511 2.0000
-1.2218 4.0000
-0.5085 7.0000
-0.0983 1.0000
-0.7280 -4.0000
-0.7098 6.0000
-0.4802 1.0000
-0.6535 1.0000
-0.9858 0.0000
-0.5883 7.0000
-0.4815 -1.0000
-0.6454 2.0000
-0.6479 2.0000
-0.8529 0.0000
-0.3951 7.0000
-0.5193 -3.0000
-0.9465 2.0000
-1.0051 3.0000
-1.1180 2.0000
-0.9901 5.0000
-1.1482 0.0000
-0.7522 8.0000
-0.8354 -2.0000
-1.0165 4.0000
-0.7992 3.0000
-0.3616 5.0000
-0.8009 -4.0000
-0.9961 5.0000
-0.7106 3.0000
-0.5679 2.0000
-0.3402 3.0000
-0.5361 -1.0000
-0.9865 0.0000
-0.5395 7.0000
-0.1832 0.0000
-0.1266 2.0000
-0.7748 -4.0000
-1.2913 3.0000
-1.0514 5.0000
-0.5111 5.0000
-0.5382 -1.0000
-0.5703 3.0000
-0.5197 1.0000
-0.4814 2.0000
-0.4303 1.0000
-0.1902 3.0000
-0.3193 -1.0000
-1.0360 -2.0000
-1.1240 5.0000
-0.4705 6.0000
-0.4730 -1.0000
-1.0994 -1.0000
-0.9529 7.0000
-1.0925 -1.0000
-1.0297 6.0000
-0.7837 2.0000
-0.4269 5.0000
-0.7778 -3.0000
-1.1014 3.0000
-0.4405 7.0000
-0.2193 -1.0000
-0.4017 1.0000
-0.7139 -1.0000
-0.3905 6.0000
-0.3558 -2.0000
-0.2845 4.0000
-0.7238 -4.0000
-0.6726 6.0000
-0.2950 2.0000
-0.7088 -2.0000
-1.0427 2.0000
-0.4320 7.0000
-0.1415 0.0000
-0.8441 -3.0000
-1.2943 3.0000
-1.0014 6.0000
-1.0163 1.0000
-1.2451 2.0000
-0.5427 9.0000
-0.6478 -4.0000
-0.6667 6.0000
-0.9435 -2.0000
-1.3254 3.0000
-0.8475 7.0000
-0.6446 1.0000
-0.9553 0.0000
-0.4848 7.0000
-0.1360 0.0000
-0.3352 0.0000
-0.7875 -1.0000
-0.8761 4.0000
-0.9422 1.0000
-0.8197 4.0000
-0.3212 4.0000
-0.0963 1.0000
-0.7382 -4.0000
-0.7889 6.0000
-0.8635 -1.0000
-0.5766 6.0000
-0.1258 2.0000
-0.5580 -3.0000
-0.8292 3.0000
-0.7854 2.0000
-0.5778 4.0000
-0.8357 -1.0000
-1.2007 2.0000
-0.7921 7.0000
-0.8806 -1.0000
-1.2053 3.0000
-1.2477 3.0000
-0.7986 6.0000
-0.2182 4.0000
-0.7789 -5.0000
-0.7679 7.0000
-0.6480 0.0000
-0.8597 2.0000
-0.9901 2.0000
-0.9767 3.0000
-0.5547 5.0000
-0.3617 1.0000
-0.7838 -1.0000
-1.1701 2.0000
-1.0758 5.0000
-1.1938 1.0000
-1.0859 5.0000
-0.4858 6.0000
-0.9076 -4.0000
-1.0735 6.0000
-1.0462 1.0000
-0.7760 6.0000
-0.7877 0.0000
-1.0702 2.0000
-0.9958 4.0000
-0.7808 3.0000
-0.4374 4.0000
-0.5902 -1.0000
-0.9910 1.0000
-0.9113 4.0000
-0.4322 5.0000
-0.7704 -3.0000
-1.0101 4.0000
-0.7909 3.0000
-0.3694 4.0000
-0.0912 1.0000
-0.2732 -1.0000
-0.5410 1.0000
-1.0646 -1.0000
-1.2415 4.0000
-0.6415 7.0000
-0.7184 -2.0000
-0.7558 4.0000
-0.2879 4.0000
-0.4723 -2.0000
-0.7980 2.0000
-1.0916 1.0000
-1.3093 3.0000
-1.0824 5.0000
-0.5350 5.0000
-0.4021 0.0000
-0.3706 2.0000
-0.2692 1.0000
-0.2208 1.0000
-0.2888 0.0000
-0.3003 2.0000
-0.8671 -3.0000
-1.1129 4.0000
-0.5380 6.0000
-0.4229 0.0000
-1.0231 -2.0000
-0.6685 8.0000
-0.3507 0.0000
-0.5248 1.0000
-0.8246 0.0000
-0.7794 4.0000
-0.5833 2.0000
-0.3676 3.0000
-0.5618 -1.0000
-0.8945 1.0000
-0.5878 5.0000
-0.1914 2.0000
-0.2961 -1.0000
-0.3311 2.0000
-0.4313 0.0000
-0.7175 -0.0000
-0.4233 5.0000
-0.2423 0.0000
-0.4182 0.0000
-0.3280 3.0000
-0.7008 -3.0000
-0.4205 7.0000
-0.3758 -2.0000
-0.6895 1.0000
-0.4772 4.0000
-0.5403 -1.0000
-0.3340 5.0000
-0.7471 -4.0000
-0.9213 5.0000
-0.7459 2.0000
-0.6211 3.0000
-0.6189 1.0000
-0.6197 2.0000
-0.3675 3.0000
-0.2331 1.0000
-0.5871 -1.0000
-1.1471 0.0000
-1.0436 6.0000
-0.9306 2.0000
-1.1832 1.0000
-0.6652 8.0000
-0.5536 -1.0000
-0.9400 1.0000
-0.9349 4.0000
-1.0327 1.0000
-0.8324 5.0000
-0.4153 3.0000
-0.2696 1.0000
-0.3763 0.0000
-0.3864 2.0000
-0.5959 -1.0000
-0.3748 5.0000
-0.4911 -2.0000
-0.6830 3.0000
-1.0647 -1.0000
-1.0737 5.0000
-0.4651 6.0000
-0.8931 -4.0000
-1.1724 5.0000
-0.9383 3.0000
-0.3479 6.0000
-0.2985 -2.0000
-0.3244 3.0000
-0.6465 -2.0000
-0.9594 2.0000
-0.4929 6.0000
-0.4238 -1.0000
-0.6034 2.0000
-0.9154 0.0000
-1.1710 3.0000
-1.2833 3.0000
-1.3216 3.0000
-0.5398 9.0000
-0.4969 -3.0000
-0.6194 4.0000
-0.9080 -1.0000
-1.2606 3.0000
-1.3331 3.0000
-0.8135 7.0000
-0.3712 2.0000
-0.4526 0.0000
-0.4841 2.0000
-0.4956 1.0000
-0.5582 1.0000
-0.2753 4.0000
-0.5113 -2.0000
-1.1446 0.0000
-1.1562 5.0000
-0.7961 4.0000
-0.4722 3.0000
-0.3834 1.0000
-0.5462 0.0000
-0.3815 4.0000
-0.7017 -3.0000
-0.4993 7.0000
-0.8408 -4.0000
-1.1059 5.0000
-1.0090 2.0000
-0.5390 6.0000
-0.2544 1.0000
-0.8357 -3.0000
-0.7836 6.0000
-0.5080 2.0000
-0.9878 -2.0000
-0.8006 7.0000
-0.6283 0.0000
-0.4468 4.0000
-0.3546 0.0000
-0.3253 2.0000
-0.4241 0.0000
-0.7266 0.0000
