t Xc Yc Zc Xl Yl Zl Zs
0.000 0.0 0.0000 0.0000 0.0 0.0000 0.0000 0.0000
0.020 0.0 0.0000 0.0000 0.0 0.0000 0.0000 0.0000
0.040 0.0 0.0000 0.0000 0.0 0.0000 0.0000 0.0000
0.060 0.0 0.0000 0.0000 0.0 0.0000 0.0000 0.0000
0.080 0.0 0.0000 0.0000 0.0 0.0000 0.0000 0.0000
0.100 0.0 0.0000 0.0000 0.0 0.0000 0.0000 0.0000
0.120 0.0 0.0000 0.0000 0.0 0.0000 0.0000 0.0000
0.140 0.0 0.0000 0.0000 0.0 0.0000 0.0000 0.0000
0.160 0.0 0.0000 0.0000 0.0 0.0000 0.0000 0.0000
0.180 0.0 0.0000 0.0000 0.0 0.0000 0.0000 0.0000
0.200 0.0 0.0000 0.0000 0.0 0.0000 0.0000 0.0000
0.220 0.0 0.0000 0.0000 0.0 0.0000 0.0000 0.0000
0.240 0.0 0.0000 0.0000 0.0 0.0000 0.0000 0.0000
0.260 0.0 0.0000 0.0000 0.0 0.0000 0.0000 0.0000
0.280 0.0 0.0000 0.0000 0.0 0.0000 0.0000 0.0000
0.300 0.0 0.0000 0.0000 0.0 0.0000 0.0000 0.0000
0.320 0.0 0.0000 0.0000 0.0 0.0000 0.0000 0.0000
0.340 0.0 0.0000 0.0000 0.0 0.0000 0.0000 0.0000
0.360 0.0 0.0000 0.0000 0.0 0.0000 0.0000 0.0000
0.380 0.0 0.0000 0.0000 0.0 0.0000 0.0000 0.0000
0.400 0.0 0.0000 0.0000 0.0 0.0000 0.0000 0.0000
0.420 0.0 0.0000 0.0000 0.0 0.0000 0.0000 0.0000
0.440 0.0 0.0000 0.0000 0.0 0.0000 0.0000 0.0000
0.460 0.0 0.0000 0.0000 0.0 0.0000 0.0000 0.0000
0.480 0.0 0.0000 0.0000 0.0 0.0000 0.0000 0.0000
0.500 0.0 0.0000 0.0000 0.0 0.0000 0.0000 0.0000
0.520 0.0 0.0000 0.0000 0.0 0.0000 0.0000 0.0000
0.540 0.0 0.0000 0.0000 0.0 0.0000 0.0000 0.0000
0.560 0.0 0.0000 0.0000 0.0 0.0000 0.0000 0.0000
0.580 0.0 0.0000 0.0000 0.0 0.0000 0.0000 0.0000
0.600 0.0 0.0000 0.0000 0.0 0.0000 0.0000 0.0000
0.620 0.0 0.0000 0.0000 0.0 0.0000 0.0000 0.0000
0.640 0.0 0.0000 0.0000 0.0 0.0000 0.0000 0.0000
0.660 0.0 0.0000 0.0000 0.0 0.0000 0.0000 0.0000
0.680 0.0 0.0000 0.0000 0.0 0.0000 0.0000 0.0000
0.700 0.0 0.0000 0.0000 0.0 0.0000 0.0000 0.0000
0.720 0.0 0.0000 0.0000 0.0 0.0000 0.0000 0.0000
0.740 0.0 0.0000 0.0000 0.0 0.0000 0.0000 0.0000
0.760 0.0 0.0000 0.0000 0.0 0.0000 0.0000 0.0000
0.780 0.0 0.0000 0.0000 0.0 0.0000 0.0000 0.0000
0.800 0.0 0.0000 0.0000 0.0 0.0000 0.0000 0.0000
0.820 0.0 0.0000 0.0000 0.0 0.0000 0.0000 0.0000
0.840 0.0 0.0000 0.0000 0.0 0.0000 0.0000 0.0000
0.860 0.0 0.0000 0.0000 0.0 0.0000 0.0000 0.0000
0.880 0.0 0.0000 0.0000 0.0 0.0000 0.0000 0.0000
0.900 0.0 0.0000 0.0000 0.0 0.0000 0.0000 0.0000
0.920 0.0 0.0000 0.0000 0.0 0.0000 0.0000 0.0000
0.940 0.0 0.0000 0.0000 0.0 0.0000 0.0000 0.0000
0.960 0.0 0.0000 0.0000 0.0 0.0000 0.0000 0.0000
0.980 0.0 0.0000 0.0000 0.0 0.0000 0.0000 0.0000
1.000 1.0 0.0000 0.0000 1.0 0.0000 0.0000 0.0000
1.020 1.0 0.0197 0.0000 1.0 0.0197 0.0000 0.0198
1.040 1.0 0.0391 0.0000 1.0 0.0391 0.0000 0.0392
1.060 1.0 0.0582 0.0000 1.0 0.0582 0.0000 0.0582
1.080 1.0 0.0768 0.0000 1.0 0.0768 0.0000 0.0769
1.100 1.0 0.0951 0.0000 1.0 0.0951 0.0000 0.0952
1.120 1.0 0.1130 0.0001 1.0 0.1130 0.0001 0.1131
1.140 1.0 0.1306 0.0001 1.0 0.1306 0.0001 0.1306
1.160 1.0 0.1478 0.0002 1.0 0.1478 0.0002 0.1479
1.180 1.0 0.1647 0.0004 1.0 0.1647 0.0004 0.1647
1.200 1.0 0.1812 0.0007 1.0 0.1812 0.0007 0.1813
1.220 1.0 0.1974 0.0010 1.0 0.1974 0.0010 0.1975
1.240 1.0 0.2133 0.0015 1.0 0.2133 0.0015 0.2134
1.260 1.0 0.2289 0.0022 1.0 0.2289 0.0022 0.2289
1.280 1.0 0.2441 0.0030 1.0 0.2441 0.0030 0.2442
1.300 1.0 0.2591 0.0041 1.0 0.2591 0.0041 0.2592
1.320 1.0 0.2738 0.0054 1.0 0.2738 0.0054 0.2739
1.340 1.0 0.2881 0.0070 1.0 0.2881 0.0070 0.2882
1.360 1.0 0.3022 0.0089 1.0 0.3022 0.0089 0.3023
1.380 1.0 0.3161 0.0111 1.0 0.3161 0.0111 0.3161
1.400 1.0 0.3296 0.0136 1.0 0.3296 0.0136 0.3297
1.420 1.0 0.3429 0.0165 1.0 0.3429 0.0165 0.3430
1.440 1.0 0.3559 0.0198 1.0 0.3559 0.0198 0.3560
1.460 1.0 0.3686 0.0234 1.0 0.3686 0.0234 0.3687
1.480 1.0 0.3811 0.0274 1.0 0.3811 0.0274 0.3812
1.500 0.0 0.3934 0.0318 1.0 0.3934 0.0318 0.3935
1.520 0.0 0.3856 0.0312 1.0 0.4054 0.0366 0.4055
1.540 0.0 0.3780 0.0306 1.0 0.4172 0.0417 0.4173
1.560 0.0 0.3705 0.0300 1.0 0.4287 0.0472 0.4288
1.580 0.0 0.3632 0.0294 1.0 0.4400 0.0530 0.4401
1.600 0.0 0.3560 0.0288 1.0 0.4511 0.0592 0.4512
1.620 0.0 0.3489 0.0282 1.0 0.4620 0.0657 0.4621
1.640 0.0 0.3420 0.0277 1.0 0.4726 0.0724 0.4727
1.660 0.0 0.3352 0.0271 1.0 0.4831 0.0795 0.4831
1.680 0.0 0.3286 0.0266 1.0 0.4933 0.0868 0.4934
1.700 0.0 0.3221 0.0261 1.0 0.5033 0.0943 0.5034
1.720 0.0 0.3157 0.0255 1.0 0.5132 0.1021 0.5132
1.740 0.0 0.3095 0.0250 1.0 0.5228 0.1100 0.5229
1.760 0.0 0.3033 0.0245 1.0 0.5322 0.1182 0.5323
1.780 0.0 0.2973 0.0241 1.0 0.5415 0.1265 0.5416
1.800 0.0 0.2914 0.0236 1.0 0.5506 0.1349 0.5507
1.820 0.0 0.2857 0.0231 1.0 0.5595 0.1435 0.5596
1.840 0.0 0.2800 0.0227 1.0 0.5682 0.1521 0.5683
1.860 0.0 0.2745 0.0222 1.0 0.5767 0.1609 0.5768
1.880 0.0 0.2690 0.0218 1.0 0.5851 0.1697 0.5852
1.900 0.0 0.2637 0.0213 1.0 0.5933 0.1787 0.5934
1.920 0.0 0.2585 0.0209 1.0 0.6014 0.1876 0.6015
1.940 0.0 0.2534 0.0205 1.0 0.6093 0.1966 0.6094
1.960 0.0 0.2484 0.0201 1.0 0.6170 0.2057 0.6171
1.980 0.0 0.2434 0.0197 1.0 0.6246 0.2147 0.6247
2.000 0.0 0.2386 0.0193 1.0 0.6320 0.2238 0.6321
2.020 0.0 0.2339 0.0189 1.0 0.6393 0.2328 0.6394
2.040 0.0 0.2293 0.0185 1.0 0.6465 0.2418 0.6465
2.060 0.0 0.2247 0.0182 1.0 0.6535 0.2508 0.6535
2.080 0.0 0.2203 0.0178 1.0 0.6603 0.2598 0.6604
2.100 0.0 0.2159 0.0175 1.0 0.6670 0.2688 0.6671
2.120 0.0 0.2116 0.0171 1.0 0.6736 0.2777 0.6737
2.140 0.0 0.2074 0.0168 1.0 0.6801 0.2866 0.6802
2.160 0.0 0.2033 0.0165 1.0 0.6864 0.2954 0.6865
2.180 0.0 0.1993 0.0161 1.0 0.6926 0.3041 0.6927
2.200 0.0 0.1954 0.0158 1.0 0.6987 0.3128 0.6988
2.220 0.0 0.1915 0.0155 1.0 0.7047 0.3214 0.7048
2.240 0.0 0.1877 0.0152 1.0 0.7105 0.3300 0.7106
2.260 0.0 0.1840 0.0149 1.0 0.7163 0.3385 0.7163
2.280 0.0 0.1803 0.0146 1.0 0.7219 0.3469 0.7220
2.300 0.0 0.1768 0.0143 1.0 0.7274 0.3552 0.7275
2.320 0.0 0.1733 0.0140 1.0 0.7328 0.3634 0.7329
2.340 0.0 0.1698 0.0137 1.0 0.7381 0.3716 0.7382
2.360 0.0 0.1665 0.0135 1.0 0.7432 0.3797 0.7433
2.380 0.0 0.1632 0.0132 1.0 0.7483 0.3877 0.7484
2.400 0.0 0.1599 0.0129 1.0 0.7533 0.3956 0.7534
2.420 0.0 0.1568 0.0127 1.0 0.7582 0.4034 0.7583
2.440 0.0 0.1537 0.0124 1.0 0.7630 0.4111 0.7631
2.460 0.0 0.1506 0.0122 1.0 0.7677 0.4187 0.7678
2.480 0.0 0.1477 0.0119 1.0 0.7723 0.4262 0.7724
2.500 0.0 0.1447 0.0117 1.0 0.7768 0.4337 0.7769
2.520 0.0 0.1419 0.0115 1.0 0.7812 0.4410 0.7813
2.540 0.0 0.1391 0.0113 1.0 0.7855 0.4483 0.7856
2.560 0.0 0.1363 0.0110 1.0 0.7898 0.4554 0.7899
2.580 0.0 0.1336 0.0108 1.0 0.7939 0.4625 0.7940
2.600 0.0 0.1310 0.0106 1.0 0.7980 0.4695 0.7981
2.620 0.0 0.1284 0.0104 1.0 0.8020 0.4763 0.8021
2.640 0.0 0.1258 0.0102 1.0 0.8059 0.4831 0.8060
2.660 0.0 0.1233 0.0100 1.0 0.8098 0.4898 0.8099
2.680 0.0 0.1209 0.0098 1.0 0.8135 0.4964 0.8136
2.700 0.0 0.1185 0.0096 1.0 0.8172 0.5029 0.8173
2.720 0.0 0.1161 0.0094 1.0 0.8208 0.5093 0.8209
2.740 0.0 0.1138 0.0092 1.0 0.8244 0.5156 0.8245
2.760 0.0 0.1116 0.0090 1.0 0.8279 0.5218 0.8280
2.780 0.0 0.1094 0.0088 1.0 0.8313 0.5280 0.8314
2.800 0.0 0.1072 0.0087 1.0 0.8346 0.5340 0.8347
2.820 0.0 0.1051 0.0085 1.0 0.8379 0.5399 0.8380
2.840 0.0 0.1030 0.0083 1.0 0.8411 0.5458 0.8412
2.860 0.0 0.1010 0.0082 1.0 0.8442 0.5516 0.8443
2.880 0.0 0.0990 0.0080 1.0 0.8473 0.5573 0.8474
2.900 0.0 0.0970 0.0078 1.0 0.8503 0.5629 0.8504
2.920 0.0 0.0951 0.0077 1.0 0.8533 0.5684 0.8534
2.940 0.0 0.0932 0.0075 1.0 0.8562 0.5738 0.8563
2.960 0.0 0.0914 0.0074 1.0 0.8590 0.5792 0.8591
2.980 0.0 0.0896 0.0072 1.0 0.8618 0.5844 0.8619
3.000 0.0 0.0878 0.0071 1.0 0.8646 0.5896 0.8647
3.020 0.0 0.0860 0.0070 1.0 0.8672 0.5947 0.8673
3.040 0.0 0.0843 0.0068 1.0 0.8699 0.5997 0.8700
3.060 0.0 0.0827 0.0067 1.0 0.8724 0.6046 0.8725
3.080 0.0 0.0810 0.0066 1.0 0.8750 0.6095 0.8751
3.100 0.0 0.0794 0.0064 1.0 0.8774 0.6143 0.8775
3.120 0.0 0.0779 0.0063 1.0 0.8799 0.6190 0.8800
3.140 0.0 0.0763 0.0062 1.0 0.8822 0.6236 0.8823
3.160 0.0 0.0748 0.0061 1.0 0.8846 0.6282 0.8847
3.180 0.0 0.0733 0.0059 1.0 0.8869 0.6327 0.8870
3.200 0.0 0.0719 0.0058 1.0 0.8891 0.6371 0.8892
3.220 0.0 0.0704 0.0057 1.0 0.8913 0.6414 0.8914
3.240 0.0 0.0691 0.0056 1.0 0.8934 0.6457 0.8935
3.260 0.0 0.0677 0.0055 1.0 0.8956 0.6499 0.8956
3.280 0.0 0.0663 0.0054 1.0 0.8976 0.6540 0.8977
3.300 0.0 0.0650 0.0053 1.0 0.8996 0.6580 0.8997
3.320 0.0 0.0637 0.0052 1.0 0.9016 0.6620 0.9017
3.340 0.0 0.0625 0.0051 1.0 0.9036 0.6659 0.9037
3.360 0.0 0.0612 0.0050 1.0 0.9055 0.6698 0.9056
3.380 0.0 0.0600 0.0049 1.0 0.9074 0.6736 0.9074
3.400 0.0 0.0588 0.0048 1.0 0.9092 0.6773 0.9093
3.420 0.0 0.0577 0.0047 1.0 0.9110 0.6810 0.9111
3.440 0.0 0.0565 0.0046 1.0 0.9127 0.6846 0.9128
3.460 0.0 0.0554 0.0045 1.0 0.9145 0.6882 0.9146
3.480 0.0 0.0543 0.0044 1.0 0.9162 0.6916 0.9163
3.500 0.0 0.0532 0.0043 1.0 0.9178 0.6951 0.9179
3.520 0.0 0.0522 0.0042 1.0 0.9194 0.6984 0.9195
3.540 0.0 0.0512 0.0041 1.0 0.9210 0.7017 0.9211
3.560 0.0 0.0501 0.0041 1.0 0.9226 0.7050 0.9227
3.580 0.0 0.0491 0.0040 1.0 0.9241 0.7082 0.9242
3.600 0.0 0.0482 0.0039 1.0 0.9256 0.7114 0.9257
3.620 0.0 0.0472 0.0038 1.0 0.9271 0.7144 0.9272
3.640 0.0 0.0463 0.0037 1.0 0.9285 0.7175 0.9286
3.660 0.0 0.0454 0.0037 1.0 0.9300 0.7205 0.9301
3.680 0.0 0.0445 0.0036 1.0 0.9313 0.7234 0.9314
3.700 0.0 0.0436 0.0035 1.0 0.9327 0.7263 0.9328
3.720 0.0 0.0427 0.0035 1.0 0.9340 0.7291 0.9341
3.740 0.0 0.0419 0.0034 1.0 0.9353 0.7319 0.9354
3.760 0.0 0.0411 0.0033 1.0 0.9366 0.7347 0.9367
3.780 0.0 0.0402 0.0033 1.0 0.9379 0.7374 0.9380
3.800 0.0 0.0394 0.0032 1.0 0.9391 0.7400 0.9392
3.820 0.0 0.0387 0.0031 1.0 0.9403 0.7426 0.9404
3.840 0.0 0.0379 0.0031 1.0 0.9415 0.7452 0.9416
3.860 0.0 0.0371 0.0030 1.0 0.9426 0.7477 0.9427
3.880 0.0 0.0364 0.0029 1.0 0.9438 0.7501 0.9439
3.900 0.0 0.0357 0.0029 1.0 0.9449 0.7526 0.9450
3.920 0.0 0.0350 0.0028 1.0 0.9460 0.7549 0.9461
3.940 0.0 0.0343 0.0028 1.0 0.9470 0.7573 0.9471
3.960 0.0 0.0336 0.0027 1.0 0.9481 0.7596 0.9482
3.980 0.0 0.0329 0.0027 1.0 0.9491 0.7618 0.9492
4.000 0.0 0.0323 0.0026 1.0 0.9501 0.7641 0.9502
4.020 0.0 0.0317 0.0026 1.0 0.9511 0.7662 0.9512
4.040 0.0 0.0310 0.0025 1.0 0.9521 0.7684 0.9522
4.060 0.0 0.0304 0.0025 1.0 0.9530 0.7705 0.9531
4.080 0.0 0.0298 0.0024 1.0 0.9539 0.7726 0.9540
4.100 0.0 0.0292 0.0024 1.0 0.9549 0.7746 0.9550
4.120 0.0 0.0286 0.0023 1.0 0.9557 0.7766 0.9558
4.140 0.0 0.0281 0.0023 1.0 0.9566 0.7786 0.9567
4.160 0.0 0.0275 0.0022 1.0 0.9575 0.7805 0.9576
4.180 0.0 0.0270 0.0022 1.0 0.9583 0.7824 0.9584
4.200 0.0 0.0264 0.0021 1.0 0.9591 0.7842 0.9592
4.220 0.0 0.0259 0.0021 1.0 0.9599 0.7861 0.9600
4.240 0.0 0.0254 0.0021 1.0 0.9607 0.7879 0.9608
4.260 0.0 0.0249 0.0020 1.0 0.9615 0.7896 0.9616
4.280 0.0 0.0244 0.0020 1.0 0.9623 0.7914 0.9624
4.300 0.0 0.0239 0.0019 1.0 0.9630 0.7931 0.9631
4.320 0.0 0.0234 0.0019 1.0 0.9637 0.7947 0.9638
4.340 0.0 0.0230 0.0019 1.0 0.9645 0.7964 0.9646
4.360 0.0 0.0225 0.0018 1.0 0.9652 0.7980 0.9653
4.380 0.0 0.0221 0.0018 1.0 0.9659 0.7996 0.9660
4.400 0.0 0.0216 0.0018 1.0 0.9665 0.8011 0.9666
4.420 0.0 0.0212 0.0017 1.0 0.9672 0.8027 0.9673
4.440 0.0 0.0208 0.0017 1.0 0.9678 0.8042 0.9679
4.460 0.0 0.0204 0.0016 1.0 0.9685 0.8056 0.9686
4.480 0.0 0.0200 0.0016 1.0 0.9691 0.8071 0.9692
4.500 0.0 0.0196 0.0016 1.0 0.9697 0.8085 0.9698
4.520 0.0 0.0192 0.0016 1.0 0.9703 0.8099 0.9704
4.540 0.0 0.0188 0.0015 1.0 0.9709 0.8113 0.9710
4.560 0.0 0.0184 0.0015 1.0 0.9715 0.8126 0.9716
4.580 0.0 0.0181 0.0015 1.0 0.9720 0.8140 0.9721
4.600 0.0 0.0177 0.0014 1.0 0.9726 0.8153 0.9727
4.620 0.0 0.0174 0.0014 1.0 0.9731 0.8165 0.9732
4.640 0.0 0.0170 0.0014 1.0 0.9736 0.8178 0.9737
4.660 0.0 0.0167 0.0014 1.0 0.9742 0.8190 0.9743
4.680 0.0 0.0164 0.0013 1.0 0.9747 0.8202 0.9748
4.700 0.0 0.0160 0.0013 1.0 0.9752 0.8214 0.9753
4.720 0.0 0.0157 0.0013 1.0 0.9757 0.8226 0.9758
4.740 0.0 0.0154 0.0012 1.0 0.9761 0.8237 0.9762
4.760 0.0 0.0151 0.0012 1.0 0.9766 0.8249 0.9767
4.780 0.0 0.0148 0.0012 1.0 0.9771 0.8260 0.9772
4.800 0.0 0.0145 0.0012 1.0 0.9775 0.8271 0.9776
4.820 0.0 0.0142 0.0012 1.0 0.9780 0.8281 0.9781
4.840 0.0 0.0139 0.0011 1.0 0.9784 0.8292 0.9785
4.860 0.0 0.0137 0.0011 1.0 0.9788 0.8302 0.9789
4.880 0.0 0.0134 0.0011 1.0 0.9792 0.8312 0.9793
4.900 0.0 0.0131 0.0011 1.0 0.9797 0.8322 0.9798
4.920 0.0 0.0129 0.0010 1.0 0.9801 0.8332 0.9802
4.940 0.0 0.0126 0.0010 1.0 0.9805 0.8341 0.9806
4.960 0.0 0.0124 0.0010 1.0 0.9808 0.8351 0.9809
4.980 0.0 0.0121 0.0010 1.0 0.9812 0.8360 0.9813
5.000 0.0 0.0119 0.0010 0.0 0.9816 0.8369 0.9817
5.020 0.0 0.0116 0.0009 0.0 0.9621 0.8203 0.9622
5.040 0.0 0.0114 0.0009 0.0 0.9431 0.8041 0.9432
5.060 0.0 0.0112 0.0009 0.0 0.9244 0.7882 0.9245
5.080 0.0 0.0110 0.0009 0.0 0.9061 0.7726 0.9062
5.100 0.0 0.0107 0.0009 0.0 0.8882 0.7573 0.8883
5.120 0.0 0.0105 0.0009 0.0 0.8706 0.7423 0.8707
5.140 0.0 0.0103 0.0008 0.0 0.8534 0.7276 0.8534
5.160 0.0 0.0101 0.0008 0.0 0.8365 0.7132 0.8365
5.180 0.0 0.0099 0.0008 0.0 0.8199 0.6990 0.8200
5.200 0.0 0.0097 0.0008 0.0 0.8037 0.6852 0.8037
5.220 0.0 0.0095 0.0008 0.0 0.7877 0.6716 0.7878
5.240 0.0 0.0093 0.0008 0.0 0.7721 0.6583 0.7722
5.260 0.0 0.0092 0.0007 0.0 0.7569 0.6453 0.7569
5.280 0.0 0.0090 0.0007 0.0 0.7419 0.6325 0.7419
5.300 0.0 0.0088 0.0007 0.0 0.7272 0.6200 0.7272
5.320 0.0 0.0086 0.0007 0.0 0.7128 0.6077 0.7128
5.340 0.0 0.0085 0.0007 0.0 0.6987 0.5957 0.6987
5.360 0.0 0.0083 0.0007 0.0 0.6848 0.5839 0.6849
5.380 0.0 0.0081 0.0007 0.0 0.6713 0.5723 0.6713
5.400 0.0 0.0080 0.0006 0.0 0.6580 0.5610 0.6580
5.420 0.0 0.0078 0.0006 0.0 0.6449 0.5499 0.6450
5.440 0.0 0.0077 0.0006 0.0 0.6322 0.5390 0.6322
5.460 0.0 0.0075 0.0006 0.0 0.6197 0.5283 0.6197
5.480 0.0 0.0074 0.0006 0.0 0.6074 0.5179 0.6074
5.500 0.0 0.0072 0.0006 0.0 0.5954 0.5076 0.5954
5.520 0.0 0.0071 0.0006 0.0 0.5836 0.4976 0.5836
5.540 0.0 0.0069 0.0006 0.0 0.5720 0.4877 0.5721
5.560 0.0 0.0068 0.0005 0.0 0.5607 0.4780 0.5607
5.580 0.0 0.0067 0.0005 0.0 0.5496 0.4686 0.5496
5.600 0.0 0.0065 0.0005 0.0 0.5387 0.4593 0.5388
5.620 0.0 0.0064 0.0005 0.0 0.5280 0.4502 0.5281
5.640 0.0 0.0063 0.0005 0.0 0.5176 0.4413 0.5176
5.660 0.0 0.0061 0.0005 0.0 0.5073 0.4326 0.5074
5.680 0.0 0.0060 0.0005 0.0 0.4973 0.4240 0.4973
5.700 0.0 0.0059 0.0005 0.0 0.4874 0.4156 0.4875
5.720 0.0 0.0058 0.0005 0.0 0.4778 0.4074 0.4778
5.740 0.0 0.0057 0.0005 0.0 0.4683 0.3993 0.4684
5.760 0.0 0.0056 0.0004 0.0 0.4591 0.3914 0.4591
5.780 0.0 0.0054 0.0004 0.0 0.4500 0.3836 0.4500
5.800 0.0 0.0053 0.0004 0.0 0.4411 0.3760 0.4411
5.820 0.0 0.0052 0.0004 0.0 0.4323 0.3686 0.4324
5.840 0.0 0.0051 0.0004 0.0 0.4238 0.3613 0.4238
5.860 0.0 0.0050 0.0004 0.0 0.4154 0.3541 0.4154
5.880 0.0 0.0049 0.0004 0.0 0.4071 0.3471 0.4072
5.900 0.0 0.0048 0.0004 0.0 0.3991 0.3403 0.3991
5.920 0.0 0.0047 0.0004 0.0 0.3912 0.3335 0.3912
5.940 0.0 0.0046 0.0004 0.0 0.3834 0.3269 0.3835
5.960 0.0 0.0045 0.0004 0.0 0.3758 0.3204 0.3759
5.980 0.0 0.0045 0.0004 0.0 0.3684 0.3141 0.3684
6.000 0.0 0.0044 0.0004 0.0 0.3611 0.3079 0.3611
6.020 0.0 0.0043 0.0003 0.0 0.3540 0.3018 0.3540
6.040 0.0 0.0042 0.0003 0.0 0.3469 0.2958 0.3470
6.060 0.0 0.0041 0.0003 0.0 0.3401 0.2900 0.3401
6.080 0.0 0.0040 0.0003 0.0 0.3333 0.2842 0.3334
6.100 0.0 0.0040 0.0003 0.0 0.3267 0.2786 0.3268
6.120 0.0 0.0039 0.0003 0.0 0.3203 0.2731 0.3203
6.140 0.0 0.0038 0.0003 0.0 0.3139 0.2677 0.3140
6.160 0.0 0.0037 0.0003 0.0 0.3077 0.2624 0.3077
6.180 0.0 0.0037 0.0003 0.0 0.3016 0.2572 0.3017
6.200 0.0 0.0036 0.0003 0.0 0.2956 0.2521 0.2957
6.220 0.0 0.0035 0.0003 0.0 0.2898 0.2471 0.2898
6.240 0.0 0.0034 0.0003 0.0 0.2841 0.2422 0.2841
6.260 0.0 0.0034 0.0003 0.0 0.2784 0.2374 0.2785
6.280 0.0 0.0033 0.0003 0.0 0.2729 0.2327 0.2729
6.300 0.0 0.0032 0.0003 0.0 0.2675 0.2281 0.2675
6.320 0.0 0.0032 0.0003 0.0 0.2622 0.2236 0.2622
6.340 0.0 0.0031 0.0003 0.0 0.2570 0.2191 0.2570
6.360 0.0 0.0030 0.0002 0.0 0.2519 0.2148 0.2520
6.380 0.0 0.0030 0.0002 0.0 0.2469 0.2105 0.2470
6.400 0.0 0.0029 0.0002 0.0 0.2421 0.2064 0.2421
6.420 0.0 0.0029 0.0002 0.0 0.2373 0.2023 0.2373
6.440 0.0 0.0028 0.0002 0.0 0.2326 0.1983 0.2326
6.460 0.0 0.0028 0.0002 0.0 0.2280 0.1944 0.2280
6.480 0.0 0.0027 0.0002 0.0 0.2234 0.1905 0.2235
6.500 0.0 0.0027 0.0002 0.0 0.2190 0.1867 0.2190
6.520 0.0 0.0026 0.0002 0.0 0.2147 0.1830 0.2147
6.540 0.0 0.0025 0.0002 0.0 0.2104 0.1794 0.2105
6.560 0.0 0.0025 0.0002 0.0 0.2063 0.1759 0.2063
6.580 0.0 0.0024 0.0002 0.0 0.2022 0.1724 0.2022
6.600 0.0 0.0024 0.0002 0.0 0.1982 0.1690 0.1982
6.620 0.0 0.0024 0.0002 0.0 0.1943 0.1656 0.1943
6.640 0.0 0.0023 0.0002 0.0 0.1904 0.1623 0.1904
6.660 0.0 0.0023 0.0002 0.0 0.1866 0.1591 0.1867
6.680 0.0 0.0022 0.0002 0.0 0.1829 0.1560 0.1830
6.700 0.0 0.0022 0.0002 0.0 0.1793 0.1529 0.1793
6.720 0.0 0.0021 0.0002 0.0 0.1758 0.1499 0.1758
6.740 0.0 0.0021 0.0002 0.0 0.1723 0.1469 0.1723
6.760 0.0 0.0020 0.0002 0.0 0.1689 0.1440 0.1689
6.780 0.0 0.0020 0.0002 0.0 0.1655 0.1411 0.1655
6.800 0.0 0.0020 0.0002 0.0 0.1623 0.1383 0.1623
6.820 0.0 0.0019 0.0002 0.0 0.1590 0.1356 0.1591
6.840 0.0 0.0019 0.0002 0.0 0.1559 0.1329 0.1559
6.860 0.0 0.0018 0.0001 0.0 0.1528 0.1303 0.1528
6.880 0.0 0.0018 0.0001 0.0 0.1498 0.1277 0.1498
6.900 0.0 0.0018 0.0001 0.0 0.1468 0.1252 0.1468
6.920 0.0 0.0017 0.0001 0.0 0.1439 0.1227 0.1439
6.940 0.0 0.0017 0.0001 0.0 0.1411 0.1203 0.1411
6.960 0.0 0.0017 0.0001 0.0 0.1383 0.1179 0.1383
6.980 0.0 0.0016 0.0001 0.0 0.1355 0.1156 0.1355
7.000 0.0 0.0016 0.0001 0.0 0.1328 0.1133 0.1329
7.020 0.0 0.0016 0.0001 0.0 0.1302 0.1110 0.1302
7.040 0.0 0.0015 0.0001 0.0 0.1276 0.1088 0.1276
7.060 0.0 0.0015 0.0001 0.0 0.1251 0.1067 0.1251
7.080 0.0 0.0015 0.0001 0.0 0.1226 0.1046 0.1226
7.100 0.0 0.0015 0.0001 0.0 0.1202 0.1025 0.1202
7.120 0.0 0.0014 0.0001 0.0 0.1178 0.1005 0.1178
7.140 0.0 0.0014 0.0001 0.0 0.1155 0.0985 0.1155
7.160 0.0 0.0014 0.0001 0.0 0.1132 0.0965 0.1132
7.180 0.0 0.0013 0.0001 0.0 0.1110 0.0946 0.1110
7.200 0.0 0.0013 0.0001 0.0 0.1088 0.0927 0.1088
7.220 0.0 0.0013 0.0001 0.0 0.1066 0.0909 0.1066
7.240 0.0 0.0013 0.0001 0.0 0.1045 0.0891 0.1045
7.260 0.0 0.0012 0.0001 0.0 0.1024 0.0873 0.1024
7.280 0.0 0.0012 0.0001 0.0 0.1004 0.0856 0.1004
7.300 0.0 0.0012 0.0001 0.0 0.0984 0.0839 0.0984
7.320 0.0 0.0012 0.0001 0.0 0.0965 0.0822 0.0965
7.340 0.0 0.0011 0.0001 0.0 0.0946 0.0806 0.0946
7.360 0.0 0.0011 0.0001 0.0 0.0927 0.0790 0.0927
7.380 0.0 0.0011 0.0001 0.0 0.0908 0.0775 0.0909
7.400 0.0 0.0011 0.0001 0.0 0.0890 0.0759 0.0891
7.420 0.0 0.0011 0.0001 0.0 0.0873 0.0744 0.0873
7.440 0.0 0.0010 0.0001 0.0 0.0856 0.0729 0.0856
7.460 0.0 0.0010 0.0001 0.0 0.0839 0.0715 0.0839
7.480 0.0 0.0010 0.0001 0.0 0.0822 0.0701 0.0822
7.500 0.0 0.0010 0.0001 0.0 0.0806 0.0687 0.0806
7.520 0.0 0.0010 0.0001 0.0 0.0790 0.0673 0.0790
7.540 0.0 0.0009 0.0001 0.0 0.0774 0.0660 0.0774
7.560 0.0 0.0009 0.0001 0.0 0.0759 0.0647 0.0759
7.580 0.0 0.0009 0.0001 0.0 0.0744 0.0634 0.0744
7.600 0.0 0.0009 0.0001 0.0 0.0729 0.0622 0.0729
7.620 0.0 0.0009 0.0001 0.0 0.0715 0.0609 0.0715
7.640 0.0 0.0008 0.0001 0.0 0.0700 0.0597 0.0701
7.660 0.0 0.0008 0.0001 0.0 0.0687 0.0585 0.0687
7.680 0.0 0.0008 0.0001 0.0 0.0673 0.0574 0.0673
7.700 0.0 0.0008 0.0001 0.0 0.0660 0.0562 0.0660
7.720 0.0 0.0008 0.0001 0.0 0.0647 0.0551 0.0647
7.740 0.0 0.0008 0.0001 0.0 0.0634 0.0540 0.0634
7.760 0.0 0.0008 0.0001 0.0 0.0621 0.0530 0.0621
7.780 0.0 0.0007 0.0001 0.0 0.0609 0.0519 0.0609
7.800 0.0 0.0007 0.0001 0.0 0.0597 0.0509 0.0597
7.820 0.0 0.0007 0.0001 0.0 0.0585 0.0499 0.0585
7.840 0.0 0.0007 0.0001 0.0 0.0573 0.0489 0.0574
7.860 0.0 0.0007 0.0001 0.0 0.0562 0.0479 0.0562
7.880 0.0 0.0007 0.0001 0.0 0.0551 0.0470 0.0551
7.900 0.0 0.0007 0.0001 0.0 0.0540 0.0460 0.0540
7.920 0.0 0.0006 0.0001 0.0 0.0529 0.0451 0.0529
7.940 0.0 0.0006 0.0001 0.0 0.0519 0.0442 0.0519
7.960 0.0 0.0006 0.0000 0.0 0.0509 0.0434 0.0509
7.980 0.0 0.0006 0.0000 0.0 0.0499 0.0425 0.0499
8.000 0.0 0.0006 0.0000 0.0 0.0489 0.0417 0.0489