t simple nar
0.000 0.0000 0.0000
0.020 0.0198 0.2067
0.040 0.0392 0.3337
0.060 0.0582 0.4198
0.080 0.0769 0.4846
0.100 0.0952 0.5364
0.120 0.1131 0.5795
0.140 0.1306 0.6163
0.160 0.1479 0.6481
0.180 0.1647 0.6761
0.200 0.1813 0.7010
0.220 0.1975 0.7232
0.240 0.2134 0.7433
0.260 0.2289 0.7614
0.280 0.2442 0.7780
0.300 0.2592 0.7931
0.320 0.2739 0.8069
0.340 0.2882 0.8197
0.360 0.3023 0.8314
0.380 0.3161 0.8423
0.400 0.3297 0.8523
0.420 0.3430 0.8616
0.440 0.3560 0.8702
0.460 0.3687 0.8783
0.480 0.3812 0.8857
0.500 0.3935 0.8927
0.520 0.4055 0.8992
0.540 0.4173 0.9053
0.560 0.4288 0.9109
0.580 0.4401 0.9162
0.600 0.4512 0.9212
0.620 0.4621 0.9259
0.640 0.4727 0.9302
0.660 0.4831 0.9343
0.680 0.4934 0.9381
0.700 0.5034 0.9417
0.720 0.5132 0.9451
0.740 0.5229 0.9483
0.760 0.5323 0.9512
0.780 0.5416 0.9540
0.800 0.5507 0.9567
0.820 0.5596 0.9592
0.840 0.5683 0.9615
0.860 0.5768 0.9637
0.880 0.5852 0.9657
0.900 0.5934 0.9677
0.920 0.6015 0.9695
0.940 0.6094 0.9712
0.960 0.6171 0.9729
0.980 0.6247 0.9744
1.000 0.6321 0.9758
1.020 0.6394 0.9772
1.040 0.6465 0.9785
1.060 0.6535 0.9797
1.080 0.6604 0.9808
1.100 0.6671 0.9819
1.120 0.6737 0.9829
1.140 0.6802 0.9839
1.160 0.6865 0.9848
1.180 0.6927 0.9856
1.200 0.6988 0.9864
1.220 0.7048 0.9872
1.240 0.7106 0.9879
1.260 0.7163 0.9886
1.280 0.7220 0.9892
1.300 0.7275 0.9898
1.320 0.7329 0.9904
1.340 0.7382 0.9909
1.360 0.7433 0.9914
1.380 0.7484 0.9919
1.400 0.7534 0.9923
1.420 0.7583 0.9928
1.440 0.7631 0.9932
1.460 0.7678 0.9935
1.480 0.7724 0.9939
1.500 0.7769 0.9942
1.520 0.7813 0.9946
1.540 0.7856 0.9949
1.560 0.7899 0.9951
1.580 0.7940 0.9954
1.600 0.7981 0.9957
1.620 0.8021 0.9959
1.640 0.8060 0.9961
1.660 0.8099 0.9963
1.680 0.8136 0.9965
1.700 0.8173 0.9967
1.720 0.8209 0.9969
1.740 0.8245 0.9971
1.760 0.8280 0.9972
1.780 0.8314 0.9974
1.800 0.8347 0.9975
1.820 0.8380 0.9977
1.840 0.8412 0.9978
1.860 0.8443 0.9979
1.880 0.8474 0.9980
1.900 0.8504 0.9982
1.920 0.8534 0.9983
1.940 0.8563 0.9984
1.960 0.8591 0.9984
1.980 0.8619 0.9985
2.000 0.8647 0.9986
2.020 0.8673 0.9987
2.040 0.8700 0.9988
2.060 0.8725 0.9988
2.080 0.8751 0.9989
2.100 0.8775 0.9990
2.120 0.8800 0.9990
2.140 0.8823 0.9991
2.160 0.8847 0.9991
2.180 0.8870 0.9992
2.200 0.8892 0.9992
2.220 0.8914 0.9993
2.240 0.8935 0.9993
2.260 0.8956 0.9993
2.280 0.8977 0.9994
2.300 0.8997 0.9994
2.320 0.9017 0.9994
2.340 0.9037 0.9995
2.360 0.9056 0.9995
2.380 0.9074 0.9995
2.400 0.9093 0.9996
2.420 0.9111 0.9996
2.440 0.9128 0.9996
2.460 0.9146 0.9996
2.480 0.9163 0.9996
2.500 0.9179 0.9997
2.520 0.9195 0.9997
2.540 0.9211 0.9997
2.560 0.9227 0.9997
2.580 0.9242 0.9997
2.600 0.9257 0.9997
2.620 0.9272 0.9998
2.640 0.9286 0.9998
2.660 0.9301 0.9998
2.680 0.9314 0.9998
2.700 0.9328 0.9998
2.720 0.9341 0.9998
2.740 0.9354 0.9998
2.760 0.9367 0.9998
2.780 0.9380 0.9998
2.800 0.9392 0.9999
2.820 0.9404 0.9999
2.840 0.9416 0.9999
2.860 0.9427 0.9999
2.880 0.9439 0.9999
2.900 0.9450 0.9999
2.920 0.9461 0.9999
2.940 0.9471 0.9999
2.960 0.9482 0.9999
2.980 0.9492 0.9999
3.000 0.9502 0.9999
3.020 0.9512 0.9999
3.040 0.9522 0.9999
3.060 0.9531 0.9999
3.080 0.9540 0.9999
3.100 0.9550 0.9999
3.120 0.9558 0.9999
3.140 0.9567 0.9999
3.160 0.9576 0.9999
3.180 0.9584 1.0000
3.200 0.9592 1.0000
3.220 0.9600 1.0000
3.240 0.9608 1.0000
3.260 0.9616 1.0000
3.280 0.9624 1.0000
3.300 0.9631 1.0000
3.320 0.9638 1.0000
3.340 0.9646 1.0000
3.360 0.9653 1.0000
3.380 0.9660 1.0000
3.400 0.9666 1.0000
3.420 0.9673 1.0000
3.440 0.9679 1.0000
3.460 0.9686 1.0000
3.480 0.9692 1.0000
3.500 0.9698 1.0000
3.520 0.9704 1.0000
3.540 0.9710 1.0000
3.560 0.9716 1.0000
3.580 0.9721 1.0000
3.600 0.9727 1.0000
3.620 0.9732 1.0000
3.640 0.9737 1.0000
3.660 0.9743 1.0000
3.680 0.9748 1.0000
3.700 0.9753 1.0000
3.720 0.9758 1.0000
3.740 0.9762 1.0000
3.760 0.9767 1.0000
3.780 0.9772 1.0000
3.800 0.9776 1.0000
3.820 0.9781 1.0000
3.840 0.9785 1.0000
3.860 0.9789 1.0000
3.880 0.9793 1.0000
3.900 0.9798 1.0000
3.920 0.9802 1.0000
3.940 0.9806 1.0000
3.960 0.9809 1.0000
3.980 0.9813 1.0000
4.000 0.9817 1.0000
4.020 0.9820 1.0000
4.040 0.9824 1.0000
4.060 0.9828 1.0000
4.080 0.9831 1.0000
4.100 0.9834 1.0000
4.120 0.9838 1.0000
4.140 0.9841 1.0000
4.160 0.9844 1.0000
4.180 0.9847 1.0000
4.200 0.9850 1.0000
4.220 0.9853 1.0000
4.240 0.9856 1.0000
4.260 0.9859 1.0000
4.280 0.9862 1.0000
4.300 0.9864 1.0000
4.320 0.9867 1.0000
4.340 0.9870 1.0000
4.360 0.9872 1.0000
4.380 0.9875 1.0000
4.400 0.9877 1.0000
4.420 0.9880 1.0000
4.440 0.9882 1.0000
4.460 0.9884 1.0000
4.480 0.9887 1.0000
4.500 0.9889 1.0000
4.520 0.9891 1.0000
4.540 0.9893 1.0000
4.560 0.9895 1.0000
4.580 0.9897 1.0000
4.600 0.9899 1.0000
4.620 0.9901 1.0000
4.640 0.9903 1.0000
4.660 0.9905 1.0000
4.680 0.9907 1.0000
4.700 0.9909 1.0000
4.720 0.9911 1.0000
4.740 0.9913 1.0000
4.760 0.9914 1.0000
4.780 0.9916 1.0000
4.800 0.9918 1.0000
4.820 0.9919 1.0000
4.840 0.9921 1.0000
4.860 0.9922 1.0000
4.880 0.9924 1.0000
4.900 0.9926 1.0000
4.920 0.9927 1.0000
4.940 0.9928 1.0000
4.960 0.9930 1.0000
4.980 0.9931 1.0000
5.000 0.9933 1.0000