r p
0.0000 1.0000
0.0312 1.0000
0.0625 1.0000
0.1250 1.0000
0.1562 1.0000
0.1875 0.8571
0.2500 0.8889
0.2812 0.8182
0.2812 0.7500
0.3125 0.7692
0.3438 0.7857
0.3438 0.7333
0.3750 0.7500
0.4062 0.7647
0.4062 0.6842
0.4062 0.6500
0.4062 0.6190
0.4062 0.5909
0.4375 0.6087
0.4375 0.5833
0.4375 0.5385
0.4375 0.5185
0.4688 0.5357
0.4688 0.5172
0.4688 0.5000
0.4688 0.4839
0.4688 0.4688
0.4688 0.4412
0.5000 0.4571
0.5312 0.4722
0.5312 0.4595
0.5312 0.4474
0.5312 0.4359
0.5312 0.4250
0.5312 0.4146
0.5312 0.4048
0.5312 0.3953
0.5312 0.3864
0.5312 0.3696
0.5312 0.3617
0.5312 0.3469
0.5312 0.3400
0.5312 0.3333
0.5312 0.3208
0.5312 0.3148
0.5312 0.3091
0.5312 0.3036
0.5312 0.2982
0.5312 0.2931
0.5625 0.3051
0.5625 0.3000
0.5625 0.2951
0.5938 0.3065
0.6250 0.3175
0.6562 0.3281
0.6562 0.3231
0.6562 0.3182
0.6875 0.3284
0.6875 0.3235
0.7188 0.3333
0.7188 0.3286
0.7500 0.3333
0.7500 0.3288
0.7500 0.3243
0.7500 0.3200
0.7812 0.3289
0.8125 0.3377
0.8438 0.3462
0.8438 0.3418
0.8438 0.3375
0.8438 0.3333
0.8438 0.3293
0.8438 0.3253
0.8438 0.3214
0.8438 0.3176
0.8438 0.3140
0.8438 0.3103
0.8438 0.3068
0.8438 0.3034
0.8438 0.3000
0.8438 0.2967
0.8750 0.3043
0.8750 0.3011
0.8750 0.2979
0.8750 0.2917
0.9062 0.2990
0.9062 0.2929
0.9062 0.2900
0.9062 0.2871
0.9062 0.2843
0.9062 0.2816
0.9062 0.2788
0.9062 0.2762
0.9375 0.2830
0.9375 0.2804
0.9688 0.2870
0.9688 0.2844
0.9688 0.2818
1.0000 0.2883
1.0000 0.2857
1.0000 0.2832
1.0000 0.2807