r p
0.0000 1.0000
0.0312 1.0000
0.0625 1.0000
0.0938 1.0000
0.1250 1.0000
0.1562 1.0000
0.1875 1.0000
0.2188 1.0000
0.2500 1.0000
0.2812 1.0000
0.2812 0.9000
0.2812 0.8182
0.3125 0.8333
0.3125 0.7692
0.3125 0.7143
0.3125 0.6667
0.3125 0.6250
0.3125 0.5882
0.3438 0.6111
0.3750 0.6316
0.3750 0.6000
0.3750 0.5714
0.4062 0.5909
0.4375 0.6087
0.4688 0.6250
0.4688 0.6000
0.4688 0.5769
0.4688 0.5556
0.4688 0.5357
0.4688 0.5172
0.4688 0.5000
0.4688 0.4839
0.5000 0.5000
0.5000 0.4848
0.5000 0.4706
0.5000 0.4571
0.5312 0.4722
0.5312 0.4595
0.5625 0.4737
0.5625 0.4615
0.5625 0.4500
0.5625 0.4390
0.5938 0.4524
0.5938 0.4419
0.5938 0.4318
0.5938 0.4222
0.5938 0.4130
0.5938 0.4043
0.5938 0.3958
0.5938 0.3878
0.6250 0.4000
0.6562 0.4118
0.6562 0.4038
0.6562 0.3962
0.6562 0.3889
0.6562 0.3818
0.6562 0.3750
0.6562 0.3684
0.6562 0.3621
0.6562 0.3559
0.6562 0.3500
0.6562 0.3443
0.6562 0.3387
0.6562 0.3333
0.6562 0.3281
0.6562 0.3231
0.6562 0.3182
0.6875 0.3284
0.7188 0.3382
0.7188 0.3333
0.7188 0.3286
0.7188 0.3239
0.7188 0.3194
0.7500 0.3288
0.7812 0.3378
0.7812 0.3333
0.7812 0.3289
0.7812 0.3247
0.8125 0.3333
0.8125 0.3291
0.8125 0.3250
0.8438 0.3333
0.8438 0.3293
0.8438 0.3253
0.8438 0.3214
0.8438 0.3176
0.8438 0.3140
0.8438 0.3103
0.8438 0.3068
0.8438 0.3034
0.8750 0.3111
0.8750 0.3077
0.8750 0.3043
0.9062 0.3118
0.9375 0.3191
0.9375 0.3158
0.9375 0.3125
0.9375 0.3093
0.9688 0.3163
0.9688 0.3131
0.9688 0.3100
0.9688 0.3069
0.9688 0.3039
1.0000 0.3107
1.0000 0.3077
1.0000 0.3048
1.0000 0.3019
1.0000 0.2991
1.0000 0.2963
1.0000 0.2936
1.0000 0.2909
1.0000 0.2883
1.0000 0.2857
1.0000 0.2832
1.0000 0.2807