beta alfa
0.1000 12.9284
0.1122 11.6428
0.1259 10.5333
0.1413 9.5745
0.1585 8.7452
0.1778 8.0273
0.1995 7.4057
0.2239 6.8674
0.2512 6.4017
0.2818 5.9993
0.3162 5.6527
0.3548 5.3551
0.3981 5.1013
0.4467 4.8867
0.5012 4.7075
0.5623 4.5607
0.6310 4.4437
0.7079 4.3547
0.7943 4.2921
0.8913 4.2550
1.0000 4.2426
1.1220 4.2550
1.2589 4.2921
1.4125 4.3547
1.5849 4.4437
1.7783 4.5607
1.9953 4.7075
2.2387 4.8867
2.5119 5.1013
2.8184 5.3551
3.1623 5.6527
3.5481 5.9993
3.9811 6.4017
4.4668 6.8674
5.0119 7.4057
5.6234 8.0273
6.3096 8.7452
7.0795 9.5745
7.9433 10.5333
8.9125 11.6428
10.0000 12.9284
11.2202 14.4198
12.5893 16.1525
14.1254 18.1685
15.8489 20.5173
17.7828 23.2580
19.9526 26.4605
22.3872 30.2074
25.1189 34.5973
28.1838 39.7467
31.6228 45.7940
35.4813 52.9035
39.8107 61.2702
44.6684 71.1255
50.1187 82.7443
56.2341 96.4530
63.0957 112.6391
70.7946 131.7629
79.4328 154.3711
89.1251 181.1129
100.0000 212.7598
112.2018 250.2278
125.8925 294.6057
141.2538 347.1865
158.4893 409.5068
177.8279 483.3920
199.5262 571.0112
223.8721 674.9415
251.1886 798.2454
281.8383 944.5619
316.2278 1118.2149
354.8134 1324.3430
398.1072 1569.0524
446.6836 1859.5992
501.1872 2204.6067
562.3413 2614.3224
630.9573 3100.9246
707.9458 3678.8861
794.3282 4365.4063
891.2509 5180.9259
1000.0000 6149.7371