t p1 p2 p3
0.000 2.000 1.000 3.000
0.050 1.907 1.036 2.971
0.100 2.046 1.549 4.001
0.150 2.268 2.361 5.410
0.200 2.489 3.318 6.760
0.250 2.679 4.318 7.889
0.300 2.830 5.300 8.762
0.350 2.944 6.231 9.397
0.400 3.025 7.097 9.828
0.450 3.079 7.894 10.089
0.500 3.111 8.624 10.212
0.550 3.125 9.293 10.227
0.600 3.126 9.907 10.156
0.650 3.118 10.473 10.020
0.700 3.104 11.000 9.835
0.750 3.086 11.493 9.613
0.800 3.067 11.958 9.364
0.850 3.049 12.399 9.098
0.900 3.032 12.822 8.819
0.950 3.019 13.227 8.535
1.000 3.011 13.617 8.247
1.050 3.009 13.993 7.960
1.100 3.013 14.355 7.675
1.150 3.025 14.701 7.396
1.200 3.046 15.031 7.121
1.250 3.076 15.342 6.854
1.300 3.115 15.632 6.594
1.350 3.166 15.898 6.343
1.400 3.229 16.137 6.099
1.450 3.304 16.346 5.864
1.500 3.392 16.522 5.638
1.550 3.494 16.662 5.420
1.600 3.612 16.765 5.211
1.650 3.745 16.828 5.011
1.700 3.895 16.851 4.819
1.750 4.063 16.832 4.635
1.800 4.250 16.771 4.460
1.850 4.456 16.670 4.292
1.900 4.684 16.529 4.132
1.950 4.933 16.350 3.980
2.000 5.206 16.135 3.836
2.050 5.503 15.886 3.698
2.100 5.825 15.608 3.568
2.150 6.173 15.302 3.445
2.200 6.548 14.972 3.329
2.250 6.950 14.621 3.220
2.300 7.381 14.253 3.118
2.350 7.841 13.871 3.022
2.400 8.329 13.478 2.933
2.450 8.847 13.077 2.850
2.500 9.392 12.670 2.774
2.550 9.966 12.261 2.705
2.600 10.566 11.851 2.642
2.650 11.191 11.442 2.586
2.700 11.840 11.037 2.536
2.750 12.508 10.636 2.494
2.800 13.193 10.241 2.458
2.850 13.892 9.854 2.429
2.900 14.600 9.476 2.408
2.950 15.312 9.106 2.394
3.000 16.023 8.746 2.389
3.050 16.726 8.397 2.391
3.100 17.415 8.058 2.402
3.150 18.084 7.730 2.422
3.200 18.727 7.413 2.452
3.250 19.335 7.107 2.491
3.300 19.902 6.812 2.541
3.350 20.422 6.529 2.602
3.400 20.888 6.256 2.676
3.450 21.296 5.994 2.762
3.500 21.640 5.743 2.861
3.550 21.917 5.502 2.975
3.600 22.124 5.272 3.104
3.650 22.260 5.051 3.250
3.700 22.324 4.840 3.413
3.750 22.317 4.639 3.596
3.800 22.240 4.447 3.798
3.850 22.096 4.263 4.021
3.900 21.889 4.089 4.268
3.950 21.623 3.922 4.538
4.000 21.302 3.764 4.835
4.050 20.933 3.614 5.159
4.100 20.520 3.471 5.511
4.150 20.069 3.335 5.895
4.200 19.586 3.207 6.310
4.250 19.076 3.086 6.758
4.300 18.544 2.972 7.242
4.350 17.996 2.864 7.762
4.400 17.437 2.763 8.319
4.450 16.869 2.668 8.915
4.500 16.298 2.580 9.550
4.550 15.727 2.498 10.225
4.600 15.159 2.422 10.939
4.650 14.596 2.351 11.692
4.700 14.040 2.287 12.483
4.750 13.494 2.229 13.312
4.800 12.960 2.177 14.175
4.850 12.438 2.132 15.069
4.900 11.930 2.092 15.993
4.950 11.436 2.059 16.940
5.000 10.957 2.032 17.906
5.050 10.494 2.012 18.885
5.100 10.046 1.999 19.871
5.150 9.614 1.993 20.856
5.200 9.198 1.994 21.831
5.250 8.798 2.003 22.788
5.300 8.414 2.020 23.719
5.350 8.044 2.046 24.613
5.400 7.690 2.081 25.460
5.450 7.351 2.126 26.253
5.500 7.026 2.181 26.980
5.550 6.715 2.247 27.635
5.600 6.417 2.324 28.209
5.650 6.133 2.414 28.695
5.700 5.861 2.518 29.089
5.750 5.602 2.636 29.386
5.800 5.354 2.769 29.584
5.850 5.118 2.919 29.682
5.900 4.893 3.087 29.681
5.950 4.678 3.275 29.583
6.000 4.474 3.482 29.392
6.050 4.279 3.712 29.113
6.100 4.094 3.966 28.751
6.150 3.917 4.245 28.315
6.200 3.750 4.551 27.811
6.250 3.590 4.886 27.247
6.300 3.439 5.252 26.631
6.350 3.296 5.651 25.971
6.400 3.160 6.084 25.275
6.450 3.031 6.555 24.550
6.500 2.909 7.065 23.803
6.550 2.793 7.615 23.041
6.600 2.684 8.209 22.270
6.650 2.582 8.846 21.495
6.700 2.485 9.530 20.720
6.750 2.395 10.262 19.951
6.800 2.310 11.042 19.189
6.850 2.231 11.871 18.440
6.900 2.158 12.750 17.704
6.950 2.090 13.679 16.985
7.000 2.027 14.656 16.283
7.050 1.970 15.681 15.601
7.100 1.919 16.751 14.939
7.150 1.873 17.863 14.298
7.200 1.832 19.015 13.679
7.250 1.797 20.200 13.081
7.300 1.767 21.414 12.505
7.350 1.743 22.650 11.951
7.400 1.726 23.900 11.418
7.450 1.714 25.157 10.907
7.500 1.709 26.410 10.417
7.550 1.710 27.651 9.946
7.600 1.718 28.867 9.496
7.650 1.734 30.049 9.065
7.700 1.757 31.183 8.653
7.750 1.788 32.259 8.260
7.800 1.828 33.265 7.883
7.850 1.878 34.190 7.524
7.900 1.937 35.022 7.181
7.950 2.006 35.753 6.853
8.000 2.087 36.374 6.541
8.050 2.181 36.878 6.243
8.100 2.287 37.260 5.959
8.150 2.407 37.517 5.688
8.200 2.543 37.646 5.431
8.250 2.695 37.650 5.185
8.300 2.865 37.530 4.951
8.350 3.054 37.291 4.728
8.400 3.263 36.940 4.516
8.450 3.494 36.483 4.314
8.500 3.749 35.929 4.123
8.550 4.030 35.288 3.940
8.600 4.338 34.569 3.767
8.650 4.676 33.784 3.602
8.700 5.045 32.941 3.445
8.750 5.448 32.052 3.296
8.800 5.887 31.126 3.155
8.850 6.364 30.171 3.021
8.900 6.882 29.197 2.894
8.950 7.443 28.211 2.774
9.000 8.049 27.219 2.661
9.050 8.702 26.229 2.553
9.100 9.405 25.245 2.452
9.150 10.160 24.272 2.356
9.200 10.968 23.314 2.266
9.250 11.831 22.374 2.182
9.300 12.751 21.455 2.103
9.350 13.727 20.560 2.029
9.400 14.761 19.689 1.960
9.450 15.852 18.845 1.896
9.500 16.999 18.027 1.837
9.550 18.200 17.238 1.784
9.600 19.455 16.476 1.735
9.650 20.758 15.743 1.690
9.700 22.106 15.037 1.651
9.750 23.495 14.360 1.617
9.800 24.917 13.709 1.588
9.850 26.366 13.085 1.564
9.900 27.834 12.488 1.545
9.950 29.311 11.916 1.532
10.000 30.788 11.368 1.524
10.050 32.253 10.845 1.522
10.100 33.696 10.345 1.526
10.150 35.102 9.867 1.537
10.200 36.461 9.411 1.554
10.250 37.757 8.976 1.579
10.300 38.979 8.560 1.611
10.350 40.114 8.164 1.651
10.400 41.148 7.786 1.700
10.450 42.071 7.426 1.758
10.500 42.872 7.083 1.826
10.550 43.542 6.756 1.905
10.600 44.073 6.444 1.995
10.650 44.460 6.147 2.098
10.700 44.700 5.864 2.214
10.750 44.792 5.595 2.344
10.800 44.738 5.339 2.490
10.850 44.540 5.095 2.653
10.900 44.204 4.863 2.834
10.950 43.739 4.642 3.034
11.000 43.152 4.432 3.256
11.050 42.454 4.232 3.501
11.100 41.657 4.041 3.771
11.150 40.772 3.861 4.067
11.200 39.812 3.689 4.392
11.250 38.788 3.525 4.747
11.300 37.712 3.370 5.135
11.350 36.596 3.223 5.559
11.400 35.449 3.083 6.021
11.450 34.282 2.951 6.522
11.500 33.103 2.825 7.066
11.550 31.920 2.706 7.656
11.600 30.741 2.593 8.293
11.650 29.572 2.486 8.980
11.700 28.418 2.385 9.720
11.750 27.283 2.290 10.514
11.800 26.170 2.200 11.366
11.850 25.084 2.115 12.276
11.900 24.027 2.036 13.247
11.950 23.000 1.961 14.279
12.000 22.005 1.892 15.373
12.050 21.042 1.827 16.530
12.100 20.113 1.767 17.749
12.150 19.217 1.712 19.029
12.200 18.355 1.661 20.367
12.250 17.526 1.614 21.762
12.300 16.730 1.572 23.210
12.350 15.967 1.535 24.706
12.400 15.235 1.502 26.245
12.450 14.535 1.474 27.820
12.500 13.864 1.451 29.424
12.550 13.223 1.432 31.047
12.600 12.610 1.419 32.681
12.650 12.024 1.410 34.315
12.700 11.465 1.407 35.937
12.750 10.931 1.410 37.534
12.800 10.422 1.418 39.095
12.850 9.936 1.433 40.605
12.900 9.472 1.454 42.051
12.950 9.030 1.482 43.418
13.000 8.609 1.517 44.693
13.050 8.208 1.561 45.863
13.100 7.825 1.612 46.914
13.150 7.461 1.673 47.835
13.200 7.114 1.744 48.616
13.250 6.783 1.825 49.248
13.300 6.468 1.917 49.724
13.350 6.169 2.022 50.040
13.400 5.883 2.140 50.193
13.450 5.612 2.272 50.185
13.500 5.353 2.420 50.016
13.550 5.107 2.584 49.693
13.600 4.873 2.767 49.223
13.650 4.651 2.969 48.614
13.700 4.439 3.192 47.878
13.750 4.237 3.439 47.027
13.800 4.046 3.710 46.072
13.850 3.864 4.007 45.028
13.900 3.691 4.333 43.907
13.950 3.526 4.690 42.723
14.000 3.370 5.081 41.488
14.050 3.221 5.506 40.215
14.100 3.080 5.970 38.914
14.150 2.946 6.474 37.597
14.200 2.820 7.021 36.272
14.250 2.699 7.614 34.948
14.300 2.585 8.255 33.631
14.350 2.477 8.948 32.329
14.400 2.375 9.693 31.047
14.450 2.279 10.495 29.789
14.500 2.187 11.356 28.559
14.550 2.101 12.276 27.360
14.600 2.021 13.259 26.194
14.650 1.945 14.306 25.063
14.700 1.873 15.417 23.969
14.750 1.807 16.594 22.911
14.800 1.745 17.837 21.892
14.850 1.687 19.144 20.910
14.900 1.634 20.515 19.965
14.950 1.585 21.947 19.058
15.000 1.541 23.437 18.188
15.050 1.500 24.982 17.353
15.100 1.464 26.577 16.554
15.150 1.433 28.215 15.789
15.200 1.406 29.890 15.057
15.250 1.383 31.595 14.357
15.300 1.365 33.319 13.689
15.350 1.351 35.053 13.050
15.400 1.343 36.786 12.440
15.450 1.339 38.507 11.859
15.500 1.341 40.202 11.304
15.550 1.349 41.859 10.774
15.600 1.362 43.463 10.270
15.650 1.381 45.001 9.788
15.700 1.407 46.458 9.330
15.750 1.440 47.819 8.893
15.800 1.480 49.071 8.477
15.850 1.529 50.201 8.080
15.900 1.586 51.196 7.702
15.950 1.652 52.045 7.343
16.000 1.728 52.738 7.000
16.050 1.815 53.269 6.674
16.100 1.913 53.632 6.364
16.150 2.024 53.824 6.068
16.200 2.148 53.843 5.787
16.250 2.287 53.694 5.519
16.300 2.442 53.379 5.265
16.350 2.614 52.906 5.023
16.400 2.805 52.284 4.792
16.450 3.016 51.523 4.573
16.500 3.249 50.637 4.364
16.550 3.505 49.637 4.166
16.600 3.787 48.539 3.977
16.650 4.096 47.355 3.798
16.700 4.434 46.100 3.627
16.750 4.805 44.788 3.465
16.800 5.209 43.432 3.312
16.850 5.650 42.044 3.165
16.900 6.130 40.635 3.027
16.950 6.652 39.215 2.895
17.000 7.218 37.794 2.770
17.050 7.831 36.380 2.651
17.100 8.494 34.980 2.539
17.150 9.209 33.599 2.433
17.200 9.980 32.243 2.332
17.250 10.808 30.916 2.237
17.300 11.696 29.621 2.147
17.350 12.646 28.362 2.063
17.400 13.660 27.140 1.983
17.450 14.740 25.957 1.908
17.500 15.886 24.813 1.837
17.550 17.099 23.710 1.772
17.600 18.379 22.647 1.710
17.650 19.727 21.624 1.653
17.700 21.139 20.641 1.600
17.750 22.615 19.698 1.552
17.800 24.151 18.794 1.507
17.850 25.743 17.928 1.467
17.900 27.387 17.098 1.431
17.950 29.076 16.305 1.399
18.000 30.805 15.546 1.372
18.050 32.564 14.821 1.348
18.100 34.345 14.129 1.330
18.150 36.139 13.468 1.315
18.200 37.933 12.837 1.306
18.250 39.717 12.235 1.301
18.300 41.478 11.661 1.301
18.350 43.202 11.114 1.307
18.400 44.876 10.592 1.318
18.450 46.485 10.094 1.335
18.500 48.015 9.620 1.358
18.550 49.451 9.169 1.388
18.600 50.779 8.739 1.425
18.650 51.986 8.329 1.469
18.700 53.057 7.939 1.522
18.750 53.983 7.567 1.584
18.800 54.751 7.213 1.654
18.850 55.355 6.877 1.736
18.900 55.787 6.556 1.828
18.950 56.043 6.251 1.932
19.000 56.122 5.961 2.048
19.050 56.025 5.684 2.179
19.100 55.755 5.421 2.325
19.150 55.319 5.171 2.487
19.200 54.725 4.933 2.667
19.250 53.984 4.706 2.866
19.300 53.107 4.491 3.086
19.350 52.107 4.286 3.328
19.400 50.999 4.091 3.595
19.450 49.798 3.906 3.888
19.500 48.517 3.730 4.209
19.550 47.172 3.563 4.560
19.600 45.775 3.404 4.944
19.650 44.340 3.252 5.363
19.700 42.880 3.109 5.820
19.750 41.404 2.973 6.317
19.800 39.923 2.843 6.857
19.850 38.446 2.721 7.442
19.900 36.981 2.604 8.076
19.950 35.534 2.494 8.761
20.000 34.111 2.390 9.499
20.050 32.717 2.291 10.294
20.100 31.355 2.198 11.148
20.150 30.028 2.109 12.063
20.200 28.740 2.026 13.041
20.250 27.492 1.948 14.085
20.300 26.284 1.874 15.196
20.350 25.118 1.805 16.374
20.400 23.995 1.741 17.620
20.450 22.913 1.680 18.935
20.500 21.874 1.624 20.317
20.550 20.876 1.573 21.765
20.600 19.918 1.525 23.277
20.650 19.001 1.481 24.850
20.700 18.122 1.442 26.479
20.750 17.281 1.407 28.160
20.800 16.477 1.375 29.886
20.850 15.709 1.348 31.652
20.900 14.975 1.325 33.447
20.950 14.274 1.307 35.265
21.000 13.605 1.293 37.093
21.050 12.966 1.283 38.922
21.100 12.357 1.279 40.740
21.150 11.777 1.279 42.533
21.200 11.223 1.284 44.288
21.250 10.695 1.295 45.992
21.300 10.193 1.312 47.630
21.350 9.713 1.335 49.188
21.400 9.257 1.364 50.650
21.450 8.822 1.401 52.002
21.500 8.408 1.444 53.232
21.550 8.014 1.496 54.324
21.600 7.638 1.557 55.268
21.650 7.281 1.626 56.053
21.700 6.941 1.706 56.670
21.750 6.617 1.796 57.113
21.800 6.308 1.899 57.378
21.850 6.015 2.013 57.462
21.900 5.736 2.142 57.367
21.950 5.470 2.285 57.096
22.000 5.217 2.445 56.655
22.050 4.977 2.622 56.053
22.100 4.748 2.818 55.300
22.150 4.530 3.034 54.408
22.200 4.323 3.272 53.390
22.250 4.127 3.534 52.261
22.300 3.939 3.823 51.035
22.350 3.762 4.138 49.728
22.400 3.592 4.484 48.354
22.450 3.432 4.863 46.927
22.500 3.279 5.276 45.460
22.550 3.134 5.726 43.966
22.600 2.996 6.216 42.456
22.650 2.866 6.748 40.940
22.700 2.742 7.325 39.428
22.750 2.624 7.951 37.927
22.800 2.512 8.627 36.445
22.850 2.407 9.356 34.987
22.900 2.307 10.142 33.558
22.950 2.212 10.986 32.162
23.000 2.123 11.891 30.802
23.050 2.039 12.860 29.481
23.100 1.959 13.894 28.201
23.150 1.885 14.994 26.963
23.200 1.815 16.163 25.767
23.250 1.749 17.401 24.614
23.300 1.687 18.707 23.505
23.350 1.630 20.082 22.439
23.400 1.577 21.523 21.414
23.450 1.529 23.030 20.432
23.500 1.484 24.600 19.491
23.550 1.443 26.227 18.589
23.600 1.407 27.909 17.727
23.650 1.374 29.639 16.902
23.700 1.346 31.411 16.113
23.750 1.321 33.216 15.360
23.800 1.301 35.046 14.640
23.850 1.285 36.891 13.954
23.900 1.274 38.741 13.299
23.950 1.268 40.584 12.674
24.000 1.266 42.407 12.078
24.050 1.269 44.198 11.510
24.100 1.278 45.942 10.968
24.150 1.292 47.625 10.452
24.200 1.312 49.233 9.960
24.250 1.338 50.751 9.492
24.300 1.372 52.164 9.046
24.350 1.412 53.458 8.621
24.400 1.460 54.619 8.216
24.450 1.516 55.636 7.831
24.500 1.581 56.497 7.464
24.550 1.656 57.192 7.115
24.600 1.741 57.713 6.782
24.650 1.837 58.056 6.466
24.700 1.946 58.218 6.165
24.750 2.067 58.197 5.878
24.800 2.203 57.998 5.605
24.850 2.355 57.623 5.346
24.900 2.523 57.082 5.099
24.950 2.709 56.383 4.864
25.000 2.915 55.538 4.641
25.050 3.142 54.561 4.428
25.100 3.392 53.464 4.226
25.150 3.666 52.263 4.034
25.200 3.968 50.973 3.852
25.250 4.299 49.608 3.678
25.300 4.660 48.184 3.513
25.350 5.055 46.714 3.356
25.400 5.486 45.210 3.207
25.450 5.956 43.686 3.066
25.500 6.466 42.152 2.931
25.550 7.021 40.617 2.804
25.600 7.621 39.090 2.683
25.650 8.272 37.579 2.568
25.700 8.974 36.091 2.459
25.750 9.731 34.629 2.356
25.800 10.545 33.199 2.259
25.850 11.420 31.805 2.167
25.900 12.357 30.449 2.080
25.950 13.358 29.134 1.998
26.000 14.426 27.860 1.921
26.050 15.561 26.630 1.848
26.100 16.765 25.443 1.780
26.150 18.038 24.299 1.716
26.200 19.380 23.200 1.657
26.250 20.791 22.143 1.602
26.300 22.268 21.130 1.551
26.350 23.810 20.158 1.504
26.400 25.413 19.226 1.461
26.450 27.073 18.335 1.422
26.500 28.784 17.483 1.387
26.550 30.542 16.668 1.356
26.600 32.338 15.889 1.329
26.650 34.165 15.145 1.306
26.700 36.013 14.435 1.288
26.750 37.873 13.757 1.274
26.800 39.733 13.111 1.264
26.850 41.581 12.494 1.260
26.900 43.404 11.906 1.260
26.950 45.189 11.346 1.265
27.000 46.922 10.812 1.275
27.050 48.589 10.303 1.291
27.100 50.175 9.818 1.314
27.150 51.664 9.356 1.342
27.200 53.044 8.916 1.378
27.250 54.298 8.498 1.420
27.300 55.416 8.099 1.471
27.350 56.383 7.719 1.530
27.400 57.190 7.357 1.598
27.450 57.827 7.013 1.676
27.500 58.288 6.686 1.765
27.550 58.568 6.374 1.865
27.600 58.666 6.077 1.977
27.650 58.581 5.795 2.103
27.700 58.317 5.526 2.244
27.750 57.880 5.270 2.400
27.800 57.278 5.027 2.574
27.850 56.521 4.796 2.766
27.900 55.622 4.576 2.978
27.950 54.594 4.366 3.212
28.000 53.451 4.167 3.469
28.050 52.208 3.978 3.752
28.100 50.881 3.798 4.062
28.150 49.484 3.627 4.402
28.200 48.032 3.464 4.774
28.250 46.538 3.310 5.180
28.300 45.015 3.163 5.622
28.350 43.475 3.024 6.104
28.400 41.928 2.892 6.628
28.450 40.384 2.766 7.196
28.500 38.850 2.647 7.811
28.550 37.335 2.534 8.477
28.600 35.844 2.427 9.196
28.650 34.383 2.326 9.971
28.700 32.954 2.230 10.804
28.750 31.563 2.139 11.697
28.800 30.211 2.054 12.654
28.850 28.900 1.973 13.676
28.900 27.632 1.898 14.765
28.950 26.407 1.826 15.922
29.000 25.226 1.759 17.148
29.050 24.090 1.697 18.443
29.100 22.997 1.639 19.807
29.150 21.948 1.585 21.240
29.200 20.941 1.535 22.739
29.250 19.976 1.489 24.302
29.300 19.052 1.447 25.925
29.350 18.168 1.409 27.604
29.400 17.322 1.375 29.334
29.450 16.514 1.345 31.108
29.500 15.742 1.319 32.918
29.550 15.004 1.298 34.758
29.600 14.300 1.280 36.616
29.650 13.629 1.267 38.483
29.700 12.988 1.259 40.347
29.750 12.377 1.255 42.196
29.800 11.794 1.257 44.017
29.850 11.239 1.263 45.797
29.900 10.710 1.275 47.521
29.950 10.206 1.292 49.176
30.000 9.725 1.316 50.745
30.050 9.268 1.346 52.215
30.100 8.832 1.383 53.570
30.150 8.417 1.427 54.798
30.200 8.022 1.480 55.885
30.250 7.646 1.540 56.819
30.300 7.288 1.611 57.590
30.350 6.947 1.691 58.189
30.400 6.623 1.782 58.611
30.450 6.314 1.884 58.850
30.500 6.020 1.999 58.905
30.550 5.740 2.128 58.779
30.600 5.474 2.272 58.474
30.650 5.221 2.432 57.996
30.700 4.980 2.609 57.356
30.750 4.751 2.805 56.563
30.800 4.533 3.021 55.629
30.850 4.326 3.260 54.570
30.900 4.129 3.522 53.399
30.950 3.941 3.810 52.131
31.000 3.763 4.126 50.781
31.050 3.594 4.472 49.365
31.100 3.433 4.851 47.896
31.150 3.280 5.264 46.388
31.200 3.135 5.714 44.854
31.250 2.997 6.204 43.306
31.300 2.866 6.736 41.752
31.350 2.742 7.314 40.204
31.400 2.624 7.940 38.668
31.450 2.512 8.616 37.151
31.500 2.406 9.346 35.660
31.550 2.306 10.132 34.200
31.600 2.211 10.977 32.774
31.650 2.122 11.883 31.385
31.700 2.037 12.853 30.036
31.750 1.957 13.889 28.730
31.800 1.882 14.992 27.466
31.850 1.812 16.163 26.246
31.900 1.746 17.403 25.070
31.950 1.684 18.713 23.939
32.000 1.627 20.092 22.852
32.050 1.573 21.539 21.807
32.100 1.524 23.052 20.806
32.150 1.479 24.628 19.847
32.200 1.438 26.265 18.928
32.250 1.401 27.956 18.048
32.300 1.367 29.697 17.208
32.350 1.338 31.481 16.404
32.400 1.313 33.300 15.637
32.450 1.292 35.147 14.904
32.500 1.276 37.011 14.204
32.550 1.264 38.881 13.537
32.600 1.256 40.747 12.900
32.650 1.253 42.596 12.293
32.700 1.255 44.415 11.715
32.750 1.262 46.190 11.163
32.800 1.275 47.907 10.637
32.850 1.293 49.551 10.137
32.900 1.318 51.108 9.660
32.950 1.349 52.563 9.205
33.000 1.387 53.901 8.772
33.050 1.433 55.109 8.360
33.100 1.486 56.174 7.968
33.150 1.548 57.085 7.594
33.200 1.620 57.830 7.239
33.250 1.702 58.402 6.900
33.300 1.794 58.796 6.578
33.350 1.899 59.006 6.271
33.400 2.016 59.033 5.979
33.450 2.147 58.877 5.702
33.500 2.292 58.543 5.437
33.550 2.455 58.039 5.186
33.600 2.634 57.372 4.947
33.650 2.833 56.554 4.719
33.700 3.053 55.598 4.503
33.750 3.295 54.518 4.297
33.800 3.560 53.328 4.101
33.850 3.853 52.043 3.915
33.900 4.173 50.679 3.739
33.950 4.523 49.251 3.570
34.000 4.906 47.772 3.411
34.050 5.325 46.256 3.259
34.100 5.780 44.715 3.115
34.150 6.276 43.162 2.978
34.200 6.815 41.605 2.848
34.250 7.399 40.054 2.724
34.300 8.032 38.517 2.607
34.350 8.716 37.001 2.496
34.400 9.454 35.511 2.391
34.450 10.248 34.053 2.292
34.500 11.102 32.629 2.198
34.550 12.018 31.243 2.109
34.600 12.997 29.898 2.025
34.650 14.042 28.595 1.946
34.700 15.155 27.335 1.872
34.750 16.336 26.119 1.802
34.800 17.587 24.948 1.737
34.850 18.907 23.821 1.676
34.900 20.296 22.737 1.619
34.950 21.753 21.698 1.566
35.000 23.276 20.701 1.517
35.050 24.862 19.745 1.472
35.100 26.507 18.831 1.432
35.150 28.207 17.955 1.395
35.200 29.955 17.119 1.362
35.250 31.746 16.319 1.334
35.300 33.571 15.555 1.309
35.350 35.422 14.826 1.289
35.400 37.290 14.130 1.273
35.450 39.162 13.466 1.261
35.500 41.028 12.833 1.254
35.550 42.876 12.229 1.252
35.600 44.692 11.653 1.254
35.650 46.463 11.104 1.262
35.700 48.173 10.581 1.276
35.750 49.809 10.083 1.295
35.800 51.356 9.609 1.320
35.850 52.799 9.157 1.352
35.900 54.123 8.726 1.391
35.950 55.316 8.316 1.437
36.000 56.364 7.926 1.492
36.050 57.256 7.554 1.555
36.100 57.982 7.201 1.628
36.150 58.533 6.864 1.711
36.200 58.905 6.543 1.804
36.250 59.094 6.238 1.910
36.300 59.099 5.948 2.029
36.350 58.921 5.672 2.161
36.400 58.567 5.409 2.309
36.450 58.041 5.159 2.473
36.500 57.355 4.921 2.655
36.550 56.519 4.695 2.856
36.600 55.547 4.480 3.078
36.650 54.451 4.275 3.322
36.700 53.248 4.080 3.591
36.750 51.951 3.895 3.886
36.800 50.577 3.719 4.210
36.850 49.140 3.552 4.564
36.900 47.654 3.393 4.951
36.950 46.133 3.242 5.373
37.000 44.589 3.099 5.833
37.050 43.032 2.963 6.333
37.100 41.474 2.834 6.877
37.150 39.922 2.711 7.467
37.200 38.386 2.595 8.105
37.250 36.870 2.485 8.795
37.300 35.382 2.380 9.539
37.350 33.925 2.281 10.340
37.400 32.504 2.188 11.200
37.450 31.121 2.099 12.123
37.500 29.779 2.016 13.109
37.550 28.480 1.938 14.162
37.600 27.223 1.864 15.282
37.650 26.011 1.794 16.472
37.700 24.844 1.729 17.730
37.750 23.720 1.669 19.058
37.800 22.641 1.612 20.455
37.850 21.605 1.560 21.920
37.900 20.612 1.512 23.450
37.950 19.660 1.467 25.043
38.000 18.749 1.427 26.695
38.050 17.877 1.391 28.401
38.100 17.044 1.359 30.155
38.150 16.247 1.331 31.951
38.200 15.487 1.306 33.780
38.250 14.761 1.287 35.634
38.300 14.067 1.271 37.504
38.350 13.406 1.260 39.377
38.400 12.776 1.253 41.243
38.450 12.174 1.251 43.089
38.500 11.601 1.254 44.902
38.550 11.055 1.263 46.668
38.600 10.534 1.277 48.373
38.650 10.038 1.296 50.002
38.700 9.566 1.322 51.540
38.750 9.116 1.355 52.972
38.800 8.687 1.394 54.285
38.850 8.279 1.442 55.465
38.900 7.891 1.497 56.499
38.950 7.521 1.561 57.375
39.000 7.169 1.635 58.085
39.050 6.833 1.719 58.619
39.100 6.514 1.813 58.973
39.150 6.211 1.920 59.144
39.200 5.922 2.040 59.131
39.250 5.647 2.174 58.936
39.300 5.385 2.323 58.564
39.350 5.137 2.489 58.022
39.400 4.900 2.672 57.320
39.450 4.675 2.875 56.470
39.500 4.460 3.099 55.484
39.550 4.257 3.346 54.377
39.600 4.063 3.617 53.163
39.650 3.879 3.915 51.857
39.700 3.704 4.241 50.476
39.750 3.537 4.598 49.032
39.800 3.379 4.988 47.541
39.850 3.229 5.414 46.016
39.900 3.086 5.877 44.469
39.950 2.951 6.382 42.911
40.000 2.822 6.930 41.352
40.050 2.700 7.524 39.800
40.100 2.584 8.167 38.264
40.150 2.475 8.861 36.750
40.200 2.371 9.611 35.264
40.250 2.272 10.417 33.809
40.300 2.179 11.283 32.391
40.350 2.091 12.212 31.011
40.400 2.009 13.204 29.672
40.450 1.931 14.263 28.375
40.500 1.857 15.390 27.123
40.550 1.788 16.586 25.914
40.600 1.724 17.851 24.750
40.650 1.663 19.186 23.630
40.700 1.607 20.589 22.554
40.750 1.555 22.060 21.522
40.800 1.507 23.597 20.532
40.850 1.463 25.196 19.583
40.900 1.424 26.853 18.675
40.950 1.388 28.564 17.807
41.000 1.356 30.322 16.977
41.050 1.328 32.122 16.183
41.100 1.304 33.954 15.425
41.150 1.285 35.811 14.702
41.200 1.269 37.682 14.012
41.250 1.259 39.556 13.353
41.300 1.252 41.421 12.725
41.350 1.251 43.265 12.126
41.400 1.255 45.076 11.555
41.450 1.263 46.837 11.011
41.500 1.278 48.537 10.492
41.550 1.298 50.158 9.998
41.600 1.324 51.688 9.528
41.650 1.357 53.112 9.079
41.700 1.398 54.414 8.653
41.750 1.446 55.582 8.246
41.800 1.502 56.603 7.859
41.850 1.567 57.465 7.491
41.900 1.641 58.160 7.140
41.950 1.726 58.679 6.806
42.000 1.822 59.018 6.489
42.050 1.930 59.173 6.186
42.100 2.051 59.144 5.899
42.150 2.186 58.933 5.625
42.200 2.336 58.547 5.364
42.250 2.503 57.991 5.116
42.300 2.688 57.275 4.881
42.350 2.893 56.413 4.656
42.400 3.119 55.415 4.443
42.450 3.367 54.298 4.240
42.500 3.641 53.075 4.047
42.550 3.940 51.762 3.864
42.600 4.269 50.374 3.689
42.650 4.629 48.925 3.524
42.700 5.022 47.430 3.366
42.750 5.451 45.902 3.217
42.800 5.918 44.353 3.075
42.850 6.426 42.794 2.940
42.900 6.977 41.234 2.812
42.950 7.575 39.683 2.690
43.000 8.222 38.149 2.575
43.050 8.922 36.636 2.466
43.100 9.676 35.152 2.362
43.150 10.487 33.700 2.264
43.200 11.358 32.284 2.172
43.250 12.292 30.907 2.084
43.300 13.290 29.571 2.002
43.350 14.355 28.278 1.924
43.400 15.487 27.028 1.851
43.450 16.689 25.823 1.783
43.500 17.960 24.662 1.718
43.550 19.300 23.545 1.658
43.600 20.709 22.473 1.603
43.650 22.186 21.444 1.551
43.700 23.728 20.457 1.503
43.750 25.332 19.512 1.460
43.800 26.994 18.607 1.420
43.850 28.709 17.741 1.385
43.900 30.472 16.914 1.353
43.950 32.275 16.123 1.326
44.000 34.110 15.368 1.302
44.050 35.968 14.647 1.283
44.100 37.840 13.959 1.268
44.150 39.714 13.303 1.258
44.200 41.578 12.677 1.252
44.250 43.421 12.081 1.251
44.300 45.228 11.512 1.255
44.350 46.986 10.970 1.264
44.400 48.679 10.453 1.279
44.450 50.295 9.961 1.300
44.500 51.817 9.492 1.327
44.550 53.231 9.046 1.360
44.600 54.524 8.620 1.401
44.650 55.680 8.215 1.450
44.700 56.689 7.830 1.506
44.750 57.539 7.463 1.572
44.800 58.220 7.114 1.647
44.850 58.726 6.781 1.733
44.900 59.050 6.465 1.829
44.950 59.190 6.163 1.938
45.000 59.147 5.877 2.060
45.050 58.922 5.604 2.197
45.100 58.521 5.345 2.348
45.150 57.952 5.098 2.517
45.200 57.225 4.863 2.703
45.250 56.350 4.639 2.910
45.300 55.343 4.427 3.137
45.350 54.216 4.225 3.388
45.400 52.985 4.033 3.663
45.450 51.666 3.850 3.965
45.500 50.272 3.676 4.296
45.550 48.819 3.511 4.658
45.600 47.321 3.354 5.054
45.650 45.790 3.205 5.486
45.700 44.240 3.064 5.956
45.750 42.680 2.929 6.467
45.800 41.120 2.802 7.022
45.850 39.570 2.681 7.624
45.900 38.036 2.566 8.275
45.950 36.526 2.457 8.978
46.000 35.043 2.354 9.737
46.050 33.594 2.257 10.552
46.100 32.180 2.165 11.429
46.150 30.806 2.078 12.367
46.200 29.473 1.996 13.371
46.250 28.183 1.918 14.440
46.300 26.937 1.846 15.578
46.350 25.735 1.777 16.785
46.400 24.577 1.713 18.062
46.450 23.464 1.654 19.407
46.500 22.395 1.598 20.822
46.550 21.369 1.547 22.304
46.600 20.385 1.500 23.851
46.650 19.443 1.457 25.460
46.700 18.541 1.417 27.126
46.750 17.678 1.382 28.845
46.800 16.854 1.351 30.611
46.850 16.066 1.324 32.417
46.900 15.313 1.301 34.255
46.950 14.595 1.282 36.114
47.000 13.909 1.267 37.987
47.050 13.255 1.257 39.861
47.100 12.632 1.252 41.724
47.150 12.037 1.251 43.565
47.200 11.470 1.255 45.369
47.250 10.930 1.265 47.122
47.300 10.415 1.280 48.811
47.350 9.925 1.301 50.420
47.400 9.458 1.329 51.934
47.450 9.013 1.363 53.340
47.500 8.589 1.404 54.623
47.550 8.186 1.453 55.769
47.600 7.802 1.511 56.766
47.650 7.436 1.577 57.604
47.700 7.088 1.653 58.272
47.750 6.757 1.739 58.764
47.800 6.442 1.837 59.074
47.850 6.141 1.947 59.200
47.900 5.856 2.070 59.143
47.950 5.584 2.207 58.905
48.000 5.326 2.360 58.491
48.050 5.080 2.530 57.909
48.100 4.846 2.718 57.170
48.150 4.623 2.926 56.286
48.200 4.411 3.155 55.268
48.250 4.210 3.407 54.133
48.300 4.019 3.684 52.895
48.350 3.837 3.989 51.569
48.400 3.664 4.322 50.170
48.450 3.499 4.687 48.713
48.500 3.343 5.085 47.212
48.550 3.194 5.519 45.679
48.600 3.053 5.992 44.127
48.650 2.920 6.507 42.567
48.700 2.793 7.065 41.008
48.750 2.672 7.671 39.458
48.800 2.558 8.326 37.926
48.850 2.449 9.033 36.417
48.900 2.347 9.796 34.937
48.950 2.250 10.616 33.489
49.000 2.158 11.497 32.079
49.050 2.071 12.440 30.708
49.100 1.990 13.448 29.378
49.150 1.913 14.523 28.091
49.200 1.840 15.666 26.848
49.250 1.772 16.878 25.649
49.300 1.709 18.160 24.495
49.350 1.650 19.511 23.384
49.400 1.594 20.931 22.318
49.450 1.543 22.418 21.295
49.500 1.496 23.969 20.315
49.550 1.453 25.583 19.375
49.600 1.415 27.253 18.476
49.650 1.380 28.976 17.617
49.700 1.349 30.746 16.795
49.750 1.322 32.554 16.009
49.800 1.299 34.394 15.259
49.850 1.280 36.255 14.544
49.900 1.266 38.128 13.860
49.950 1.256 40.001 13.209
50.000 1.251 41.864 12.587
50.050 1.251 43.702 11.995
50.100 1.256 45.503 11.430
50.150 1.266 47.252 10.892
50.200 1.281 48.935 10.379
50.250 1.303 50.538 9.890
50.300 1.331 52.045 9.425
50.350 1.366 53.443 8.981
50.400 1.408 54.716 8.559
50.450 1.457 55.851 8.157
50.500 1.515 56.837 7.775
50.550 1.582 57.662 7.410
50.600 1.659 58.318 7.063
50.650 1.746 58.796 6.733
50.700 1.845 59.093 6.419
50.750 1.955 59.206 6.120
50.800 2.080 59.135 5.836
50.850 2.218 58.884 5.565
50.900 2.372 58.457 5.307
50.950 2.543 57.864 5.062
51.000 2.733 57.114 4.829
51.050 2.942 56.219 4.607
51.100 3.173 55.192 4.396
51.150 3.427 54.049 4.196
51.200 3.706 52.804 4.005
51.250 4.012 51.472 3.824
51.300 4.347 50.068 3.651
51.350 4.715 48.607 3.487
51.400 5.115 47.103 3.332
51.450 5.553 45.568 3.184
51.500 6.029 44.015 3.043
51.550 6.546 42.455 2.910
51.600 7.108 40.896 2.784
51.650 7.717 39.347 2.663
51.700 8.376 37.816 2.550
51.750 9.087 36.309 2.442
51.800 9.854 34.831 2.340
51.850 10.678 33.387 2.243
51.900 11.563 31.979 2.152
51.950 12.512 30.610 2.065
52.000 13.525 29.284 1.984
52.050 14.604 28.000 1.907
52.100 15.753 26.760 1.835
52.150 16.970 25.564 1.768
52.200 18.256 24.413 1.704
52.250 19.613 23.306 1.645
52.300 21.037 22.243 1.591
52.350 22.529 21.223 1.540
52.400 24.085 20.246 1.493
52.450 25.703 19.309 1.450
52.500 27.378 18.413 1.412
52.550 29.104 17.556 1.377
52.600 30.877 16.737 1.346
52.650 32.688 15.954 1.320
52.700 34.529 15.207 1.297
52.750 36.392 14.493 1.279
52.800 38.265 13.812 1.265
52.850 40.139 13.163 1.256
52.900 42.000 12.544 1.251
52.950 43.836 11.953 1.251
53.000 45.633 11.390 1.256
53.050 47.379 10.854 1.267
53.100 49.056 10.343 1.283
53.150 50.653 9.856 1.305
53.200 52.152 9.392 1.333
53.250 53.541 8.950 1.368
53.300 54.805 8.530 1.411
53.350 55.930 8.129 1.461
53.400 56.905 7.748 1.520
53.450 57.718 7.385 1.587
53.500 58.361 7.039 1.665
53.550 58.826 6.710 1.753
53.600 59.110 6.397 1.852
53.650 59.209 6.099 1.964
53.700 59.125 5.816 2.089
53.750 58.861 5.546 2.229
53.800 58.422 5.289 2.384
53.850 57.817 5.045 2.556
53.900 57.056 4.813 2.747
53.950 56.151 4.592 2.958
54.000 55.115 4.381 3.190
54.050 53.964 4.182 3.446
54.100 52.712 3.992 3.727
54.150 51.374 3.811 4.035
54.200 49.966 3.639 4.373
54.250 48.501 3.476 4.742
54.300 46.994 3.321 5.146
54.350 45.458 3.173 5.586
54.400 43.904 3.034 6.065
54.450 42.343 2.901 6.585
54.500 40.785 2.775 7.150
54.550 39.237 2.655 7.763
54.600 37.708 2.542 8.425
54.650 36.202 2.434 9.140
54.700 34.727 2.332 9.911
54.750 33.285 2.236 10.740
54.800 31.879 2.145 11.630
54.850 30.514 2.059 12.583
54.900 29.190 1.978 13.600
54.950 27.909 1.902 14.685
55.000 26.673 1.830 15.838
55.050 25.480 1.763 17.060
55.100 24.332 1.700 18.352
55.150 23.228 1.641 19.713
55.200 22.168 1.587 21.143
55.250 21.152 1.536 22.639
55.300 20.177 1.490 24.200
55.350 19.244 1.448 25.822
55.400 18.350 1.409 27.501
55.450 17.496 1.375 29.231
55.500 16.679 1.344 31.007
55.550 15.899 1.318 32.820
55.600 15.154 1.296 34.664
55.650 14.443 1.278 36.527
55.700 13.765 1.264 38.401
55.750 13.117 1.255 40.274
55.800 12.500 1.251 42.134
55.850 11.912 1.251 43.968
55.900 11.351 1.257 45.762
55.950 10.816 1.268 47.503
56.000 10.307 1.284 49.175
56.050 9.822 1.307 50.765
56.100 9.359 1.335 52.257
56.150 8.919 1.371 53.637
56.200 8.500 1.414 54.892
56.250 8.101 1.465 56.006
56.300 7.721 1.524 56.970
56.350 7.359 1.593 57.771
56.400 7.015 1.671 58.401
56.450 6.687 1.760 58.854
56.500 6.375 1.860 59.124
56.550 6.078 1.972 59.211
56.600 5.796 2.099 59.113
56.650 5.527 2.239 58.836
56.700 5.271 2.396 58.385
56.750 5.028 2.569 57.768
56.800 4.796 2.761 56.996
56.850 4.576 2.974 56.081
56.900 4.367 3.208 55.037
56.950 4.168 3.465 53.878
57.000 3.978 3.748 52.619
57.050 3.798 4.058 51.276
57.100 3.627 4.398 49.863
57.150 3.465 4.770 48.395
57.200 3.310 5.176 46.886
57.250 3.163 5.619 45.348
57.300 3.024 6.101 43.793
57.350 2.891 6.624 42.232
57.400 2.766 7.193 40.674
57.450 2.647 7.809 39.127
57.500 2.534 8.475 37.599
57.550 2.427 9.194 36.096
57.600 2.325 9.969 34.623
57.650 2.229 10.802 33.183
57.700 2.139 11.696 31.781
57.750 2.053 12.653 30.418
57.800 1.973 13.676 29.097
57.850 1.897 14.766 27.820
57.900 1.825 15.924 26.586
57.950 1.758 17.151 25.397
58.000 1.696 18.448 24.252
58.050 1.637 19.814 23.151
58.100 1.583 21.248 22.094
58.150 1.533 22.749 21.081
58.200 1.487 24.315 20.109
58.250 1.445 25.941 19.178
58.300 1.407 27.624 18.288
58.350 1.372 29.357 17.436
58.400 1.342 31.136 16.623
58.450 1.316 32.952 15.845
58.500 1.295 34.797 15.102
58.550 1.277 36.662 14.394
58.600 1.264 38.536 13.717
58.650 1.255 40.408 13.072
58.700 1.251 42.267 12.457
58.750 1.251 44.098 11.871
58.800 1.257 45.889 11.312
58.850 1.269 47.625 10.779
58.900 1.285 49.292 10.271
58.950 1.308 50.876 9.788
59.000 1.338 52.361 9.327
59.050 1.374 53.732 8.889
59.100 1.418 54.977 8.471
59.150 1.469 56.081 8.073
59.200 1.529 57.033 7.695
59.250 1.598 57.823 7.334
59.300 1.677 58.440 6.991
59.350 1.766 58.880 6.664
59.400 1.867 59.137 6.353
59.450 1.981 59.210 6.058
59.500 2.108 59.100 5.776
59.550 2.250 58.810 5.508
59.600 2.408 58.347 5.253
59.650 2.582 57.719 5.011
59.700 2.776 56.936 4.780
59.750 2.990 56.011 4.561
59.800 3.225 54.959 4.352
59.850 3.485 53.792 4.154
59.900 3.769 52.526 3.965
59.950 4.082 51.178 3.786
60.000 4.424 49.760 3.615