t x
0.000 0
1.491 1
3.067 0
3.345 1
3.405 2
3.490 3
4.603 4
5.489 5
5.688 4
5.934 3
5.943 4
6.662 5
7.593 6
8.728 7
9.332 8
9.528 9
10.010 10
10.405 9
10.473 10
10.782 9
10.884 10
11.106 9
11.107 10
11.458 11
11.980 12
12.856 13
13.397 14
13.559 13
13.757 12
13.934 11
14.055 12
14.592 11
14.616 12
14.779 13
15.805 14
16.451 13
17.036 12
17.226 13
17.882 14
17.907 13
18.020 12
18.346 11
18.374 12
18.639 11
18.652 10
19.175 11
20.038 10
20.414 11
20.541 12
20.783 11
20.965 10
22.771 11
24.307 12
24.502 11
25.175 12
25.217 11
26.182 10
27.122 11
27.373 10
27.508 11
27.532 10
27.576 9
27.940 10
28.041 11
28.578 12
29.005 13
29.215 14
29.460 15
29.974 14
30.188 15
30.317 16
30.481 17
30.991 16
31.259 17
31.268 16
31.458 15
31.688 16
33.641 17
34.717 16
35.754 17
36.216 16
36.377 17
36.858 16
37.481 17
37.734 18
38.610 17
38.739 16
39.044 15
39.149 16
39.280 15
39.535 14
39.825 13
40.263 14
40.457 13
40.763 12
41.299 13
41.809 12
41.840 11
43.022 10
43.924 9
43.960 10
44.664 11
44.899 12
45.236 11
45.249 10
45.479 11
45.714 12
45.826 11
46.064 12
47.350 13
48.460 14
48.898 13
49.188 14
49.731 13
50.071 12
50.595 11
52.019 12
52.835 13
53.208 12
53.865 13
54.063 14
55.136 15
55.339 16
56.299 17
56.376 16
56.472 15
56.476 14
56.775 15
57.754 16
58.014 15
58.038 16
58.315 17
58.790 18
59.217 17
59.827 18
61.146 17
61.661 18
61.746 17
62.420 16
62.710 15
63.751 14
63.834 15
64.535 14
64.704 13
66.535 12
66.578 13
66.689 12
67.765 11
68.697 10
69.444 11
69.545 12
69.924 13
70.119 12
70.126 11
70.134 12
70.835 11
72.548 12
72.575 13
72.703 12
72.837 11
72.862 10
73.318 9
74.410 8
74.696 9
74.890 8
75.051 9
78.309 8
78.796 9
78.878 8
79.421 9
80.282 8
80.747 7
81.055 6
81.491 7
82.683 8
83.368 9
83.686 10
84.440 9
85.188 10
85.949 11
86.230 10
86.367 9
86.684 10
88.723 11
90.462 10
91.368 9
92.730 8
93.540 9
94.573 10
94.747 9
94.769 8
96.172 9
96.517 8
96.714 7
97.274 6
97.441 5
97.970 6
97.990 7
98.215 6
99.476 7
99.546 8
99.655 7
99.685 8