t x
0.000 0
1.295 1
2.064 2
3.531 3
4.476 4
5.628 5
6.045 4
6.243 3
6.442 2
6.796 3
8.017 4
8.385 5
8.620 6
8.707 7
8.797 8
8.834 9
10.330 10
11.102 9
12.139 10
12.761 11
12.809 12
13.630 11
14.064 10
16.814 11
16.884 12
16.895 13
16.911 12
17.043 11
17.136 10
17.691 11
18.157 12
19.854 11
20.270 12
20.554 11
20.796 12
20.957 11
22.148 12
22.531 11
23.819 12
24.064 11
24.373 12
24.957 11
25.531 12
25.913 11
26.531 12
26.887 13
27.259 12
27.356 11
27.904 12
28.418 13
28.938 14
29.238 15
29.362 16
30.356 17
30.655 18
31.117 19
31.194 20
32.031 21
33.535 20
33.582 21
33.637 22
33.833 23
33.986 22
35.476 21
35.832 20
35.888 21
36.098 22
36.244 21
36.494 20
36.796 21
37.279 20
38.031 21
38.302 20
38.887 21
39.221 22
39.656 21
40.043 22
40.044 23
40.747 22
40.982 21
41.677 22
42.737 21
43.469 22
44.532 23
44.870 22
45.114 21
45.766 20
45.837 19
46.049 18
46.215 19
46.221 20
46.774 19
46.838 20
47.244 21
48.826 20
48.926 19
48.972 18
49.573 19
49.848 18
50.192 17
50.677 16
51.021 17
51.306 16
51.316 15
51.585 14
51.684 13
52.737 12
52.738 11
52.780 12
53.232 11
53.943 12
54.222 13
55.105 14
55.595 13
55.621 14
56.626 13
56.761 14
57.292 15
57.943 14
58.002 15
58.184 14
58.593 15
59.331 16
59.384 17
59.456 18
59.687 17
60.550 18
61.839 17
61.959 18
62.533 17
64.281 16
64.888 15
64.986 14
65.759 13
66.599 12
66.826 11
67.221 12
68.533 13
68.709 12
68.839 13
68.906 14
69.551 15
69.673 14
70.241 13
70.244 12
71.227 11
71.550 10
72.248 11
72.704 10
73.157 11
73.479 12
73.491 13
73.653 12
74.169 13
74.591 12
75.473 13
75.755 12
75.865 11
75.962 12
76.098 13
76.780 14
77.322 13
77.558 14
78.419 15
78.478 16
79.082 17
79.117 16
79.805 17
80.057 18
80.893 17
81.660 16
81.757 15
82.131 14
82.324 13
82.943 12
83.277 11
83.602 12
83.869 13
83.938 12
84.591 11
84.610 12
85.011 11
85.139 10
85.598 9
85.763 8
86.077 7
86.339 8
87.028 7
87.227 8
87.645 7
89.078 8
89.129 9
90.165 10
90.795 11
90.801 10
91.892 11
92.080 12
92.619 13
92.626 12
93.056 13
93.080 12
93.408 13
93.447 14
93.542 13
94.125 12
94.366 11
94.808 12
95.712 13
98.097 14
98.360 13
99.151 14
99.522 13
99.644 12
99.662 11
99.717 10