t x
0.000 0
0.825 1
1.823 2
2.273 1
2.905 2
3.363 1
5.389 2
5.568 3
7.896 4
8.136 5
8.415 6
8.812 5
9.199 4
9.769 5
11.874 6
12.507 7
14.265 8
14.640 9
15.124 8
15.361 9
15.438 10
15.724 11
16.583 10
17.275 9
19.085 8
19.500 9
19.764 10
19.948 9
20.299 10
21.237 9
21.684 10
21.817 9
22.096 10
22.544 9
23.002 10
23.109 11
23.424 12
24.036 11
24.273 12
24.468 11
24.558 10
24.744 9
24.828 10
25.433 11
25.958 10
26.429 9
26.786 10
27.023 9
27.233 10
27.432 11
27.525 12
27.587 13
27.721 12
27.888 13
28.200 12
29.008 13
29.225 12
29.435 13
29.466 14
29.503 13
30.027 12
30.221 11
31.012 12
31.860 13
32.681 14
32.951 13
33.487 14
33.642 15
34.270 16
34.473 17
34.597 16
35.163 17
35.352 16
36.643 17
36.967 16
37.270 15
37.617 14
39.184 13
41.403 14
42.135 15
43.303 14
43.391 13
43.652 14
43.735 15
44.081 16
44.209 15
44.328 16
45.774 17
45.984 16
46.608 15
46.655 16
46.762 17
46.783 18
46.862 17
47.994 18
48.066 17
48.820 16
49.012 15
49.186 14
49.385 13
49.718 12
50.142 11
50.179 10
50.194 9
50.301 10
50.563 11
50.749 12
51.249 13
51.537 14
51.667 15
52.298 14
52.478 13
52.617 12
52.773 13
53.019 12
53.203 13
53.504 12
53.791 11
53.937 12
54.346 11
54.376 10
54.832 11
55.082 12
55.104 13
55.187 12
57.459 11
58.677 10
59.914 9
61.457 10
61.658 11
61.721 10
62.332 9
63.806 8
64.290 9
64.590 8
64.946 7
65.454 8
66.252 9
68.569 8
69.407 7
71.141 6
71.659 5
72.424 4
72.514 3
73.011 4
73.746 5
74.744 6
75.060 5
75.335 4
76.763 3
78.024 4
78.089 5
78.404 6
78.448 5
78.771 6
79.915 7
80.207 8
80.868 9
81.011 10
81.210 11
82.245 10
83.143 11
83.182 10
83.606 11
83.631 10
83.660 9
83.739 10
84.207 9
84.568 8
85.003 9
85.384 10
85.883 11
86.171 10
87.084 11
88.186 10
88.587 9
88.802 10
89.402 11
89.801 10
90.218 9
91.546 8
92.174 7
93.407 6
93.594 7
94.318 6
94.816 7
96.258 6
96.307 5
96.593 4
96.663 5
97.242 6
97.417 7
97.576 8
98.783 9
99.080 10
99.436 11
99.556 10