t x
0.00 0.0000
0.50 0.4877
1.00 0.9516
1.50 1.3929
2.00 1.8127
2.50 2.2120
3.00 2.5918
3.50 2.9531
4.00 3.2968
4.50 3.6237
5.00 3.9347
5.50 4.2305
6.00 4.5119
6.50 4.7795
7.00 5.0341
7.50 5.2763
8.00 5.5067
8.50 5.7259
9.00 5.9343
9.50 6.1326
10.00 6.3212
10.50 6.5006
11.00 6.6713
11.50 6.8336
12.00 6.9881
12.50 7.1350
13.00 7.2747
13.50 7.4076
14.00 7.5340
14.50 7.6543
15.00 7.7687
15.50 7.8775
16.00 7.9810
16.50 8.0795
17.00 8.1732
17.50 8.2623
18.00 8.3470
18.50 8.4276
19.00 8.5043
19.50 8.5773
20.00 8.6466
20.50 8.7127
21.00 8.7754
21.50 8.8352
22.00 8.8920
22.50 8.9460
23.00 8.9974
23.50 9.0463
24.00 9.0928
24.50 9.1371
25.00 9.1792
25.50 9.2192
26.00 9.2573
26.50 9.2935
27.00 9.3279
27.50 9.3607
28.00 9.3919
28.50 9.4216
29.00 9.4498
29.50 9.4766
30.00 9.5021
30.50 9.5264
31.00 9.5495
31.50 9.5715
32.00 9.5924
32.50 9.6123
33.00 9.6312
33.50 9.6492
34.00 9.6663
34.50 9.6825
35.00 9.6980
35.50 9.7128
36.00 9.7268
36.50 9.7401
37.00 9.7528
37.50 9.7648
38.00 9.7763
38.50 9.7872
39.00 9.7976
39.50 9.8075
40.00 9.8168
40.50 9.8258
41.00 9.8343
41.50 9.8424
42.00 9.8500
42.50 9.8574
43.00 9.8643
43.50 9.8709
44.00 9.8772
44.50 9.8832
45.00 9.8889
45.50 9.8943
46.00 9.8995
46.50 9.9044
47.00 9.9090
47.50 9.9135
48.00 9.9177
48.50 9.9217
49.00 9.9255
49.50 9.9292
50.00 9.9326
50.50 9.9359
51.00 9.9390
51.50 9.9420
52.00 9.9448
52.50 9.9475
53.00 9.9501
53.50 9.9525
54.00 9.9548
54.50 9.9570
55.00 9.9591
55.50 9.9611
56.00 9.9630
56.50 9.9648
57.00 9.9665
57.50 9.9682
58.00 9.9697
58.50 9.9712
59.00 9.9726
59.50 9.9739
60.00 9.9752
60.50 9.9764
61.00 9.9776
61.50 9.9787
62.00 9.9797
62.50 9.9807
63.00 9.9816
63.50 9.9825
64.00 9.9834
64.50 9.9842
65.00 9.9850
65.50 9.9857
66.00 9.9864
66.50 9.9871
67.00 9.9877
67.50 9.9883
68.00 9.9889
68.50 9.9894
69.00 9.9899
69.50 9.9904
70.00 9.9909
70.50 9.9913
71.00 9.9917
71.50 9.9922
72.00 9.9925
72.50 9.9929
73.00 9.9932
73.50 9.9936
74.00 9.9939
74.50 9.9942
75.00 9.9945
75.50 9.9947
76.00 9.9950
76.50 9.9952
77.00 9.9955
77.50 9.9957
78.00 9.9959
78.50 9.9961
79.00 9.9963
79.50 9.9965
80.00 9.9966
80.50 9.9968
81.00 9.9970
81.50 9.9971
82.00 9.9973
82.50 9.9974
83.00 9.9975
83.50 9.9976
84.00 9.9978
84.50 9.9979
85.00 9.9980
85.50 9.9981
86.00 9.9982
86.50 9.9982
87.00 9.9983
87.50 9.9984
88.00 9.9985
88.50 9.9986
89.00 9.9986
89.50 9.9987
90.00 9.9988
90.50 9.9988
91.00 9.9989
91.50 9.9989
92.00 9.9990
92.50 9.9990
93.00 9.9991
93.50 9.9991
94.00 9.9992
94.50 9.9992
95.00 9.9993
95.50 9.9993
96.00 9.9993
96.50 9.9994
97.00 9.9994
97.50 9.9994
98.00 9.9994
98.50 9.9995
99.00 9.9995
99.50 9.9995
100.00 9.9995