x ssa pois
0 0.00000 0.00005
1 0.00060 0.00045
2 0.00230 0.00227
3 0.00723 0.00757
4 0.01838 0.01892
5 0.03925 0.03783
6 0.06387 0.06306
7 0.08945 0.09008
8 0.10874 0.11260
9 0.11826 0.12511
10 0.12400 0.12511
11 0.11402 0.11374
12 0.09795 0.09478
13 0.07625 0.07291
14 0.05341 0.05208
15 0.03503 0.03472
16 0.02277 0.02170
17 0.01353 0.01276
18 0.00728 0.00709
19 0.00410 0.00373
20 0.00192 0.00187
21 0.00112 0.00089
22 0.00037 0.00040
23 0.00006 0.00018
24 0.00006 0.00007
25 0.00006 0.00003
26 0.00000 0.00001
27 0.00000 0.00000
28 0.00000 0.00000
29 0.00000 0.00000
30 0.00000 0.00000