u v
4.0000 3.9000
3.8677 3.7705
3.7422 3.6476
3.6234 3.5311
3.5109 3.4209
3.4047 3.3167
3.3045 3.2183
3.2100 3.1256
3.1213 3.0384
3.0379 2.9564
2.9598 2.8795
2.8866 2.8075
2.8184 2.7401
2.7547 2.6772
2.6955 2.6186
2.6404 2.5641
2.5894 2.5134
2.5422 2.4664
2.4986 2.4229
2.4584 2.3827
2.4214 2.3456
2.3874 2.3113
2.3563 2.2798
2.3278 2.2508
2.3017 2.2241
2.2779 2.1996
2.2563 2.1772
2.2366 2.1566
2.2188 2.1378
2.2026 2.1205
2.1880 2.1047
2.1747 2.0902
2.1629 2.0770
2.1522 2.0648
2.1426 2.0537
2.1340 2.0435
2.1263 2.0342
2.1195 2.0256
2.1135 2.0177
2.1081 2.0105
2.1034 2.0038
2.0993 1.9976
2.0958 1.9919
2.0927 1.9865
2.0900 1.9816
2.0878 1.9770
2.0860 1.9727
2.0845 1.9686
2.0833 1.9648
2.0824 1.9612
2.0817 1.9578
2.0814 1.9546
2.0812 1.9515
2.0812 1.9485
2.0815 1.9456
2.0819 1.9428
2.0825 1.9401
2.0832 1.9375
2.0841 1.9349
2.0851 1.9324
2.0863 1.9299
2.0876 1.9275
2.0890 1.9250
2.0905 1.9226
2.0921 1.9202
2.0938 1.9177
2.0956 1.9153
2.0975 1.9129
2.0995 1.9104
2.1016 1.9080
2.1038 1.9055
2.1061 1.9029
2.1085 1.9004
2.1109 1.8978
2.1134 1.8952
2.1161 1.8925
2.1188 1.8898
2.1216 1.8870
2.1245 1.8842
2.1275 1.8814
2.1305 1.8785
2.1337 1.8755
2.1370 1.8725
2.1403 1.8694
2.1437 1.8663
2.1473 1.8631
2.1509 1.8598
2.1547 1.8564
2.1585 1.8530
2.1624 1.8495
2.1665 1.8460
2.1706 1.8423
2.1749 1.8386
2.1793 1.8348
2.1838 1.8310
2.1884 1.8270
2.1932 1.8230
2.1981 1.8188
2.2031 1.8146
2.2082 1.8103
2.2135 1.8059
2.2189 1.8014
2.2245 1.7968
2.2302 1.7921
2.2360 1.7873
2.2421 1.7824
2.2482 1.7774
2.2546 1.7723
2.2611 1.7671
2.2678 1.7618
2.2747 1.7564
2.2817 1.7508
2.2890 1.7452
2.2964 1.7394
2.3040 1.7335
2.3119 1.7275
2.3199 1.7214
2.3282 1.7151
2.3367 1.7087
2.3454 1.7022
2.3544 1.6955
2.3636 1.6888
2.3731 1.6819
2.3828 1.6748
2.3928 1.6676
2.4030 1.6603
2.4135 1.6528
2.4244 1.6452
2.4355 1.6375
2.4469 1.6296
2.4587 1.6216
2.4707 1.6134
2.4831 1.6050
2.4959 1.5966
2.5090 1.5879
2.5224 1.5791
2.5362 1.5702
2.5505 1.5611
2.5651 1.5518
2.5801 1.5424
2.5955 1.5329
2.6114 1.5231
2.6277 1.5133
2.6444 1.5032
2.6617 1.4930
2.6794 1.4827
2.6976 1.4721
2.7163 1.4615
2.7355 1.4506
2.7553 1.4397
2.7756 1.4285
2.7965 1.4172
2.8179 1.4058
2.8400 1.3942
2.8627 1.3824
2.8860 1.3705
2.9099 1.3584
2.9345 1.3462
2.9598 1.3339
2.9857 1.3214
3.0124 1.3088
3.0398 1.2960
3.0680 1.2831
3.0969 1.2701
3.1266 1.2570
3.1570 1.2437
3.1883 1.2303
3.2204 1.2169
3.2534 1.2033
3.2872 1.1896
3.3219 1.1758
3.3575 1.1619
3.3940 1.1479
3.4314 1.1339
3.4697 1.1197
3.5090 1.1055
3.5493 1.0913
3.5905 1.0770
3.6327 1.0626
3.6759 1.0482
3.7201 1.0338
3.7653 1.0193
3.8115 1.0049
3.8588 0.9904
3.9070 0.9759
3.9563 0.9614
4.0066 0.9469
4.0579 0.9325
4.1102 0.9180
4.1635 0.9036
4.2179 0.8893
4.2732 0.8750
4.3295 0.8607
4.3868 0.8465
4.4450 0.8324
4.5041 0.8184
4.5641 0.8045
4.6251 0.7906
4.6868 0.7768
4.7494 0.7632
4.8128 0.7497
4.8770 0.7362
4.9419 0.7229
5.0075 0.7098
5.0737 0.6968
5.1405 0.6839
5.2080 0.6711
5.2759 0.6585
5.3443 0.6461
5.4132 0.6338
5.4824 0.6217
5.5520 0.6098
5.6219 0.5980
5.6920 0.5864
5.7623 0.5750
5.8327 0.5637
5.9032 0.5526
5.9737 0.5418
6.0442 0.5310
6.1147 0.5205
6.1850 0.5102
6.2551 0.5000
6.3250 0.4900
6.3946 0.4803
6.4639 0.4706
6.5329 0.4612
6.6014 0.4520
6.6695 0.4430
6.7371 0.4341
6.8041 0.4254
6.8706 0.4169
6.9364 0.4086
7.0016 0.4005
7.0662 0.3925
7.1300 0.3847
7.1930 0.3771
7.2553 0.3697
7.3168 0.3624
7.3775 0.3553
7.4374 0.3484
7.4963 0.3416
7.5544 0.3350
7.6116 0.3285
7.6680 0.3222
7.7233 0.3161
7.7778 0.3101
7.8313 0.3042
7.8839 0.2985
7.9355 0.2930
7.9861 0.2876
8.0358 0.2823
8.0845 0.2772
8.1323 0.2721
8.1791 0.2673
8.2249 0.2625
8.2698 0.2579
8.3138 0.2534
8.3568 0.2490
8.3988 0.2447
8.4399 0.2406
8.4801 0.2365
8.5194 0.2326
8.5578 0.2288
8.5953 0.2250
8.6318 0.2214
8.6676 0.2179
8.7024 0.2145
8.7364 0.2111
8.7696 0.2079
8.8019 0.2048
8.8335 0.2017
8.8642 0.1987
8.8941 0.1958
8.9233 0.1930
8.9517 0.1903
8.9794 0.1876
9.0064 0.1851
9.0326 0.1826
9.0581 0.1801
9.0830 0.1778
9.1071 0.1755
9.1307 0.1732
9.1535 0.1711
9.1758 0.1690
9.1974 0.1669
9.2185 0.1650
9.2389 0.1630
9.2588 0.1612
9.2781 0.1594
9.2968 0.1576
9.3151 0.1559
9.3328 0.1542
9.3500 0.1526
9.3667 0.1511
9.3829 0.1495
9.3987 0.1481
9.4140 0.1466
9.4288 0.1452
9.4432 0.1439
9.4572 0.1426