u v
2.0000 0.3000
2.2758 0.3588
2.5295 0.4028
2.7643 0.4361
2.9829 0.4614
3.1874 0.4807
3.3796 0.4952
3.5612 0.5058
3.7333 0.5134
3.8971 0.5185
4.0534 0.5215
4.2030 0.5228
4.3466 0.5227
4.4847 0.5213
4.6179 0.5189
4.7466 0.5156
4.8711 0.5117
4.9918 0.5071
5.1090 0.5020
5.2230 0.4964
5.3339 0.4905
5.4419 0.4843
5.5473 0.4779
5.6501 0.4712
5.7506 0.4644
5.8488 0.4575
5.9449 0.4505
6.0389 0.4435
6.1310 0.4364
6.2211 0.4292
6.3094 0.4221
6.3960 0.4150
6.4808 0.4080
6.5639 0.4010
6.6454 0.3940
6.7254 0.3871
6.8037 0.3803
6.8805 0.3736
6.9558 0.3669
7.0296 0.3604
7.1020 0.3539
7.1729 0.3476
7.2424 0.3413
7.3105 0.3352
7.3772 0.3292
7.4426 0.3232
7.5066 0.3174
7.5692 0.3118
7.6306 0.3062
7.6906 0.3007
7.7494 0.2954
7.8069 0.2902
7.8631 0.2851
7.9181 0.2801
7.9718 0.2752
8.0244 0.2704
8.0757 0.2658
8.1259 0.2612
8.1749 0.2568
8.2227 0.2524
8.2695 0.2482
8.3151 0.2441
8.3596 0.2400
8.4030 0.2361
8.4454 0.2323
8.4867 0.2286
8.5270 0.2249
8.5663 0.2214
8.6046 0.2180
8.6419 0.2146
8.6783 0.2113
8.7137 0.2082
8.7482 0.2051
8.7818 0.2021
8.8145 0.1991
8.8463 0.1963
8.8773 0.1935
8.9075 0.1908
8.9368 0.1882
8.9654 0.1856
8.9931 0.1831
9.0201 0.1807
9.0464 0.1784
9.0719 0.1761
9.0968 0.1739
9.1209 0.1717
9.1443 0.1696
9.1671 0.1676
9.1893 0.1656
9.2108 0.1637
9.2317 0.1618
9.2520 0.1600
9.2717 0.1582
9.2908 0.1565
9.3094 0.1549
9.3275 0.1533
9.3450 0.1517
9.3620 0.1502
9.3785 0.1487
9.3945 0.1473
9.4101 0.1459
9.4252 0.1445
9.4398 0.1432
9.4540 0.1419
9.4678 0.1407
9.4811 0.1395
9.4941 0.1383
9.5067 0.1372
9.5189 0.1361
9.5307 0.1350
9.5422 0.1340
9.5533 0.1330
9.5641 0.1320
9.5745 0.1311
9.5847 0.1302
9.5945 0.1293
9.6040 0.1284
9.6133 0.1276
9.6222 0.1268
9.6309 0.1260
9.6393 0.1252
9.6475 0.1245
9.6554 0.1238
9.6630 0.1231
9.6704 0.1224
9.6776 0.1217
9.6846 0.1211
9.6914 0.1205
9.6979 0.1199
9.7042 0.1193
9.7104 0.1187
9.7163 0.1182
9.7221 0.1177
9.7277 0.1171
9.7331 0.1167
9.7383 0.1162
9.7434 0.1157
9.7483 0.1152
9.7531 0.1148
9.7577 0.1144
9.7622 0.1140
9.7665 0.1136
9.7707 0.1132
9.7748 0.1128
9.7787 0.1124
9.7825 0.1121
9.7862 0.1117
9.7898 0.1114
9.7932 0.1111
9.7966 0.1108
9.7998 0.1105
9.8030 0.1102
9.8060 0.1099
9.8090 0.1096
9.8118 0.1094
9.8146 0.1091
9.8173 0.1088
9.8198 0.1086
9.8224 0.1084
9.8248 0.1081
9.8271 0.1079
9.8294 0.1077
9.8316 0.1075
9.8338 0.1073
9.8358 0.1071
9.8378 0.1069
9.8398 0.1067
9.8417 0.1065
9.8435 0.1064
9.8452 0.1062
9.8470 0.1060
9.8486 0.1059
9.8502 0.1057
9.8518 0.1056
9.8533 0.1054
9.8547 0.1053
9.8561 0.1052
9.8575 0.1050
9.8588 0.1049
9.8601 0.1048
9.8613 0.1047
9.8625 0.1046
9.8637 0.1045
9.8648 0.1043
9.8659 0.1042
9.8669 0.1041
9.8679 0.1040
9.8689 0.1040
9.8699 0.1039
9.8708 0.1038
9.8717 0.1037
9.8726 0.1036
9.8734 0.1035
9.8742 0.1034
9.8750 0.1034
9.8758 0.1033
9.8765 0.1032
9.8772 0.1032
9.8779 0.1031
9.8786 0.1030
9.8792 0.1030
9.8799 0.1029
9.8805 0.1028
9.8810 0.1028
9.8816 0.1027
9.8822 0.1027
9.8827 0.1026
9.8832 0.1026
9.8837 0.1025
9.8842 0.1025
9.8847 0.1024
9.8851 0.1024
9.8856 0.1023
9.8860 0.1023
9.8864 0.1023
9.8868 0.1022
9.8872 0.1022
9.8876 0.1021
9.8879 0.1021
9.8883 0.1021
9.8886 0.1020
9.8889 0.1020
9.8893 0.1020
9.8896 0.1020
9.8899 0.1019
9.8902 0.1019
9.8904 0.1019
9.8907 0.1018
9.8910 0.1018
9.8912 0.1018
9.8915 0.1018
9.8917 0.1017
9.8919 0.1017
9.8922 0.1017
9.8924 0.1017
9.8926 0.1017
9.8928 0.1016
9.8930 0.1016
9.8932 0.1016
9.8934 0.1016
9.8935 0.1016
9.8937 0.1015
9.8939 0.1015
9.8940 0.1015
9.8942 0.1015
9.8943 0.1015
9.8945 0.1015
9.8946 0.1015
9.8948 0.1014
9.8949 0.1014
9.8950 0.1014
9.8952 0.1014
9.8953 0.1014
9.8954 0.1014
9.8955 0.1014
9.8956 0.1014
9.8957 0.1013
9.8958 0.1013
9.8959 0.1013
9.8960 0.1013
9.8961 0.1013
9.8962 0.1013
9.8963 0.1013
9.8964 0.1013
9.8965 0.1013
9.8965 0.1013
9.8966 0.1013
9.8967 0.1012
9.8968 0.1012
9.8968 0.1012
9.8969 0.1012
9.8970 0.1012
9.8970 0.1012
9.8971 0.1012
9.8972 0.1012
9.8972 0.1012
9.8973 0.1012
9.8973 0.1012
9.8974 0.1012
9.8974 0.1012
9.8975 0.1012
9.8975 0.1012
9.8976 0.1012
9.8976 0.1012
9.8977 0.1012
9.8977 0.1011
9.8977 0.1011
9.8978 0.1011
9.8978 0.1011
9.8979 0.1011
9.8979 0.1011
9.8979 0.1011
9.8980 0.1011
9.8980 0.1011
9.8980 0.1011
9.8981 0.1011
9.8981 0.1011
9.8981 0.1011
9.8981 0.1011
9.8982 0.1011