u v
0.2000 0.2500
0.5241 0.5846
0.7634 0.8381
0.9425 1.0321
1.0815 1.1853
1.1926 1.3100
1.2833 1.4136
1.3586 1.5011
1.4219 1.5761
1.4756 1.6409
1.5214 1.6975
1.5606 1.7473
1.5944 1.7912
1.6236 1.8304
1.6488 1.8653
1.6706 1.8967
1.6895 1.9249
1.7057 1.9505
1.7197 1.9738
1.7317 1.9950
1.7420 2.0145
1.7507 2.0323
1.7580 2.0489
1.7640 2.0642
1.7690 2.0784
1.7730 2.0918
1.7760 2.1043
1.7783 2.1161
1.7798 2.1273
1.7807 2.1380
1.7810 2.1482
1.7807 2.1580
1.7800 2.1674
1.7788 2.1766
1.7771 2.1855
1.7751 2.1942
1.7727 2.2027
1.7700 2.2112
1.7669 2.2195
1.7636 2.2277
1.7600 2.2360
1.7561 2.2442
1.7520 2.2524
1.7477 2.2606
1.7431 2.2689
1.7383 2.2773
1.7333 2.2857
1.7281 2.2943
1.7228 2.3029
1.7172 2.3117
1.7115 2.3206
1.7055 2.3297
1.6994 2.3390
1.6932 2.3484
1.6867 2.3581
1.6801 2.3679
1.6734 2.3780
1.6664 2.3883
1.6593 2.3988
1.6521 2.4096
1.6447 2.4206
1.6371 2.4319
1.6293 2.4435
1.6214 2.4554
1.6134 2.4676
1.6052 2.4801
1.5968 2.4930
1.5882 2.5062
1.5795 2.5197
1.5707 2.5336
1.5617 2.5478
1.5525 2.5625
1.5431 2.5775
1.5336 2.5930
1.5240 2.6089
1.5141 2.6252
1.5041 2.6419
1.4940 2.6592
1.4837 2.6769
1.4732 2.6950
1.4626 2.7137
1.4518 2.7329
1.4408 2.7527
1.4297 2.7729
1.4184 2.7938
1.4070 2.8152
1.3954 2.8372
1.3837 2.8598
1.3718 2.8831
1.3598 2.9069
1.3476 2.9315
1.3353 2.9567
1.3228 2.9826
1.3102 3.0092
1.2975 3.0365
1.2846 3.0646
1.2716 3.0934
1.2585 3.1230
1.2452 3.1534
1.2319 3.1846
1.2184 3.2166
1.2048 3.2495
1.1911 3.2832
1.1774 3.3178
1.1635 3.3533
1.1495 3.3897
1.1355 3.4270
1.1214 3.4652
1.1072 3.5044
1.0929 3.5445
1.0786 3.5856
1.0643 3.6277
1.0499 3.6708
1.0355 3.7149
1.0210 3.7600
1.0065 3.8061
0.9921 3.8532
0.9776 3.9013
0.9631 3.9505
0.9486 4.0007
0.9341 4.0519
0.9197 4.1041
0.9053 4.1573
0.8909 4.2115
0.8766 4.2667
0.8624 4.3229
0.8482 4.3801
0.8341 4.4382
0.8200 4.4972
0.8061 4.5571
0.7922 4.6179
0.7784 4.6796
0.7648 4.7421
0.7512 4.8054
0.7378 4.8695
0.7245 4.9343
0.7113 4.9998
0.6983 5.0660
0.6854 5.1327
0.6726 5.2001
0.6600 5.2680
0.6476 5.3364
0.6353 5.4052
0.6231 5.4744
0.6112 5.5439
0.5994 5.6138
0.5877 5.6838
0.5763 5.7541
0.5650 5.8245
0.5539 5.8950
0.5430 5.9655
0.5323 6.0360
0.5217 6.1065
0.5114 6.1768
0.5012 6.2470
0.4912 6.3169
0.4814 6.3866
0.4718 6.4559
0.4623 6.5249
0.4531 6.5935
0.4440 6.6616
0.4351 6.7293
0.4264 6.7964
0.4179 6.8629
0.4096 6.9288
0.4014 6.9941
0.3934 7.0587
0.3856 7.1226
0.3780 7.1858
0.3705 7.2481
0.3632 7.3097
0.3561 7.3705
0.3492 7.4305
0.3424 7.4895
0.3357 7.5477
0.3293 7.6051
0.3229 7.6615
0.3168 7.7170
0.3108 7.7715
0.3049 7.8251
0.2992 7.8778
0.2936 7.9295
0.2882 7.9803
0.2829 8.0301
0.2777 8.0789
0.2727 8.1268
0.2678 8.1737
0.2631 8.2197
0.2584 8.2647
0.2539 8.3087
0.2495 8.3518
0.2452 8.3940
0.2410 8.4352
0.2370 8.4755
0.2330 8.5149
0.2292 8.5534
0.2255 8.5909
0.2218 8.6276
0.2183 8.6635
0.2149 8.6984
0.2115 8.7325
0.2083 8.7658
0.2051 8.7982
0.2020 8.8298
0.1991 8.8607
0.1962 8.8907
0.1933 8.9200
0.1906 8.9485
0.1879 8.9762
0.1854 9.0033
0.1828 9.0296
0.1804 9.0552
0.1780 9.0801
0.1757 9.1044
0.1735 9.1280
0.1713 9.1509
0.1692 9.1732
0.1672 9.1949
0.1652 9.2160
0.1633 9.2366
0.1614 9.2565
0.1596 9.2759
0.1578 9.2947
0.1561 9.3130
0.1544 9.3308
0.1528 9.3480
0.1512 9.3648
0.1497 9.3811
0.1482 9.3969
0.1468 9.4122
0.1454 9.4271
0.1441 9.4416
0.1427 9.4556
0.1415 9.4693
0.1402 9.4825
0.1390 9.4953
0.1379 9.5078
0.1368 9.5199
0.1357 9.5316
0.1346 9.5429
0.1336 9.5540
0.1326 9.5647
0.1316 9.5751
0.1307 9.5851
0.1298 9.5949
0.1289 9.6043
0.1280 9.6135
0.1272 9.6224
0.1264 9.6311
0.1256 9.6394
0.1249 9.6475
0.1241 9.6554
0.1234 9.6630
0.1227 9.6704
0.1221 9.6776
0.1214 9.6845
0.1208 9.6912
0.1202 9.6977
0.1196 9.7041
0.1190 9.7102
0.1185 9.7161
0.1179 9.7219
0.1174 9.7274
0.1169 9.7328
0.1164 9.7381
0.1159 9.7431
0.1155 9.7480
0.1150 9.7528
0.1146 9.7574
0.1142 9.7619
0.1137 9.7662
0.1134 9.7704
0.1130 9.7744
0.1126 9.7784
0.1122 9.7822
0.1119 9.7859
0.1116 9.7895
0.1112 9.7929
0.1109 9.7963
0.1106 9.7995
0.1103 9.8027
0.1100 9.8057
0.1097 9.8087
0.1095 9.8115
0.1092 9.8143
0.1089 9.8170
0.1087 9.8196
0.1085 9.8221
0.1082 9.8245
0.1080 9.8269
0.1078 9.8292
0.1076 9.8314
0.1074 9.8335
0.1072 9.8356
0.1070 9.8376
0.1068 9.8395
0.1066 9.8414
0.1064 9.8432
0.1063 9.8450
0.1061 9.8467