u v
6.0000 10.8000
5.7674 10.3862
5.5443 9.9895
5.3303 9.6094
5.1250 9.2453
4.9281 8.8966
4.7393 8.5628
4.5584 8.2433
4.3850 7.9378
4.2188 7.6457
4.0597 7.3667
3.9074 7.1002
3.7616 6.8460
3.6222 6.6036
3.4888 6.3726
3.3614 6.1529
3.2396 5.9439
3.1234 5.7455
3.0124 5.5573
2.9067 5.3790
2.8059 5.2104
2.7099 5.0512
2.6186 4.9011
2.5318 4.7598
2.4493 4.6272
2.3709 4.5030
2.2966 4.3869
2.2262 4.2787
2.1595 4.1782
2.0963 4.0850
2.0365 3.9990
1.9800 3.9199
1.9266 3.8474
1.8761 3.7813
1.8284 3.7214
1.7833 3.6674
1.7408 3.6190
1.7005 3.5760
1.6624 3.5381
1.6264 3.5051
1.5923 3.4769
1.5599 3.4530
1.5291 3.4334
1.4999 3.4178
1.4720 3.4060
1.4454 3.3978
1.4199 3.3931
1.3955 3.3916
1.3721 3.3931
1.3495 3.3976
1.3277 3.4049
1.3066 3.4148
1.2862 3.4272
1.2664 3.4421
1.2470 3.4592
1.2281 3.4785
1.2097 3.5000
1.1916 3.5234
1.1739 3.5488
1.1564 3.5761
1.1393 3.6052
1.1223 3.6360
1.1056 3.6685
1.0891 3.7027
1.0727 3.7385
1.0566 3.7758
1.0405 3.8147
1.0247 3.8550
1.0089 3.8968
0.9933 3.9400
0.9778 3.9846
0.9623 4.0305
0.9471 4.0778
0.9319 4.1263
0.9168 4.1762
0.9018 4.2272
0.8869 4.2795
0.8722 4.3330
0.8575 4.3876
0.8430 4.4433
0.8286 4.5002
0.8142 4.5580
0.8001 4.6170
0.7860 4.6769
0.7721 4.7377
0.7583 4.7995
0.7446 4.8621
0.7311 4.9256
0.7177 4.9898
0.7045 5.0548
0.6914 5.1205
0.6785 5.1869
0.6657 5.2538
0.6531 5.3213
0.6406 5.3894
0.6284 5.4578
0.6163 5.5267
0.6044 5.5959
0.5926 5.6655
0.5810 5.7352
0.5697 5.8052
0.5584 5.8753
0.5474 5.9454
0.5366 6.0156
0.5259 6.0858
0.5155 6.1559
0.5052 6.2258
0.4951 6.2956
0.4852 6.3651
0.4755 6.4344
0.4660 6.5033
0.4566 6.5718
0.4475 6.6399
0.4385 6.7076
0.4297 6.7747
0.4211 6.8413
0.4127 6.9073
0.4045 6.9727
0.3964 7.0375
0.3886 7.1015
0.3809 7.1648
0.3733 7.2274
0.3660 7.2892
0.3588 7.3502
0.3518 7.4103
0.3449 7.4696
0.3382 7.5281
0.3317 7.5857
0.3253 7.6423
0.3191 7.6981
0.3130 7.7529
0.3071 7.8068
0.3013 7.8598
0.2957 7.9118
0.2902 7.9629
0.2848 8.0130
0.2796 8.0621
0.2746 8.1103
0.2696 8.1575
0.2648 8.2038
0.2601 8.2491
0.2555 8.2935
0.2511 8.3369
0.2468 8.3794
0.2426 8.4209
0.2385 8.4615
0.2345 8.5012
0.2306 8.5400
0.2268 8.5779
0.2232 8.6149
0.2196 8.6510
0.2161 8.6862
0.2127 8.7206
0.2095 8.7542
0.2063 8.7869
0.2032 8.8188
0.2001 8.8499
0.1972 8.8802
0.1944 8.9097
0.1916 8.9385
0.1889 8.9665
0.1863 8.9938
0.1838 9.0204
0.1813 9.0462
0.1789 9.0714
0.1766 9.0959
0.1743 9.1197
0.1721 9.1429
0.1700 9.1654
0.1679 9.1873
0.1659 9.2086
0.1639 9.2294
0.1621 9.2495
0.1602 9.2691
0.1584 9.2881
0.1567 9.3066
0.1550 9.3245
0.1534 9.3419
0.1518 9.3589
0.1503 9.3753
0.1488 9.3913
0.1473 9.4068
0.1459 9.4219
0.1445 9.4365
0.1432 9.4507
0.1419 9.4645
0.1407 9.4778
0.1395 9.4908
0.1383 9.5034
0.1372 9.5156
0.1361 9.5274
0.1350 9.5389
0.1340 9.5501
0.1329 9.5609
0.1320 9.5714
0.1310 9.5816
0.1301 9.5914
0.1292 9.6010
0.1283 9.6103
0.1275 9.6193
0.1267 9.6280
0.1259 9.6365
0.1251 9.6447
0.1244 9.6526
0.1237 9.6603
0.1230 9.6678
0.1223 9.6750
0.1216 9.6820
0.1210 9.6889
0.1204 9.6954
0.1198 9.7018
0.1192 9.7080
0.1187 9.7140
0.1181 9.7198
0.1176 9.7255
0.1171 9.7309
0.1166 9.7362
0.1161 9.7413
0.1156 9.7463
0.1152 9.7511
0.1147 9.7558
0.1143 9.7603
0.1139 9.7647
0.1135 9.7689
0.1131 9.7730
0.1127 9.7770
0.1124 9.7808
0.1120 9.7846
0.1117 9.7882
0.1113 9.7917
0.1110 9.7951
0.1107 9.7984
0.1104 9.8015
0.1101 9.8046
0.1098 9.8076
0.1096 9.8105
0.1093 9.8133
0.1090 9.8160
0.1088 9.8186
0.1085 9.8212
0.1083 9.8236
0.1081 9.8260
0.1079 9.8283
0.1077 9.8306
0.1074 9.8327
0.1072 9.8348
0.1070 9.8369
0.1069 9.8388
0.1067 9.8408
0.1065 9.8426
0.1063 9.8444
0.1062 9.8461
0.1060 9.8478
0.1058 9.8494
0.1057 9.8510
0.1056 9.8525
0.1054 9.8540
0.1053 9.8554
0.1051 9.8568
0.1050 9.8581
0.1049 9.8594
0.1048 9.8607
0.1046 9.8619
0.1045 9.8631
0.1044 9.8642
0.1043 9.8653
0.1042 9.8664
0.1041 9.8674
0.1040 9.8684
0.1039 9.8694
0.1038 9.8703
0.1037 9.8712
0.1037 9.8721
0.1036 9.8730
0.1035 9.8738
0.1034 9.8746
0.1033 9.8754
0.1033 9.8761
0.1032 9.8768
0.1031 9.8775
0.1031 9.8782
0.1030 9.8789
0.1029 9.8795
0.1029 9.8801
0.1028 9.8807
0.1028 9.8813
0.1027 9.8819
0.1027 9.8824
0.1026 9.8829
0.1026 9.8834
0.1025 9.8839
0.1025 9.8844
0.1024 9.8849
0.1024 9.8853
0.1023 9.8858
0.1023 9.8862
0.1022 9.8866
0.1022 9.8870
0.1022 9.8874
0.1021 9.8877