u v
10.8000 5.0000
10.3909 4.8068
9.9990 4.6214
9.6240 4.4437
9.2651 4.2732
8.9218 4.1098
8.5936 3.9532
8.2801 3.8032
7.9808 3.6594
7.6951 3.5218
7.4228 3.3900
7.1635 3.2639
6.9166 3.1433
6.6819 3.0280
6.4591 2.9178
6.2477 2.8125
6.0476 2.7120
5.8583 2.6161
5.6796 2.5247
5.5112 2.4376
5.3528 2.3546
5.2041 2.2756
5.0649 2.2005
4.9348 2.1290
4.8137 2.0612
4.7013 1.9967
4.5972 1.9356
4.5013 1.8776
4.4132 1.8226
4.3327 1.7705
4.2595 1.7210
4.1933 1.6742
4.1339 1.6298
4.0809 1.5877
4.0342 1.5478
3.9934 1.5099
3.9583 1.4739
3.9286 1.4397
3.9041 1.4071
3.8845 1.3761
3.8696 1.3465
3.8592 1.3183
3.8530 1.2912
3.8508 1.2652
3.8524 1.2403
3.8577 1.2163
3.8665 1.1932
3.8785 1.1709
3.8936 1.1492
3.9118 1.1283
3.9327 1.1079
3.9564 1.0881
3.9827 1.0687
4.0114 1.0499
4.0425 1.0314
4.0758 1.0134
4.1113 0.9956
4.1489 0.9783
4.1884 0.9612
4.2299 0.9444
4.2732 0.9279
4.3182 0.9116
4.3649 0.8955
4.4132 0.8797
4.4631 0.8641
4.5145 0.8487
4.5673 0.8335
4.6215 0.8185
4.6770 0.8037
4.7337 0.7891
4.7917 0.7747
4.8507 0.7604
4.9109 0.7464
4.9720 0.7325
5.0341 0.7188
5.0972 0.7053
5.1610 0.6919
5.2257 0.6788
5.2911 0.6658
5.3571 0.6530
5.4238 0.6404
5.4910 0.6280
5.5586 0.6158
5.6268 0.6037
5.6952 0.5919
5.7640 0.5802
5.8331 0.5688
5.9023 0.5575
5.9716 0.5464
6.0411 0.5355
6.1105 0.5248
6.1799 0.5143
6.2492 0.5040
6.3183 0.4939
6.3873 0.4840
6.4560 0.4743
6.5243 0.4647
6.5924 0.4554
6.6600 0.4462
6.7271 0.4373
6.7938 0.4285
6.8600 0.4199
6.9255 0.4115
6.9905 0.4033
7.0548 0.3952
7.1185 0.3874
7.1814 0.3797
7.2436 0.3721
7.3050 0.3648
7.3656 0.3576
7.4254 0.3506
7.4844 0.3438
7.5425 0.3371
7.5997 0.3306
7.6561 0.3242
7.7115 0.3180
7.7660 0.3120
7.8196 0.3061
7.8723 0.3003
7.9240 0.2947
7.9748 0.2892
8.0246 0.2839
8.0735 0.2787
8.1214 0.2737
8.1683 0.2688
8.2143 0.2640
8.2594 0.2593
8.3035 0.2547
8.3466 0.2503
8.3889 0.2460
8.4302 0.2418
8.4705 0.2377
8.5100 0.2338
8.5485 0.2299
8.5862 0.2261
8.6230 0.2225
8.6589 0.2189
8.6939 0.2155
8.7281 0.2121
8.7614 0.2089
8.7940 0.2057
8.8257 0.2026
8.8566 0.1996
8.8867 0.1967
8.9161 0.1938
8.9447 0.1911
8.9725 0.1884
8.9996 0.1858
9.0260 0.1833
9.0517 0.1808
9.0767 0.1784
9.1011 0.1761
9.1247 0.1739
9.1478 0.1717
9.1702 0.1696
9.1919 0.1675
9.2131 0.1655
9.2337 0.1636
9.2537 0.1617
9.2732 0.1599
9.2921 0.1581
9.3104 0.1564
9.3282 0.1547
9.3456 0.1531
9.3624 0.1515
9.3788 0.1500
9.3946 0.1485
9.4100 0.1470
9.4250 0.1456
9.4395 0.1443
9.4536 0.1430
9.4673 0.1417
9.4806 0.1404
9.4935 0.1392
9.5060 0.1381
9.5181 0.1369
9.5299 0.1359
9.5413 0.1348
9.5524 0.1338
9.5631 0.1328
9.5736 0.1318
9.5837 0.1308
9.5935 0.1299
9.6030 0.1290
9.6122 0.1282
9.6211 0.1273
9.6298 0.1265
9.6382 0.1257
9.6463 0.1250
9.6542 0.1242
9.6619 0.1235
9.6693 0.1228
9.6765 0.1222
9.6835 0.1215
9.6902 0.1209
9.6968 0.1203
9.7031 0.1197
9.7093 0.1191
9.7152 0.1185
9.7210 0.1180
9.7266 0.1175
9.7320 0.1170
9.7373 0.1165
9.7424 0.1160
9.7473 0.1155
9.7521 0.1151
9.7567 0.1146
9.7612 0.1142
9.7656 0.1138
9.7698 0.1134
9.7738 0.1130
9.7778 0.1127
9.7816 0.1123
9.7853 0.1119
9.7889 0.1116
9.7924 0.1113
9.7958 0.1110
9.7990 0.1107
9.8022 0.1104
9.8053 0.1101
9.8082 0.1098
9.8111 0.1095
9.8139 0.1092
9.8166 0.1090
9.8192 0.1087
9.8217 0.1085
9.8241 0.1083
9.8265 0.1080
9.8288 0.1078
9.8310 0.1076
9.8332 0.1074
9.8353 0.1072
9.8373 0.1070
9.8392 0.1068
9.8411 0.1066
9.8430 0.1065
9.8447 0.1063
9.8465 0.1061
9.8481 0.1060
9.8497 0.1058
9.8513 0.1057
9.8528 0.1055
9.8543 0.1054
9.8557 0.1052
9.8571 0.1051
9.8584 0.1050
9.8597 0.1049
9.8609 0.1047
9.8621 0.1046
9.8633 0.1045
9.8644 0.1044
9.8655 0.1043
9.8666 0.1042
9.8676 0.1041
9.8686 0.1040
9.8696 0.1039
9.8705 0.1038
9.8714 0.1037
9.8723 0.1036
9.8731 0.1036
9.8740 0.1035
9.8747 0.1034
9.8755 0.1033
9.8763 0.1033
9.8770 0.1032
9.8777 0.1031
9.8784 0.1031
9.8790 0.1030
9.8796 0.1029
9.8803 0.1029
9.8808 0.1028
9.8814 0.1028
9.8820 0.1027
9.8825 0.1026
9.8830 0.1026
9.8835 0.1025
9.8840 0.1025
9.8845 0.1025
9.8850 0.1024
9.8854 0.1024
9.8858 0.1023
9.8863 0.1023
9.8867 0.1022
9.8871 0.1022
9.8874 0.1022
9.8878 0.1021
9.8882 0.1021
9.8885 0.1021
9.8888 0.1020
9.8891 0.1020
9.8895 0.1020
9.8898 0.1019
9.8901 0.1019
9.8903 0.1019
9.8906 0.1019
9.8909 0.1018
9.8911 0.1018
9.8914 0.1018
9.8916 0.1018
9.8919 0.1017