v u
0.0000 10.0000
0.0500 9.9751
0.1000 9.9010
0.1500 9.7800
0.2000 9.6154
0.2500 9.4118
0.3000 9.1743
0.3500 8.9087
0.4000 8.6207
0.4500 8.3160
0.5000 8.0000
0.5500 7.6775
0.6000 7.3529
0.6500 7.0299
0.7000 6.7114
0.7500 6.4000
0.8000 6.0976
0.8500 5.8055
0.9000 5.5249
0.9500 5.2562
1.0000 5.0000
1.0500 4.7562
1.1000 4.5249
1.1500 4.3057
1.2000 4.0984
1.2500 3.9024
1.3000 3.7175
1.3500 3.5430
1.4000 3.3784
1.4500 3.2232
1.5000 3.0769
1.5500 2.9390
1.6000 2.8090
1.6500 2.6864
1.7000 2.5707
1.7500 2.4615
1.8000 2.3585
1.8500 2.2612
1.9000 2.1692
1.9500 2.0822
2.0000 2.0000
2.0500 1.9222
2.1000 1.8484
2.1500 1.7786
2.2000 1.7123
2.2500 1.6495
2.3000 1.5898
2.3500 1.5332
2.4000 1.4793
2.4500 1.4281
2.5000 1.3793
2.5500 1.3329
2.6000 1.2887
2.6500 1.2465
2.7000 1.2063
2.7500 1.1679
2.8000 1.1312
2.8500 1.0962
2.9000 1.0627
2.9500 1.0307
3.0000 1.0000
3.0500 0.9706
3.1000 0.9425
3.1500 0.9155
3.2000 0.8897
3.2500 0.8649
3.3000 0.8410
3.3500 0.8182
3.4000 0.7962
3.4500 0.7750
3.5000 0.7547
3.5500 0.7352
3.6000 0.7163
3.6500 0.6982
3.7000 0.6807
3.7500 0.6639
3.8000 0.6477
3.8500 0.6320
3.9000 0.6169
3.9500 0.6023
4.0000 0.5882
4.0500 0.5746
4.1000 0.5615
4.1500 0.5488
4.2000 0.5365
4.2500 0.5246
4.3000 0.5131
4.3500 0.5019
4.4000 0.4912
4.4500 0.4807
4.5000 0.4706
4.5500 0.4608
4.6000 0.4513
4.6500 0.4420
4.7000 0.4331
4.7500 0.4244
4.8000 0.4160
4.8500 0.4078
4.9000 0.3998
4.9500 0.3921
5.0000 0.3846
5.0500 0.3773
5.1000 0.3702
5.1500 0.3633
5.2000 0.3566
5.2500 0.3501
5.3000 0.3438
5.3500 0.3376
5.4000 0.3316
5.4500 0.3257
5.5000 0.3200
5.5500 0.3144
5.6000 0.3090
5.6500 0.3037
5.7000 0.2986
5.7500 0.2936
5.8000 0.2887
5.8500 0.2839
5.9000 0.2793
5.9500 0.2747
6.0000 0.2703
6.0500 0.2659
6.1000 0.2617
6.1500 0.2576
6.2000 0.2535
6.2500 0.2496
6.3000 0.2458
6.3500 0.2420
6.4000 0.2383
6.4500 0.2347
6.5000 0.2312
6.5500 0.2278
6.6000 0.2244
6.6500 0.2211
6.7000 0.2179
6.7500 0.2148
6.8000 0.2117
6.8500 0.2087
6.9000 0.2057
6.9500 0.2028
7.0000 0.2000
7.0500 0.1972
7.1000 0.1945
7.1500 0.1919
7.2000 0.1893
7.2500 0.1867
7.3000 0.1842
7.3500 0.1817
7.4000 0.1793
7.4500 0.1770
7.5000 0.1747
7.5500 0.1724
7.6000 0.1702
7.6500 0.1680
7.7000 0.1659
7.7500 0.1638
7.8000 0.1617
7.8500 0.1597
7.9000 0.1577
7.9500 0.1558
8.0000 0.1538
8.0500 0.1520
8.1000 0.1501
8.1500 0.1483
8.2000 0.1465
8.2500 0.1448
8.3000 0.1431
8.3500 0.1414
8.4000 0.1397
8.4500 0.1381
8.5000 0.1365
8.5500 0.1349
8.6000 0.1334
8.6500 0.1319
8.7000 0.1304
8.7500 0.1289
8.8000 0.1275
8.8500 0.1261
8.9000 0.1247
8.9500 0.1233
9.0000 0.1220
9.0500 0.1206
9.1000 0.1193
9.1500 0.1180
9.2000 0.1168
9.2500 0.1155
9.3000 0.1143
9.3500 0.1131
9.4000 0.1119
9.4500 0.1107
9.5000 0.1096
9.5500 0.1085
9.6000 0.1073
9.6500 0.1062
9.7000 0.1052
9.7500 0.1041
9.8000 0.1031
9.8500 0.1020
9.9000 0.1010
9.9500 0.1000
10.0000 0.0990
10.0500 0.0980
10.1000 0.0971
10.1500 0.0961
10.2000 0.0952
10.2500 0.0943
10.3000 0.0934
10.3500 0.0925
10.4000 0.0916
10.4500 0.0907
10.5000 0.0899
10.5500 0.0890
10.6000 0.0882
10.6500 0.0874
10.7000 0.0866
10.7500 0.0858
10.8000 0.0850
10.8500 0.0842
10.9000 0.0835
10.9500 0.0827
11.0000 0.0820