u v
10.5000 9.0000
10.0919 8.6496
9.7003 8.3133
9.3246 7.9906
8.9640 7.6809
8.6182 7.3838
8.2866 7.0987
7.9685 6.8254
7.6637 6.5632
7.3715 6.3119
7.0915 6.0709
6.8233 5.8401
6.5665 5.6189
6.3207 5.4071
6.0856 5.2044
5.8607 5.0104
5.6458 4.8248
5.4405 4.6475
5.2445 4.4780
5.0576 4.3161
4.8794 4.1616
4.7097 4.0143
4.5482 3.8740
4.3946 3.7403
4.2489 3.6132
4.1106 3.4924
3.9797 3.3776
3.8558 3.2689
3.7388 3.1658
3.6285 3.0683
3.5246 2.9761
3.4269 2.8891
3.3353 2.8071
3.2495 2.7299
3.1694 2.6574
3.0946 2.5893
3.0251 2.5254
2.9605 2.4656
2.9008 2.4096
2.8456 2.3573
2.7947 2.3086
2.7480 2.2631
2.7052 2.2207
2.6661 2.1813
2.6305 2.1446
2.5982 2.1104
2.5691 2.0787
2.5428 2.0491
2.5193 2.0216
2.4983 1.9961
2.4797 1.9722
2.4634 1.9500
2.4491 1.9292
2.4368 1.9098
2.4262 1.8916
2.4173 1.8745
2.4100 1.8584
2.4041 1.8432
2.3995 1.8288
2.3962 1.8151
2.3940 1.8021
2.3930 1.7897
2.3929 1.7778
2.3938 1.7663
2.3956 1.7553
2.3982 1.7445
2.4016 1.7341
2.4057 1.7239
2.4105 1.7140
2.4160 1.7042
2.4222 1.6946
2.4289 1.6851
2.4363 1.6756
2.4442 1.6663
2.4526 1.6570
2.4616 1.6477
2.4711 1.6384
2.4811 1.6291
2.4916 1.6198
2.5026 1.6105
2.5141 1.6011
2.5261 1.5916
2.5385 1.5821
2.5514 1.5724
2.5649 1.5627
2.5788 1.5529
2.5932 1.5430
2.6080 1.5330
2.6234 1.5228
2.6393 1.5126
2.6557 1.5022
2.6726 1.4917
2.6901 1.4810
2.7081 1.4702
2.7266 1.4593
2.7457 1.4483
2.7653 1.4371
2.7856 1.4257
2.8064 1.4143
2.8279 1.4027
2.8499 1.3909
2.8726 1.3790
2.8960 1.3670
2.9200 1.3548
2.9447 1.3425
2.9701 1.3300
2.9962 1.3175
3.0230 1.3047
3.0506 1.2919
3.0789 1.2789
3.1080 1.2658
3.1379 1.2526
3.1685 1.2393
3.2001 1.2259
3.2324 1.2123
3.2656 1.1987
3.2997 1.1849
3.3347 1.1711
3.3705 1.1571
3.4073 1.1431
3.4450 1.1290
3.4836 1.1149
3.5232 1.1007
3.5638 1.0864
3.6053 1.0721
3.6479 1.0577
3.6914 1.0433
3.7359 1.0288
3.7815 1.0143
3.8280 0.9999
3.8756 0.9854
3.9242 0.9709
3.9738 0.9564
4.0244 0.9419
4.0761 0.9275
4.1288 0.9130
4.1824 0.8987
4.2371 0.8843
4.2928 0.8700
4.3494 0.8558
4.4070 0.8416
4.4655 0.8276
4.5249 0.8135
4.5853 0.7996
4.6465 0.7858
4.7086 0.7721
4.7714 0.7585
4.8351 0.7450
4.8995 0.7316
4.9646 0.7184
5.0304 0.7052
5.0969 0.6923
5.1639 0.6794
5.2315 0.6667
5.2997 0.6542
5.3682 0.6418
5.4372 0.6296
5.5066 0.6176
5.5763 0.6057
5.6462 0.5940
5.7164 0.5824
5.7868 0.5710
5.8572 0.5598
5.9277 0.5488
5.9982 0.5380
6.0687 0.5274
6.1391 0.5169
6.2094 0.5066
6.2794 0.4965
6.3493 0.4866
6.4188 0.4769
6.4880 0.4674
6.5568 0.4580
6.6251 0.4488
6.6931 0.4399
6.7605 0.4311
6.8273 0.4224
6.8936 0.4140
6.9592 0.4058
7.0242 0.3977
7.0884 0.3898
7.1520 0.3821
7.2148 0.3745
7.2768 0.3671
7.3380 0.3599
7.3984 0.3529
7.4580 0.3460
7.5166 0.3393
7.5744 0.3327
7.6313 0.3263
7.6873 0.3201
7.7424 0.3140
7.7965 0.3080
7.8497 0.3022
7.9019 0.2966
7.9532 0.2911
8.0035 0.2857
8.0529 0.2805
8.1012 0.2754
8.1487 0.2704
8.1951 0.2656
8.2407 0.2609
8.2852 0.2563
8.3288 0.2518
8.3715 0.2475
8.4132 0.2433
8.4540 0.2392
8.4939 0.2351
8.5328 0.2312
8.5709 0.2275
8.6081 0.2238
8.6444 0.2202
8.6798 0.2167
8.7143 0.2133
8.7480 0.2100
8.7809 0.2068
8.8130 0.2037
8.8442 0.2007
8.8747 0.1977
8.9044 0.1948
8.9333 0.1921
8.9614 0.1894
8.9889 0.1867
9.0156 0.1842
9.0415 0.1817
9.0668 0.1793
9.0915 0.1770
9.1154 0.1747
9.1387 0.1725
9.1613 0.1703
9.1834 0.1683
9.2048 0.1662
9.2256 0.1643
9.2459 0.1624
9.2655 0.1605
9.2847 0.1587
9.3032 0.1570
9.3213 0.1553
9.3388 0.1537
9.3558 0.1521
9.3724 0.1505
9.3884 0.1490
9.4040 0.1476
9.4192 0.1461
9.4339 0.1448
9.4481 0.1434
9.4620 0.1422
9.4754 0.1409
9.4885 0.1397
9.5011 0.1385
9.5134 0.1374
9.5253 0.1363
9.5369 0.1352
9.5481 0.1341
9.5590 0.1331
9.5695 0.1321
9.5798 0.1312
9.5897 0.1303
9.5993 0.1294
9.6086 0.1285
9.6177 0.1276
9.6265 0.1268
9.6350 0.1260
9.6432 0.1253
9.6512 0.1245
9.6590 0.1238
9.6665 0.1231
9.6738 0.1224
9.6808 0.1218
9.6876 0.1211
9.6943 0.1205
9.7007 0.1199
9.7069 0.1193
9.7130 0.1187
9.7188 0.1182
9.7245 0.1177
9.7300 0.1172
9.7353 0.1167
9.7404 0.1162
9.7454 0.1157
9.7503 0.1152
9.7550 0.1148
9.7595 0.1144
9.7639 0.1140
9.7682 0.1136
9.7723 0.1132
9.7763 0.1128
9.7802 0.1124
9.7839 0.1121
9.7875 0.1117
9.7911 0.1114
9.7945 0.1111
9.7978 0.1108
9.8010 0.1105
9.8041 0.1102
9.8071 0.1099
9.8100 0.1096
9.8128 0.1093
9.8155 0.1091
9.8182 0.1088