u v du dv
0.250 0.250 0.3182 0.3182
0.250 1.000 0.2213 0.3918
0.250 1.750 0.1248 0.4323
0.250 2.500 0.0726 0.4441
0.250 3.250 0.0447 0.4478
0.250 4.000 0.0281 0.4491
0.250 4.750 0.0168 0.4497
0.250 5.500 0.0081 0.4499
0.250 6.250 -0.0001 0.4500
0.250 7.000 -0.0093 0.4499
0.250 7.750 -0.0233 0.4494
0.250 8.500 -0.0556 0.4466
0.250 9.250 -0.2877 0.3460
0.250 10.000 -0.1119 -0.4359
0.250 10.750 -0.0548 -0.4467
1.000 0.250 0.3918 0.2213
1.000 1.000 0.3182 0.3182
1.000 1.750 0.1846 0.4104
1.000 2.500 0.0675 0.4449
1.000 3.250 -0.0346 0.4487
1.000 4.000 -0.1713 0.4161
1.000 4.750 -0.4127 0.1793
1.000 5.500 -0.3625 -0.2666
1.000 6.250 -0.2316 -0.3858
1.000 7.000 -0.1671 -0.4178
1.000 7.750 -0.1309 -0.4305
1.000 8.500 -0.1078 -0.4369
1.000 9.250 -0.0917 -0.4406
1.000 10.000 -0.0798 -0.4429
1.000 10.750 -0.0707 -0.4444
1.750 0.250 0.4323 0.1248
1.750 1.000 0.4104 0.1846
1.750 1.750 0.3182 0.3182
1.750 2.500 -0.4476 -0.0464
1.750 3.250 -0.3360 -0.2993
1.750 4.000 -0.2712 -0.3591
1.750 4.750 -0.2256 -0.3894
1.750 5.500 -0.1916 -0.4072
1.750 6.250 -0.1657 -0.4184
1.750 7.000 -0.1454 -0.4258
1.750 7.750 -0.1293 -0.4310
1.750 8.500 -0.1162 -0.4347
1.750 9.250 -0.1053 -0.4375
1.750 10.000 -0.0963 -0.4396
1.750 10.750 -0.0886 -0.4412
2.500 0.250 0.4441 0.0726
2.500 1.000 0.4449 0.0675
2.500 1.750 -0.0464 -0.4476
2.500 2.500 -0.3182 -0.3182
2.500 3.250 -0.2962 -0.3388
2.500 4.000 -0.2652 -0.3635
2.500 4.750 -0.2360 -0.3832
2.500 5.500 -0.2104 -0.3978
2.500 6.250 -0.1887 -0.4085
2.500 7.000 -0.1704 -0.4165
2.500 7.750 -0.1549 -0.4225
2.500 8.500 -0.1418 -0.4271
2.500 9.250 -0.1305 -0.4307
2.500 10.000 -0.1207 -0.4335
2.500 10.750 -0.1123 -0.4358
3.250 0.250 0.4478 0.0447
3.250 1.000 0.4487 -0.0346
3.250 1.750 -0.2993 -0.3360
3.250 2.500 -0.3388 -0.2962
3.250 3.250 -0.3182 -0.3182
3.250 4.000 -0.2912 -0.3430
3.250 4.750 -0.2647 -0.3639
3.250 5.500 -0.2404 -0.3804
3.250 6.250 -0.2190 -0.3931
3.250 7.000 -0.2003 -0.4030
3.250 7.750 -0.1841 -0.4106
3.250 8.500 -0.1699 -0.4167
3.250 9.250 -0.1576 -0.4215
3.250 10.000 -0.1467 -0.4254
3.250 10.750 -0.1372 -0.4286
4.000 0.250 0.4491 0.0281
4.000 1.000 0.4161 -0.1713
4.000 1.750 -0.3591 -0.2712
4.000 2.500 -0.3635 -0.2652
4.000 3.250 -0.3430 -0.2912
4.000 4.000 -0.3182 -0.3182
4.000 4.750 -0.2933 -0.3413
4.000 5.500 -0.2698 -0.3601
4.000 6.250 -0.2485 -0.3752
4.000 7.000 -0.2294 -0.3871
4.000 7.750 -0.2125 -0.3967
4.000 8.500 -0.1975 -0.4044
4.000 9.250 -0.1841 -0.4106
4.000 10.000 -0.1723 -0.4157
4.000 10.750 -0.1618 -0.4199
4.750 0.250 0.4497 0.0168
4.750 1.000 0.1793 -0.4127
4.750 1.750 -0.3894 -0.2256
4.750 2.500 -0.3832 -0.2360
4.750 3.250 -0.3639 -0.2647
4.750 4.000 -0.3413 -0.2933
4.750 4.750 -0.3182 -0.3182
4.750 5.500 -0.2959 -0.3390
4.750 6.250 -0.2751 -0.3561
4.750 7.000 -0.2561 -0.3700
4.750 7.750 -0.2388 -0.3814
4.750 8.500 -0.2232 -0.3907
4.750 9.250 -0.2092 -0.3984
4.750 10.000 -0.1966 -0.4048
4.750 10.750 -0.1852 -0.4101
5.500 0.250 0.4499 0.0081
5.500 1.000 -0.2666 -0.3625
5.500 1.750 -0.4072 -0.1916
5.500 2.500 -0.3978 -0.2104
5.500 3.250 -0.3804 -0.2404
5.500 4.000 -0.3601 -0.2698
5.500 4.750 -0.3390 -0.2959
5.500 5.500 -0.3182 -0.3182
5.500 6.250 -0.2983 -0.3369
5.500 7.000 -0.2797 -0.3525
5.500 7.750 -0.2625 -0.3655
5.500 8.500 -0.2467 -0.3763
5.500 9.250 -0.2324 -0.3854
5.500 10.000 -0.2193 -0.3930
5.500 10.750 -0.2073 -0.3994
6.250 0.250 0.4500 -0.0001
6.250 1.000 -0.3858 -0.2316
6.250 1.750 -0.4184 -0.1657
6.250 2.500 -0.4085 -0.1887
6.250 3.250 -0.3931 -0.2190
6.250 4.000 -0.3752 -0.2485
6.250 4.750 -0.3561 -0.2751
6.250 5.500 -0.3369 -0.2983
6.250 6.250 -0.3182 -0.3182
6.250 7.000 -0.3003 -0.3351
6.250 7.750 -0.2835 -0.3494
6.250 8.500 -0.2679 -0.3616
6.250 9.250 -0.2534 -0.3718
6.250 10.000 -0.2401 -0.3806
6.250 10.750 -0.2278 -0.3881
7.000 0.250 0.4499 -0.0093
7.000 1.000 -0.4178 -0.1671
7.000 1.750 -0.4258 -0.1454
7.000 2.500 -0.4165 -0.1704
7.000 3.250 -0.4030 -0.2003
7.000 4.000 -0.3871 -0.2294
7.000 4.750 -0.3700 -0.2561
7.000 5.500 -0.3525 -0.2797
7.000 6.250 -0.3351 -0.3003
7.000 7.000 -0.3182 -0.3182
7.000 7.750 -0.3020 -0.3336
7.000 8.500 -0.2868 -0.3468
7.000 9.250 -0.2724 -0.3581
7.000 10.000 -0.2591 -0.3679
7.000 10.750 -0.2467 -0.3764
7.750 0.250 0.4494 -0.0233
7.750 1.000 -0.4305 -0.1309
7.750 1.750 -0.4310 -0.1293
7.750 2.500 -0.4225 -0.1549
7.750 3.250 -0.4106 -0.1841
7.750 4.000 -0.3967 -0.2125
7.750 4.750 -0.3814 -0.2388
7.750 5.500 -0.3655 -0.2625
7.750 6.250 -0.3494 -0.2835
7.750 7.000 -0.3336 -0.3020
7.750 7.750 -0.3182 -0.3182
7.750 8.500 -0.3035 -0.3323
7.750 9.250 -0.2895 -0.3445
7.750 10.000 -0.2763 -0.3552
7.750 10.750 -0.2639 -0.3645
8.500 0.250 0.4466 -0.0556
8.500 1.000 -0.4369 -0.1078
8.500 1.750 -0.4347 -0.1162
8.500 2.500 -0.4271 -0.1418
8.500 3.250 -0.4167 -0.1699
8.500 4.000 -0.4044 -0.1975
8.500 4.750 -0.3907 -0.2232
8.500 5.500 -0.3763 -0.2467
8.500 6.250 -0.3616 -0.2679
8.500 7.000 -0.3468 -0.2868
8.500 7.750 -0.3323 -0.3035
8.500 8.500 -0.3182 -0.3182
8.500 9.250 -0.3047 -0.3312
8.500 10.000 -0.2918 -0.3426
8.500 10.750 -0.2796 -0.3526
9.250 0.250 0.3460 -0.2877
9.250 1.000 -0.4406 -0.0917
9.250 1.750 -0.4375 -0.1053
9.250 2.500 -0.4307 -0.1305
9.250 3.250 -0.4215 -0.1576
9.250 4.000 -0.4106 -0.1841
9.250 4.750 -0.3984 -0.2092
9.250 5.500 -0.3854 -0.2324
9.250 6.250 -0.3718 -0.2534
9.250 7.000 -0.3581 -0.2724
9.250 7.750 -0.3445 -0.2895
9.250 8.500 -0.3312 -0.3047
9.250 9.250 -0.3182 -0.3182
9.250 10.000 -0.3057 -0.3302
9.250 10.750 -0.2938 -0.3409
10.000 0.250 -0.4359 -0.1119
10.000 1.000 -0.4429 -0.0798
10.000 1.750 -0.4396 -0.0963
10.000 2.500 -0.4335 -0.1207
10.000 3.250 -0.4254 -0.1467
10.000 4.000 -0.4157 -0.1723
10.000 4.750 -0.4048 -0.1966
10.000 5.500 -0.3930 -0.2193
10.000 6.250 -0.3806 -0.2401
10.000 7.000 -0.3679 -0.2591
10.000 7.750 -0.3552 -0.2763
10.000 8.500 -0.3426 -0.2918
10.000 9.250 -0.3302 -0.3057
10.000 10.000 -0.3182 -0.3182
10.000 10.750 -0.3066 -0.3294
10.750 0.250 -0.4467 -0.0548
10.750 1.000 -0.4444 -0.0707
10.750 1.750 -0.4412 -0.0886
10.750 2.500 -0.4358 -0.1123
10.750 3.250 -0.4286 -0.1372
10.750 4.000 -0.4199 -0.1618
10.750 4.750 -0.4101 -0.1852
10.750 5.500 -0.3994 -0.2073
10.750 6.250 -0.3881 -0.2278
10.750 7.000 -0.3764 -0.2467
10.750 7.750 -0.3645 -0.2639
10.750 8.500 -0.3526 -0.2796
10.750 9.250 -0.3409 -0.2938
10.750 10.000 -0.3294 -0.3066
10.750 10.750 -0.3182 -0.3182