l f
25 0.11802
26 0.2325
27 0.32986
28 0.43549
29 0.5423
30 0.61075
31 0.76358
32 0.9294
33 1.1336
34 1.5437
35 1.9721
36 2.3114
37 2.656
38 2.6997
39 2.8395
40 2.7233
41 2.7693
42 2.8926
43 3.3458
44 3.8982
45 4.6116
46 5.2996
47 5.6679
48 5.9062
49 5.5492
50 5.2937
51 4.9379
52 4.8464
53 5.0754
54 5.6773
55 6.4037
56 7.3201
57 7.7863
58 7.9385
59 7.5443
60 7.0398
61 6.3771
62 6.0001
63 5.8396
64 6.3205
65 7.0392
66 7.8624
67 8.2873
68 8.6148
69 8.2566
70 7.6883
71 6.9253
72 6.3199
73 5.8585
74 6.0036
75 6.4574
76 7.0192
77 7.6441
78 7.9716
79 7.9238
80 7.5355
81 6.7536
82 5.9015
83 5.4619
84 5.253
85 5.4749
86 5.8354
87 6.4704
88 6.7997
89 6.9029
90 6.5459
91 6.0007
92 5.1852
93 4.693
94 4.4133
95 4.3897
96 4.6193
97 4.9173
98 5.3917
99 5.4359
100 5.433
101 4.9727
102 4.3614
103 3.7919
104 3.4568
105 3.3264
106 3.3641
107 3.6899
108 3.8911
109 4.0953
110 4.1218
111 3.8622
112 3.5742
113 3.0667
114 2.7705
115 2.5952
116 2.4808
117 2.6466
118 2.8389
119 2.9935
120 3.0537
121 3.0632
122 2.8354
123 2.4194
124 2.2087
125 1.8942
126 1.8553
127 1.9137
128 2.119
129 2.2825
130 2.453
131 2.4701
132 2.3303
133 2.1556
134 1.8435
135 1.7036
136 1.5856
137 1.5903
138 1.7272
139 1.9107
140 2.0978
141 2.1769
142 2.2424
143 2.1125
144 1.8576
145 1.7136
146 1.6741
147 1.5997
148 1.6794
149 1.9975
150 2.2966
151 2.3887
152 2.4583
153 2.4961
154 2.2925
155 2.1249
156 1.9839
157 1.8794
158 2.0571
159 2.2028
160 2.5415
161 2.895
162 3.0962
163 3.239
164 3.1352
165 2.9593
166 2.7026
167 2.4996
168 2.5763
169 2.7799
170 3.1682
171 3.5506
172 3.9265
173 3.9566
174 4.1017
175 3.9111
176 3.5382
177 3.311
178 3.1352
179 3.2532
180 3.6668
181 3.9932
182 4.6027
183 4.9131
184 4.9403
185 4.6889
186 4.3502
187 3.848
188 3.6668
189 3.6255
190 3.8161
191 4.1785
192 4.7278
193 5.0542
194 5.2093
195 5.0736
196 4.6145
197 4.1537
198 3.776
199 3.5335
200 3.6456
201 3.9176
202 4.2263
203 4.6033
204 4.8813
205 4.8175
206 4.5242
207 4.0345
208 3.5223
209 3.2083
210 3.0154
211 3.1983
212 3.4426
213 3.7347
214 3.9725
215 3.8799
216 3.8079
217 3.3901
218 2.9044
219 2.6737
220 2.3745
221 2.3385
222 2.4749
223 2.6843
224 2.7894
225 2.8313
226 2.7658
227 2.5114
228 2.1946
229 1.8836
230 1.6841
231 1.5909
232 1.5578
233 1.68
234 1.8293
235 1.7721
236 1.7844
237 1.5974
238 1.3962
239 1.2658
240 1.0386
241 0.91701
242 0.88219
243 0.92114
244 0.94887
245 0.9831
246 0.95005
247 0.88455
248 0.81197
249 0.68746
250 0.58242
251 0.49037
252 0.46145
253 0.44788
254 0.44198
255 0.47444
256 0.47503
257 0.42959
258 0.38828
259 0.34875
260 0.30508
261 0.22719
262 0.21656
263 0.17585
264 0.19768
265 0.21066
266 0.19532
267 0.20594
268 0.18706
269 0.15815
270 0.13572
271 0.1133
272 0.090874
273 0.093235
274 0.085564
275 0.094415
276 0.10209
277 0.11212
278 0.10445
279 0.096185
280 0.084383
281 0.066681
282 0.080843
283 0.048978
284 0.050748
285 0.06196
286 0.067271
287 0.092645
288 0.081433
289 0.084973
290 0.075532
291 0.082613
292 0.0655
293 0.06609
294 0.059599
295 0.072582
296 0.096775
297 0.11566
298 0.11094
299 0.13277
300 0.13277
301 0.13749
302 0.12982
303 0.10858
304 0.1133
305 0.12451
306 0.14398
307 0.16818
308 0.19355
309 0.22247
310 0.20889
311 0.24607
312 0.23368
313 0.21597
314 0.20653
315 0.21302
316 0.23132
317 0.24725
318 0.30508
319 0.35465
320 0.37176
321 0.35406
322 0.36527
323 0.34461
324 0.32514
325 0.33045
326 0.33517
327 0.36409
328 0.45201
329 0.52105
330 0.54938
331 0.54171
332 0.58773
333 0.54466
334 0.49686
335 0.4768
336 0.48506
337 0.52872
338 0.5954
339 0.71637
340 0.75355
341 0.78778
342 0.79368
343 0.82554
344 0.7388
345 0.68392
346 0.63612
347 0.70103
348 0.76358
349 0.88278
350 0.96244
351 1.0822
352 1.0999
353 1.0663
354 1.0144
355 0.91524
356 0.83734
357 0.82731
358 0.93766
359 1.0539
360 1.1743
361 1.277
362 1.3572
363 1.3242
364 1.2085
365 1.1766
366 1.0905
367 1.0226
368 1.0321
369 1.1235
370 1.2427
371 1.4103
372 1.4959
373 1.5815
374 1.4876
375 1.3265
376 1.2168
377 1.1153
378 1.1123
379 1.2132
380 1.2622
381 1.4617
382 1.5337
383 1.5549
384 1.5337
385 1.4286
386 1.2858
387 1.1755
388 1.1235
389 1.166
390 1.2327
391 1.3495
392 1.5095
393 1.5425
394 1.539
395 1.4617
396 1.3383
397 1.2256
398 1.061
399 1.074
400 1.1288
401 1.1725
402 1.3147
403 1.4044
404 1.451
405 1.3094
406 1.2286
407 1.1194
408 0.97542
409 0.8934
410 0.89694
411 0.97838
412 1.1159
413 1.1548
414 1.2339
415 1.1613
416 1.0946
417 0.95241
418 0.87275
419 0.74706
420 0.73467
421 0.77656
422 0.81964
423 0.89635
424 0.94238
425 0.93943
426 0.88868
427 0.77656
428 0.727
429 0.60544
430 0.5364
431 0.56059
432 0.62019
433 0.64261
434 0.65264
435 0.67861
436 0.6792
437 0.58832
438 0.5299
439 0.4703
440 0.43195
441 0.38297
442 0.38887
443 0.4231
444 0.45437
445 0.44257
446 0.46204
447 0.42487
448 0.36881
449 0.33635
450 0.30154
451 0.2738
452 0.26908
453 0.26672
454 0.30921
455 0.298
456 0.29741
457 0.30508
458 0.2679
459 0.23663
460 0.22188
461 0.19768
462 0.16464
463 0.17762
464 0.17939
465 0.19296
466 0.2201
467 0.21184
468 0.19414
469 0.17054
470 0.15874
471 0.12746
472 0.11153
473 0.10622
474 0.11625
475 0.13808
476 0.16169
477 0.15342
478 0.1487
479 0.13808
480 0.13867
481 0.11979
482 0.10976
483 0.095595
484 0.10268
485 0.11271
486 0.1251
487 0.1428
488 0.12923
489 0.15283
490 0.14693
491 0.11389
492 0.11743
493 0.11153
494 0.10563
495 0.10386
496 0.12392
497 0.14162
498 0.15401
499 0.16936
500 0.15874
501 0.14752
502 0.14811
503 0.13454
504 0.11743
505 0.12923
506 0.16641
507 0.1788
508 0.1847
509 0.18765
510 0.22483
511 0.19355
512 0.19296
513 0.16287
514 0.15933
515 0.16523
516 0.20063
517 0.22129
518 0.2207
519 0.2738
520 0.27557
521 0.24961
522 0.24312
523 0.20889
524 0.20948
525 0.21302
526 0.19178
527 0.24371
528 0.29328
529 0.30331
530 0.31039
531 0.31924
532 0.30095
533 0.26082
534 0.24961
535 0.22483
536 0.24607
537 0.27144
538 0.28502
539 0.32573
540 0.37412
541 0.36822
542 0.39182
543 0.32278
544 0.3039
545 0.29328
546 0.28561
547 0.31688
548 0.33399
549 0.36822
550 0.40421
551 0.43608
552 0.40834
553 0.38474
554 0.36232
555 0.32042
556 0.30154
557 0.31216
558 0.35288
559 0.36468
560 0.4408
561 0.43549
562 0.4467
563 0.43844
564 0.40421
565 0.35819
566 0.34107
567 0.32868
568 0.38002
569 0.41071
570 0.41543
571 0.45437
572 0.46086
573 0.44434
574 0.40716
575 0.39241
576 0.3576
577 0.31924
578 0.32219
579 0.34816
580 0.44139
581 0.44198
582 0.47916
583 0.4526
584 0.4231
585 0.38356
586 0.33812
587 0.32691
588 0.31393
589 0.33635
590 0.35996
591 0.41602
592 0.42251
593 0.42841
594 0.42546
595 0.39713
596 0.34402
597 0.32455
598 0.29682
599 0.30095
600 0.3216
601 0.33812
602 0.35406
603 0.39831
604 0.39123
605 0.35937
606 0.33045
607 0.29151
608 0.27793
609 0.2738
610 0.27911
611 0.30154
612 0.33517
613 0.32101
614 0.33812
615 0.32809
616 0.298
617 0.26023
618 0.2325
619 0.21656
620 0.21361
621 0.25551
622 0.26495
623 0.28206
624 0.28088
625 0.27321
626 0.25433
627 0.24489
628 0.23073
629 0.19119
630 0.19473
631 0.18529
632 0.18588
633 0.20181
634 0.24489
635 0.2266
636 0.22837
637 0.19355
638 0.1788
639 0.16405
640 0.1428
641 0.14339
642 0.13041
643 0.14988
644 0.16818
645 0.1611
646 0.16877
647 0.15578
648 0.14162
649 0.10976
650 0.12451
651 0.11035
652 0.10681
653 0.10445
654 0.11861
655 0.12451
656 0.11979
657 0.11684
658 0.10681
659 0.074352
660 0.083203
661 0.066681
662 0.077892
663 0.082023
664 0.077892
665 0.082613
666 0.086744
667 0.079663
668 0.092055
669 0.080843
670 0.057829
671 0.052518
672 0.043077
673 0.042487
674 0.042487
675 0.058419
676 0.058419
677 0.057239
678 0.056649
679 0.042487
680 0.046027
681 0.047798
682 0.037766
683 0.037766
684 0.036586
685 0.035996
686 0.031865
687 0.035996
688 0.025964
689 0.035996
690 0.030685
691 0.023604
692 0.021833
693 0.017113
694 0.020653
695 0.021243
696 0.021833
697 0.033635
698 0.021833
699 0.025964
700 0.021243
701 0.020653
702 0.014752
703 0.012392
704 0.0070811
705 0.014752
706 0.010622
707 0.011802
708 0.018883
709 0.0094415
710 0.011212
711 0.010622
712 0.0088514
713 0.0047207
714 0.0076712
715 0.0094415
716 0.0088514
717 0.0088514
718 0.0070811
719 0.010622
720 0.0076712
721 0.0059009
722 0.0041307
723 0.0041307
724 0.0017703
725 0.0053108
726 0.0029505
727 0.0035406
728 0.0029505
729 0.0035406
730 0.006491
731 0.0053108
732 0.0029505
733 0.0035406
734 0.0017703
735 0.0035406
736 0.0035406
737 0.0017703
738 0.0017703
739 0.0017703
740 0.0023604
741 0.0035406
742 0.0023604
743 0.0011802
744 0.00059009
745 0.00059009
746 0.0011802
747 0.0001
748 0.00059009
749 0.00059009
750 0.0011802
751 0.0011802
752 0.00059009
753 0.0011802
754 0.0001
755 0.00059009
756 0.0011802
757 0.00059009
758 0.0001
759 0.0011802
760 0.0001
761 0.0001
762 0.0001
763 0.0011802
764 0.0001
765 0.00059009
766 0.00059009
767 0.0001
768 0.0001
769 0.0001
770 0.0001
771 0.00059009
772 0.0001
773 0.00059009
774 0.0001
775 0.0001
776 0.0001
777 0.0001
778 0.0001
779 0.0001
780 0.0001
781 0.0001
782 0.0001
783 0.0001
784 0.0001
785 0.0001
786 0.0001
787 0.0001
788 0.0001
789 0.0001
790 0.00059009
791 0.0001
792 0.0001
793 0.0001
794 0.0001
795 0.0001
796 0.0001
797 0.0001
798 0.0001
799 0.0001
800 0.0001
801 0.0001
802 0.0001
803 0.0001
804 0.0001
805 0.0001
806 0.0001
807 0.0001
808 0.0001
809 0.0001
810 0.0001
811 0.0001
812 0.0001
813 0.0001
814 0.0001
815 0.0001
816 0.0001
817 0.0001
818 0.0001
819 0.0001
820 0.0001
821 0.0001
822 0.0001
823 0.0001
824 0.0001
825 0.0001
826 0.0001
827 0.0001
828 0.0001
829 0.0001
830 0.0001
831 0.0001
832 0.0001
833 0.0001
834 0.0001
835 0.0001
836 0.0001
837 0.0001
838 0.0001
839 0.0001
840 0.0001
841 0.0001
842 0.0001
843 0.0001
844 0.0001
845 0.0001
846 0.0001
847 0.0001
848 0.0001
849 0.0001
850 0.0001
851 0.0001
852 0.0001
853 0.0001
854 0.0001
855 0.0001
856 0.0001
857 0.0001
858 0.0001
859 0.0001
860 0.0001
861 0.0001
862 0.0001
863 0.0001
864 0.0001
865 0.0001
866 0.0001
867 0.0001
868 0.0001
869 0.0001
870 0.0001
871 0.0001
872 0.0001
873 0.0001
874 0.0001
875 0.0001
876 0.0001
877 0.0001
878 0.0001
879 0.0001
880 0.0001
881 0.0001
882 0.0001
883 0.0001
884 0.0001
885 0.0001
886 0.0001
887 0.0001
888 0.0001
889 0.0001
890 0.0001
891 0.0001
892 0.0001
893 0.0001
894 0.0001
895 0.0001
896 0.0001
897 0.0001
898 0.0001
899 0.0001
900 0.0001
901 0.0001
902 0.0001
903 0.0001
904 0.0001
905 0.0001
906 0.0001
907 0.0001
908 0.0001
909 0.0001
910 0.0001
911 0.0001
912 0.0001
913 0.0001
914 0.0001
915 0.0001
916 0.0001
917 0.0001
918 0.0001
919 0.0001
920 0.0001
921 0.0001
922 0.0001
923 0.0001
924 0.0001
925 0.0001
926 0.0001
927 0.0001
928 0.0001
929 0.0001
930 0.0001
931 0.0001
932 0.0001
933 0.0001
934 0.0001
935 0.0001
936 0.0001
937 0.0001
938 0.0001
939 0.0001
940 0.0001
941 0.0001
942 0.0001
943 0.0001
944 0.0001
945 0.0001
946 0.0001
947 0.0001
948 0.0001
949 0.0001
950 0.0001
951 0.0001
952 0.0001
953 0.0001
954 0.0001
955 0.0001
956 0.0001
957 0.0001
958 0.0001
959 0.0001
960 0.0001
961 0.0001
962 0.0001
963 0.0001
964 0.0001
965 0.0001
966 0.0001
967 0.0001
968 0.0001
969 0.0001
970 0.0001
971 0.0001
972 0.0001
973 0.0001
974 0.0001
975 0.0001
976 0.0001
977 0.0001
978 0.0001
979 0.0001
980 0.0001
981 0.0001
982 0.0001
983 0.0001
984 0.0001
985 0.0001
986 0.0001
987 0.0001
988 0.0001
989 0.0001
990 0.0001
991 0.0001
992 0.0001
993 0.0001
994 0.0001
995 0.0001
996 0.0001
997 0.0001
998 0.0001
999 0.0001
