x d
0 4.9268
0.02 3.2105
0.04 2.3155
0.06 1.698
0.08 1.249
0.1 0.92088
0.12 0.6995
0.14 0.51175
0.16 0.4035
0.18 0.32175
0.2 0.26925
0.22 0.22075
0.24 0.20025
0.26 0.17337
0.28 0.17388
0.3 0.18087
0.32 0.17012
0.34 0.17325
0.36 0.18487
0.38 0.1845
0.4 0.1905
0.42 0.18775
0.44 0.1915
0.46 0.1975
0.48 0.20712
0.5 0.2085
0.52 0.21762
0.54 0.2285
0.56 0.231
0.58 0.2665
0.6 0.298
0.62 0.34225
0.64 0.40287
0.66 0.49175
0.68 0.60712
0.7 0.75213
0.72 0.94025
0.74 1.1431
0.76 1.4145
0.78 1.7182
0.8 2.0394
0.82 2.3948
0.84 2.7132
0.86 2.9857
0.88 3.1009
0.9 3.0617
0.92 2.7041
0.94 1.8924
0.96 0.67225
0.98 0.0105
1 0
