x b
32 0.78947
32 0.76923
32 0.64706
106 0.83333
106 0.64286
106 0.9375
123 0.64286
123 0.6
123 0.88889
226 0.76923
226 0.94444
226 0.64286
300 0.68421
300 0.625
300 0.78571
310 0.75
310 0.76471
310 0.85
318 0.83333
318 0.82353
318 0.64706
348 0.55556
348 0.86667
348 0.85714
483 0.69231
483 0.83333
483 0.76471
495 0.72727
495 0.46154
495 0.93333
656 0.84615
656 0.95455
656 0.76923
680 0.53846
680 0.84615
680 0.76471
723 0.75
723 0.9
723 0.73333
815 0.71429
815 1
815 0.92308
816 0.88235
816 0.53846
816 0.64286
834 0.71429
834 0.64706
834 0.64286
847 0.75
847 1
847 0.76923
864 0.7
864 0.83333
864 0.875
938 1
938 0.70588
938 1
939 0.88235
939 1
939 0.73333
1074 0.90909
1074 0.88889
1074 0.81818
1159 0.71429
1159 0.91667
1159 0.88889
1216 0.57143
1216 1
1216 0.94444
1229 0.86667
1229 0.85
1229 0.64286
1255 0.25
1255 0.81818
1255 0.91667
1257 0.92857
1257 0.7
1257 0.94444
1289 0.71429
1289 0.66667
1289 0.7619
1408 0.83333
1408 0.88889
1408 0.84615
1451 0.82353
1451 0.78571
1451 0.81818
1483 0.85
1483 0.875
1483 0.66667
1568 0.86667
1568 0.61111
1568 1
1602 0.7
1602 0.71429
1602 0.86667
1657 1
1657 0.625
1657 0.86667
1820 0.65385
1820 0.66667
1820 0.875
1835 0.8
1835 0.89474
1835 0.73684
1911 0.82353
1911 0.88235
1911 0.93333
2015 0.94444
2015 0.5
2015 0.44444
2074 0.88889
2074 0.91667
2074 0.76923
2122 1
2122 0.85714
2122 0.71429
2162 0.66667
2162 0.88889
2162 0.93333
2169 1
2169 0.92308
2169 0.90909
2224 0.54545
2224 0.88235
2224 0.92857
2290 1
2290 1
2290 0.72222
2418 1
2418 1
2418 0.875
2421 0.76923
2421 1
2421 1
2622 0.95
2622 0.71429
2622 0.9
2647 0.85714
2647 0.875
2647 0.72727
2657 0.33333
2657 0.86667
2657 0.36364
2683 0.92857
2683 0.73333
2683 0.94737
2747 0.8125
2747 1
2747 0.5
2769 0.83333
2769 0.89474
2769 0.89474
2909 1
2909 0.875
2909 0.88
2930 0.78571
2930 0.88889
2930 0.75
2935 0.86957
2935 0.47368
2935 0.61538
2943 0.375
2943 0.8
2943 0.5
