x lp
32 1.0963
106 0.075002
123 0.68159
226 0.38748
300 0.90806
310 0.31017
318 0.49117
348 0.052487
483 0.29981
495 0.11224
656 0.24635
680 0.027946
723 0.39236
815 0.48982
816 0.47508
834 0.74118
847 0.88974
864 0.057319
938 1.9136
939 0.12095
1074 1.8309
1159 4.337
1216 6.6398
1229 6.4325
1255 4.9802
1257 5.9997
1289 5.1751
1408 6.1108
1451 8.1163
1483 4.1944
1568 4.2064
1602 7.8416
1657 4.8061
1820 5.4121
1835 12
1911 0.71569
2015 1.0631
2074 0.32802
2122 0.39153
2162 0.4934
2169 0.67843
2224 0.35852
2290 2.6355
2418 0.23678
2421 0.71147
2622 0.0038218
2647 0.18417
2657 1.9464
2683 -0
2747 0.030417
2769 0.31881
2909 0.66565
2930 0.0098972
2935 0.24388
2943 1.4145
