x b
32 0.89474
32 0.83333
32 1
106 0.8125
106 0.83333
106 0.73684
123 0.5
123 0.5
123 0.70588
226 0.69231
226 0.625
226 0.81818
300 1
300 0.85714
300 0.77778
310 1
310 0.77778
310 0.88889
318 0.85714
318 1
318 0.76923
348 0.73684
348 0.84615
348 0.7
483 0.9375
483 0.66667
483 0.91667
495 0.70588
495 0.57143
495 0.75
656 0.91667
656 0.93333
656 0.91667
680 0.73684
680 0.53846
680 0.84615
723 0.8
723 0.7
723 0.53333
815 0.72727
815 0.63636
815 1
816 1
816 0.46667
816 0.94118
834 0.90909
834 0.84615
834 0.72727
847 0.5
847 0.625
847 0.75
864 0.89474
864 0.68421
864 0.77778
938 0.41176
938 0.5
938 0.75
939 0.92308
939 0.76471
939 0.85
1074 0.83333
1074 0.46154
1074 0.47059
1159 0.5
1159 0.28571
1159 0.23077
1216 0.090909
1216 0.45
1216 0.21053
1229 0.27273
1229 0.14286
1229 0.25
1255 0.11111
1255 0.125
1255 0.23077
1257 0.41176
1257 0.36842
1257 0.16667
1289 0.18182
1289 0.2
1289 0.18182
1408 0.28571
1408 0.28571
1408 0.26667
1451 0.1875
1451 0.16667
1451 0.16667
1483 0.36364
1483 0.090909
1483 0.38462
1568 0
1568 0.4
1568 0.4
1602 0.41667
1602 0.047619
1602 0.066667
1657 0.076923
1657 0.5
1657 0
1820 0.26667
1820 0
1820 0.2
1835 0.16667
1835 0.0625
1835 0.055556
1911 0.9
1911 0.66667
1911 0.625
2015 1
2015 1
2015 0.75
2074 0.875
2074 0.9375
2074 0.92857
2122 0.66667
2122 0.77778
2122 0.92308
2162 0.81818
2162 1
2162 0.93333
2169 0.72727
2169 0.84615
2169 0.9375
2224 0.8
2224 1
2224 0.85714
2290 0.33333
2290 0.69231
2290 0.5
2418 1
2418 0.92308
2418 1
2421 0.8
2421 1
2421 0.5625
2622 0.84615
2622 0.76471
2622 1
2647 0.81818
2647 0.8125
2647 1
2657 0.85185
2657 1
2657 0.91667
2683 0.94737
2683 0.71429
2683 0.93333
2747 0.70588
2747 0.78947
2747 0.83333
2769 0.64706
2769 0.91667
2769 0.92857
2909 0.6875
2909 0.84615
2909 0.91667
2930 1
2930 0.66667
2930 0.8
2935 0.93333
2935 0.69231
2935 0.54545
2943 1
2943 0.82353
2943 0.83333
