x a b
0 0.75351 0.77983
25 0.75411 0.77765
50 0.75467 0.77635
75 0.75517 0.776
100 0.75561 0.77662
125 0.75596 0.77816
150 0.75622 0.7805
175 0.75637 0.78348
200 0.75642 0.78688
225 0.75637 0.79045
250 0.75622 0.79393
275 0.75601 0.79709
300 0.75575 0.7997
325 0.7555 0.8016
350 0.7553 0.80267
375 0.75524 0.80282
400 0.75541 0.80205
425 0.7559 0.80038
450 0.75682 0.79789
475 0.75824 0.79472
500 0.7602 0.79105
525 0.76267 0.78708
550 0.76555 0.783
575 0.7687 0.77896
600 0.77194 0.77507
625 0.77515 0.77137
650 0.77825 0.76783
675 0.78121 0.76438
700 0.78406 0.76093
725 0.78687 0.75733
750 0.7897 0.7534
775 0.79261 0.74893
800 0.79567 0.74362
825 0.7989 0.73707
850 0.80229 0.72878
875 0.80581 0.71812
900 0.80936 0.70434
925 0.81281 0.68663
950 0.81596 0.6642
975 0.81854 0.63652
1000 0.82029 0.60356
1025 0.82099 0.56597
1050 0.8205 0.52522
1075 0.81887 0.48336
1100 0.81629 0.44262
1125 0.81307 0.40492
1150 0.80955 0.37155
1175 0.80607 0.34308
1200 0.80288 0.31946
1225 0.80017 0.30026
1250 0.79803 0.28489
1275 0.79653 0.27269
1300 0.79567 0.26306
1325 0.79542 0.2555
1350 0.79571 0.24954
1375 0.79643 0.24484
1400 0.79747 0.24106
1425 0.79868 0.23797
1450 0.79991 0.23535
1475 0.80102 0.23305
1500 0.80193 0.23101
1525 0.80254 0.22925
1550 0.80283 0.22788
1575 0.8028 0.22719
1600 0.80246 0.2276
1625 0.80186 0.2297
1650 0.80106 0.23425
1675 0.80011 0.24216
1700 0.7991 0.25434
1725 0.79811 0.27167
1750 0.79722 0.2948
1775 0.79653 0.32401
1800 0.79613 0.35917
1825 0.7961 0.39966
1850 0.79654 0.4444
1875 0.79753 0.49195
1900 0.79914 0.54059
1925 0.8014 0.58848
1950 0.80433 0.63385
1975 0.80788 0.67517
2000 0.81199 0.71131
2025 0.81656 0.74163
2050 0.82147 0.76595
2075 0.82661 0.78452
2100 0.8319 0.79789
2125 0.83724 0.8068
2150 0.84261 0.81206
2175 0.84797 0.8145
2200 0.85329 0.81492
2225 0.8585 0.8141
2250 0.86351 0.81275
2275 0.86815 0.81152
2300 0.87215 0.81099
2325 0.87515 0.81164
2350 0.87669 0.81378
2375 0.87631 0.81754
2400 0.87365 0.82275
2425 0.86855 0.82902
2450 0.86116 0.83575
2475 0.85199 0.84227
2500 0.84177 0.84798
2525 0.83134 0.85244
2550 0.82142 0.85546
2575 0.81251 0.85704
2600 0.80489 0.8573
2625 0.79859 0.85644
2650 0.79348 0.85467
2675 0.78936 0.85218
2700 0.78595 0.84917
2725 0.78297 0.84578
2750 0.78018 0.84216
2775 0.77738 0.83846
2800 0.77441 0.8348
2825 0.77118 0.8313
2850 0.76767 0.82806
2875 0.76392 0.82515
2900 0.75997 0.82263
2925 0.75593 0.82049
2950 0.75187 0.81874
2975 0.74787 0.81734
3000 0.74399 0.81625
