it r0 r1 r2 r3 r4 r5
0 -1.7748 -3.7414 -0.27679 -1.2097 -0.99222 10.471
1 0.78079 -0.94142 1.6286 1.9575 0.64782 26.848
2 2.5727 0.59082 3.2712 5.0804 1.859 59.102
3 4.4996 1.7074 5.1747 9.4586 2.9442 86.707
4 7.1074 2.7342 7.9604 16.283 4.0879 94.499
5 10.951 3.8741 13.076 26.268 5.4792 95.813
6 16.388 5.3319 23.927 37.476 7.4028 96.099
7 23.014 7.3509 45.066 45.709 10.386 96.207
8 29.766 10.129 73.812 49.977 15.474 96.265
9 35.534 13.566 89.022 51.899 24.586 96.3
10 39.653 17.06 93.76 52.901 40.245 96.323
11 42.828 19.905 95.355 53.569 60.369 96.338
12 45.972 21.939 95.809 54.112 72.145 96.349
13 49.031 23.411 95.997 54.561 75.124 96.357
14 51.463 24.577 96.115 54.883 75.999 96.363
15 53.152 25.639 96.199 55.083 76.403 96.368
16 54.193 26.807 96.258 55.202 76.651 96.372
17 54.73 28.282 96.298 55.279 76.833 96.375
18 54.985 30.131 96.323 55.335 76.975 96.378
19 55.119 32.226 96.34 55.384 77.091 96.38
20 55.21 34.41 96.352 55.43 77.187 96.382
21 55.288 36.615 96.36 55.479 77.269 96.383
22 55.366 38.952 96.366 55.534 77.338 96.385
23 55.452 42.246 96.37 55.599 77.395 96.386
24 55.551 48.185 96.374 55.678 77.438 96.387
25 55.666 55.689 96.377 55.773 77.47 96.388
26 55.8 63.36 96.379 55.888 77.492 96.389
27 55.952 71.548 96.381 56.021 77.506 96.389
28 56.117 77.266 96.383 56.171 77.516 96.39
29 56.288 80.701 96.384 56.331 77.522 96.39
30 56.457 83.441 96.386 56.493 77.525 96.391
