it c0 c1 c2 c3
1 3.479 -0.14034 7.9706 2.0849
2 9.7681 -3.1147 24.969 5.2582
3 11.067 2.4763 27.133 7.4258
4 16.51 13.637 35.298 20.32
5 21.875 17.742 46.494 65.057
6 16.589 29.188 52.842 89.624
7 16.832 24.567 52.539 90.558
8 16.887 25.672 46.449 94.816
9 25.436 27.096 56.103 93.632
10 23.164 29.354 54.807 90.455
11 19.984 29.224 53.218 90.467
12 21.34 33.85 53.805 90.389
13 16.898 38.151 52.959 90.522
14 16.978 34.889 51.917 89.988
15 20.658 39.973 53.478 91.124
16 21.983 48.268 51.399 92.123
17 24.75 48.455 47.666 89.999
18 25.619 47.87 50.769 91.038
19 29.044 48.05 48.403 89.504
20 24.356 55.374 55.712 91.515
21 22.903 50.267 50.211 94.715
22 25.082 49.489 47.561 93.261
23 24.826 43.884 48.7 92.046
24 27.855 43.802 50.294 92.415
25 27.214 47.783 48.996 93.839
26 27.98 40.669 52.606 90.951
27 29.221 44.004 51.318 91.776
28 29.684 42.288 49.875 90.49
29 34.094 45.859 47.464 92.591
30 32.907 42.888 54.906 91.404
31 33.989 41.315 50.882 92.581
32 30.888 49.979 54.08 90.91
33 32.224 53.973 45.035 88.275
34 32.306 50.232 50.379 89.222
35 35.255 50.834 54.283 89.051
36 31.646 49.999 50.566 93.286
37 35.347 43.598 47.844 94.307
38 37.087 41.865 49.91 93.382
39 38.779 46.682 51.144 92.481
40 36.882 49.538 50.997 86.42
41 31.985 54.752 45.285 91.115
42 28.787 50.469 37.683 89.709
43 27.932 51.95 47.309 91.181
44 28.528 51.918 47.521 90.35
45 32.063 53.015 49.706 91.155
46 27.599 48.899 55.768 93.411
47 29.351 50.829 53.039 93.343
48 34.435 44.577 54.343 88.313
49 37.349 42.602 53.13 87.726
50 39.677 40.124 50.582 87.932
51 35.053 48.041 53.822 85.19
52 34.956 47.002 54.51 87.621
53 36.008 52.339 50.003 91.554
54 32.56 52.357 55.845 90.269
55 38.779 54.624 50.494 91.149
56 30.432 53.795 52.42 87.146
57 34.161 46.675 52.827 87.561
58 38.076 50.555 45.986 90.525
59 36.327 54.337 53.416 87.213
60 36.217 50.315 50.535 89.842
