x plus minus comb cov
-500 1.9476e-114 7.4092e-271 2.5195e-179 0
-495 3.4466e-111 8.333e-266 3.0761e-175 0
-490 5.4586e-108 8.3866e-261 3.3607e-171 0
-485 7.7369e-105 7.5532e-256 3.2856e-167 0
-480 9.814e-102 6.0874e-251 2.8744e-163 0
-475 1.1141e-98 4.3902e-246 2.2503e-159 0
-470 1.1319e-95 2.8334e-241 1.5765e-155 0
-465 1.0291e-92 1.6363e-236 9.8826e-152 0
-460 8.3739e-90 8.4568e-232 5.5438e-148 0
-455 6.0981e-87 3.911e-227 2.7829e-144 0
-450 3.9744e-84 1.6186e-222 1.2501e-140 0
-445 2.3182e-81 5.9943e-218 5.025e-137 0
-440 1.2102e-78 1.9865e-213 1.8075e-133 0
-435 5.6539e-76 5.8913e-209 5.8181e-130 0
-430 2.3641e-73 1.5634e-204 1.6758e-126 0
-425 8.8472e-71 3.7129e-200 4.3194e-123 0
-420 2.9632e-68 7.8903e-196 9.9627e-120 0
-415 8.8828e-66 1.5005e-191 2.0563e-116 0
-410 2.3832e-63 2.5535e-187 3.7978e-113 0
-405 5.7228e-61 3.8886e-183 6.2768e-110 0
-400 1.23e-58 5.2992e-179 9.2831e-107 0
-395 2.3661e-56 6.4623e-175 1.2286e-103 0
-390 4.0739e-54 7.052e-171 1.455e-100 0
-385 6.2784e-52 6.8865e-167 1.5419e-97 0
-380 8.6606e-50 6.0179e-163 1.4623e-94 0
-375 1.0693e-47 4.7059e-159 1.2409e-91 0
-370 1.1819e-45 3.2931e-155 9.4235e-89 0
-365 1.1692e-43 2.0621e-151 6.4037e-86 0
-360 1.0355e-41 1.1555e-147 3.894e-83 0
-355 8.209e-40 5.7945e-144 2.119e-80 0
-350 5.8258e-38 2.6002e-140 1.0318e-77 0
-345 3.7014e-36 1.0441e-136 4.496e-75 0
-340 2.1054e-34 3.7519e-133 1.7531e-72 0
-335 1.0722e-32 1.2064e-129 6.1171e-70 0
-330 4.8886e-31 3.4715e-126 1.91e-67 0
-325 1.9958e-29 8.9391e-123 5.3369e-65 0
-320 7.2963e-28 2.0598e-119 1.3344e-62 0
-315 2.3887e-26 4.2473e-116 2.9857e-60 0
-310 7.0035e-25 7.8371e-113 5.9781e-58 0
-305 1.8392e-23 1.2941e-109 1.0711e-55 0
-300 4.3263e-22 1.9121e-106 1.7174e-53 0
-295 9.1174e-21 2.5283e-103 2.4641e-51 0
-290 1.7216e-19 2.9916e-100 3.1639e-49 0
-285 2.9133e-18 3.1677e-97 3.6354e-47 0
-280 4.4188e-17 3.0015e-94 3.7381e-45 0
-275 6.0091e-16 2.5449e-91 3.4396e-43 0
-270 7.3286e-15 1.931e-88 2.8324e-41 0
-265 8.0184e-14 1.3111e-85 2.0873e-39 0
-260 7.8739e-13 7.9666e-83 1.3765e-37 0
-255 6.9429e-12 4.3316e-80 8.1243e-36 0
-250 5.5005e-11 2.1076e-77 4.2913e-34 0
-245 3.9183e-10 9.1768e-75 2.0286e-32 0
-240 2.5119e-09 3.5756e-72 8.5831e-31 0
-235 1.4507e-08 1.2467e-69 3.2503e-29 0
-230 7.5577e-08 3.89e-67 1.1017e-27 0
-225 3.5573e-07 1.0861e-64 3.3424e-26 0
-220 1.5156e-06 2.7139e-62 9.0774e-25 0
-215 5.8577e-06 6.0681e-60 2.207e-23 0
-210 2.0593e-05 1.2142e-57 4.8041e-22 0
-205 6.6046e-05 2.1741e-55 9.3638e-21 0
-200 0.00019394 3.4836e-53 1.6344e-19 0
-195 0.00052342 4.9953e-51 2.5553e-18 0
-190 0.0013041 6.4099e-49 3.579e-17 0
-185 0.0030133 7.3607e-47 4.4921e-16 0
-180 0.0064899 7.5642e-45 5.0541e-15 0
-175 0.013095 6.9564e-43 5.0996e-14 0
-170 0.024879 5.7251e-41 4.617e-13 0.025
-165 0.04473 4.2167e-39 3.7531e-12 0.05
-160 0.076439 2.7794e-37 2.7417e-11 0.2
-155 0.12463 1.6395e-35 1.8019e-10 0.45
-150 0.19441 8.6557e-34 1.0668e-09 0.975
-145 0.29066 4.0898e-32 5.6997e-09 2.05
-140 0.41679 1.7295e-30 2.7541e-08 3.9
-135 0.57322 6.546e-29 1.2068e-07 7.475
-130 0.75585 2.2176e-27 4.8113e-07 12.975
-125 0.95513 6.7248e-26 1.7521e-06 20.475
-120 1.1564 1.8254e-24 5.8555e-06 30.825
-115 1.3414 4.4358e-23 1.8052e-05 45.125
-110 1.4913 9.6503e-22 5.1629e-05 62
-105 1.5899 1.8798e-20 0.00013779 80.95
-100 1.6262 3.2788e-19 0.00034515 101.08
-95 1.5963 5.1221e-18 0.00081557 121.9
-90 1.504 7.1673e-17 0.001826 140.78
-85 1.36 8.9855e-16 0.0038871 157.03
-80 1.1801 1.0095e-14 0.0078855 170.68
-75 0.98232 1.0168e-13 0.015268 180.6
-70 0.78449 9.1841e-13 0.028236 187.85
-65 0.60113 7.4433e-12 0.049897 193.22
-60 0.44212 5.416e-11 0.08428 196.45
-55 0.31221 3.5409e-10 0.13612 198.1
-50 0.21172 2.082e-09 0.21035 199.15
-45 0.13789 1.1024e-08 0.31127 199.57
-40 0.086228 5.2639e-08 0.44142 199.8
-35 0.051763 2.2712e-07 0.60039 199.95
-30 0.029815 8.8761e-07 0.78357 200
-25 0.016462 3.1515e-06 0.98148 200
-20 0.0086966 1.0204e-05 1.1798 200
-15 0.004382 3.0268e-05 1.3608 200
-10 0.0020959 8.272e-05 1.5057 200
-5 0.00094574 0.00020967 1.5979 200
0 0.00039981 0.00049664 1.6262 200
5 0.00015722 0.0011083 1.5872 200
10 5.7124e-05 0.0023492 1.4862 200
15 1.9062e-05 0.004763 1.3352 200
20 5.8128e-06 0.0092849 1.1515 200
25 1.6132e-06 0.017447 0.95334 200
30 4.0608e-07 0.031602 0.75773 199.97
35 9.2482e-08 0.055078 0.57795 199.95
40 1.9016e-08 0.09214 0.42276 199.8
45 3.5246e-09 0.14764 0.29631 199.55
50 5.8812e-10 0.22632 0.19882 199.03
55 8.8256e-11 0.33191 0.12764 197.95
60 1.1902e-11 0.46609 0.07838 196.1
65 1.4414e-12 0.62758 0.046046 192.52
70 1.5668e-13 0.81131 0.025886 187.03
75 1.5281e-14 1.0078 0.013924 179.53
80 1.3367e-15 1.2033 0.007158 169.18
85 1.0484e-16 1.3803 0.0035075 154.88
90 7.3711e-18 1.52 0.001631 138
95 4.6449e-19 1.6057 0.0007156 119.05
100 2.6229e-20 1.626 0.00029423 98.925
105 1.327e-21 1.5781 0.0001126 78.1
110 6.0149e-23 1.4682 3.9843e-05 59.225
115 2.4422e-24 1.3104 1.2962e-05 42.975
120 8.8815e-26 1.1229 3.8577e-06 29.325
125 2.8928e-27 0.92437 1.0462e-06 19.4
130 8.4384e-29 0.73099 2.5768e-07 12.15
135 2.2043e-30 0.5548 5.7497e-08 6.775
140 5.1563e-32 0.40343 1.1599e-08 3.55
145 1.08e-33 0.28044 2.1118e-09 1.9
150 2.0255e-35 0.18595 3.4658e-10 0.85
155 3.4012e-37 0.11742 5.1217e-11 0.425
160 5.1135e-39 0.070551 6.8096e-12 0.2
165 6.8828e-41 0.040343 8.1397e-13 0.05
170 8.2941e-43 0.021966 8.7422e-14 0
175 8.9477e-45 0.011392 8.4326e-15 0
180 8.6415e-47 0.0056229 7.3019e-16 0
185 7.4712e-49 0.002635 5.6742e-17 0
190 5.7823e-51 0.0011673 3.9558e-18 0
195 4.0061e-53 0.000486 2.4735e-19 0
200 2.4845e-55 0.00018891 1.3869e-20 0
205 1.3792e-57 6.8087e-05 6.9717e-22 0
210 6.8537e-60 2.2611e-05 3.1414e-23 0
215 3.0485e-62 6.8798e-06 1.2687e-24 0
220 1.2137e-64 1.909e-06 4.5911e-26 0
225 4.3253e-67 4.8122e-07 1.4887e-27 0
230 1.3797e-69 1.0986e-07 4.3249e-29 0
235 3.939e-72 2.2661e-08 1.1255e-30 0
240 1.0066e-74 4.2152e-09 2.6238e-32 0
245 2.3023e-77 7.06e-10 5.4785e-34 0
250 4.713e-80 1.0635e-10 1.0245e-35 0
255 8.6354e-83 1.4395e-11 1.7158e-37 0
260 1.4161e-85 1.7496e-12 2.5732e-39 0
265 2.0785e-88 1.9082e-13 3.4557e-41 0
270 2.7303e-91 1.8669e-14 4.1555e-43 0
275 3.21e-94 1.6377e-15 4.4742e-45 0
280 3.3777e-97 1.2878e-16 4.3132e-47 0
285 3.1809e-100 9.0749e-18 3.7227e-49 0
290 2.681e-103 5.7301e-19 2.8765e-51 0
295 2.0223e-106 3.2413e-20 1.9899e-53 0
300 1.3652e-109 1.6423e-21 1.2323e-55 0
305 8.2485e-113 7.4531e-23 6.8317e-58 0
310 4.4601e-116 3.0291e-24 3.3904e-60 0
315 2.1583e-119 1.1024e-25 1.5061e-62 0
320 9.3474e-123 3.5926e-27 5.9893e-65 0
325 3.6229e-126 1.0483e-28 2.1319e-67 0
330 1.2567e-129 2.7387e-30 6.7926e-70 0
335 3.9011e-133 6.4059e-32 1.9372e-72 0
340 1.0838e-136 1.3414e-33 4.945e-75 0
345 2.6945e-140 2.5147e-35 1.1298e-77 0
350 5.9953e-144 4.2202e-37 2.3105e-80 0
355 1.1938e-147 6.3401e-39 4.2291e-83 0
360 2.1273e-151 8.5264e-41 6.9283e-86 0
365 3.3925e-155 1.0264e-42 1.0159e-88 0
370 4.8417e-159 1.1061e-44 1.3331e-91 0
375 6.1838e-163 1.0669e-46 1.5658e-94 0
380 7.0679e-167 9.2117e-49 1.646e-97 0
385 7.2295e-171 7.1191e-51 1.5485e-100 0
390 6.6177e-175 4.9247e-53 1.3039e-103 0
395 5.421e-179 3.0492e-55 9.8255e-107 0
400 3.9741e-183 1.6899e-57 6.6265e-110 0
405 2.6071e-187 8.3824e-60 3.9996e-113 0
410 1.5306e-191 3.7216e-62 2.1605e-116 0
415 8.0417e-196 1.4789e-64 1.0444e-119 0
420 3.7809e-200 5.26e-67 4.5187e-123 0
425 1.5908e-204 1.6745e-69 1.7496e-126 0
430 5.9899e-209 4.7708e-72 6.0625e-130 0
435 2.0183e-213 1.2166e-74 1.88e-133 0
440 6.086e-218 2.7767e-77 5.2173e-137 0
445 1.6423e-222 5.672e-80 1.2958e-140 0
450 3.9657e-227 1.037e-82 2.88e-144 0
455 8.5698e-232 1.6967e-85 5.7284e-148 0
460 1.6573e-236 2.4848e-88 1.0197e-151 0
465 2.868e-241 3.2567e-91 1.6243e-155 0
470 4.4415e-246 3.8201e-94 2.3156e-159 0
475 6.1554e-251 4.0105e-97 2.9541e-163 0
480 7.6338e-256 3.7682e-100 3.3725e-167 0
485 8.4722e-261 3.1686e-103 3.4456e-171 0
490 8.4143e-266 2.3846e-106 3.1503e-175 0
495 7.4783e-271 1.6061e-109 2.5776e-179 0
500 5.9478e-276 9.6814e-113 1.8873e-183 0
