r1 r2
1135 1124
258 335
1594 1528
1512 1279
417 884
172 169
376 890
357 993
523 1051
1310 1180
2122 2538
72 244
985 1395
1255 1376
1644 1897
310 159
793 519
1206 783
1366 1164
400 281
638 294
1195 868
786 840
1023 1162
408 348
1189 1044
1053 572
390 242
701 392
651 321
1265 1505
1385 2033
1642 1838
35 76
618 941
559 445
1924 1717
2016 1805
1078 1033
1779 1812
473 397
126 138
2460 2508
201 98
997 649
535 235
544 712
898 718
769 896
877 1139
33 50
670 704
929 532
34 6
429 490
893 879
2237 2424
155 158
2462 2162
138 75
2771 2943
543 274
1009 1014
1154 872
17 8
831 1595
359 968
1773 2108
644 1039
971 1015
1199 984
1455 1488
1134 1226
2103 2910
84 181
160 55
2284 2908
1712 1371
846 493
604 410
679 797
706 777
299 277
963 576
97 307
2838 2866
643 1016
967 811
945 1086
764 772
139 284
1665 1020
1935 1794
700 573
723 377
1376 1727
1431 1549
23 134
283 230
763 1117
118 143
483 516
1444 1235
242 330
1401 977
312 183
744 1046
134 186
1508 1356
1326 886
1699 1248
1836 2098
12 18
1467 1542
422 427
103 195
1682 1552
574 594
839 1012
24 19
1204 778
241 472
373 449
1014 1194
539 632
2196 2325
27 156
1528 1407
2048 1462
751 503
1252 614
1347 981
1331 1201
2207 1976
1079 463
1875 1922
182 499
1044 766
550 549
166 38
420 114
1217 1473
1586 1167
28 262
516 559
798 401
665 875
354 467
287 318
1176 1106
561 631
1628 1430
221 779
1075 682
1018 975
199 45
445 450
316 526
505 619
711 343
10 99
186 149
1587 1419
450 773
89 337
761 269
959 1470
2014 2380
154 396
96 259
988 1892
67 160
548 1025
562 646
497 529
748 789
195 21
1653 1378
683 903
3 27
81 122
1037 1131
1250 1157
899 1089
690 544
447 145
349 256
74 91
713 763
263 479
834 654
792 539
984 1182
321 336
525 405
637 680
90 355
880 962
778 715
105 106
1513 1313
193 120
13 56
1196 1199
808 1550
302 314
772 774
212 367
123 108
276 691
223 261
646 928
436 582
1605 2039
716 839
1183 1391
191 167
350 694
171 131
399 717
1988 1912
110 340
220 279
3123 2582
2493 1609
902 697
872 1689
573 1065
581 413
2275 1803
911 676
717 550
734 298
873 1446
2168 2205
620 607
999 698
493 344
773 1114
1593 1287
455 361
1630 1380
1389 1816
306 202
615 223
593 671
1092 878
849 1071
22 5
73 286
805 587
1580 1404
1080 1300
290 173
1494 1627
1330 1648
210 39
1024 1224
340 58
39 10
2051 1979
2362 2267
843 1153
887 1105
884 1053
801 979
208 417
777 512
1211 1031
251 207
434 424
1260 927
1543 1090
1084 1416
686 1069
275 562
799 818
698 601
816 633
852 883
1027 799
1276 1314
346 916
280 180
189 731
1006 938
607 1340
441 802
353 828
194 179
416 751
517 567
437 939
676 402
2261 2869
1673 1581
1257 944
278 383
1156 1412
503 517
980 602
1534 1176
238 293
1522 1494
439 270
648 630
2203 2639
1153 1037
1300 1220
339 487
860 525
879 1047
372 189
93 48
788 219
164 115
364 561
806 1087
355 297
3248 3322
426 431
1143 1209
2047 2302
1017 831
175 236
605 726
1341 989
461 422
569 489
149 225
1731 3122
71 88
1119 1204
1093 723
341 721
1133 1198
767 366
482 345
1925 1854
1241 1136
927 959
162 790
273 1064
1041 898
45 72
599 1070
1604 1127
903 876
728 527
386 60
754 1034
910 1214
98 65
859 936
161 97
313 807
1299 753
876 805
54 185
731 990
521 437
1661 1291
578 711
692 593
167 221
2 33
958 661
504 732
1186 1481
749 741
712 403
746 1067
917 442
305 433
469 491
1388 1192
1387 1211
889 709
1040 714
954 1439
1631 1042
1492 846
1584 1824
1268 1268
203 395
200 310
1323 954
1564 1638
905 1325
729 978
584 647
857 1435
403 384
80 146
128 71
614 414
977 1195
1667 1393
1069 792
1456 1836
894 999
1200 1697
536 1178
1354 1554
925 1147
289 814
395 349
1001 650
774 1073
454 368
688 1088
226 22
909 780
9 34
207 556
1897 2243
1121 1574
2248 1680
631 534
1659 2361
795 629
407 604
704 1085
115 125
636 699
1178 1415
896 1050
1089 1023
602 664
411 560
687 1137
120 57
1 2
512 545
456 824
1147 1082
1798 1335
480 497
125 670
835 1165
1254 1332
639 684
2219 2928
851 1049
1230 1002
803 847
351 520
234 645
127 196
1328 1425
1086 1246
842 756
163 332
922 812
425 758
694 488
1247 1482
918 940
1795 1543
16 7
453 571
1516 1597
1730 2009
730 295
2084 1551
885 1100
874 554
501 1203
132 79
518 1212
1115 1161
863 967
1295 1135
1160 1297
822 891
666 273
1815 2060
1124 710
2172 2559
1117 681
1378 1172
1287 1521
1531 1342
41 49
1026 950
941 945
319 54
1582 960
1350 1063
1224 1115
478 1097
421 300
211 622
1325 873
109 304
556 1251
1270 1493
1280 1021
21 1
837 860
174 153
217 290
964 859
1592 1423
1766 1905
1391 1275
1283 1537
11 11
385 224
765 820
1158 887
827 934
1672 1827
1623 1932
281 141
1236 856
833 728
152 77
107 157
438 618
43 14
750 769
1742 1723
621 639
1488 1307
875 510
409 316
153 105
298 193
1126 1143
527 813
524 385
990 755
384 564
1301 725
1588 2137
431 793
510 583
673 612
933 919
845 771
935 350
936 910
1657 921
2241 2209
853 765
752 1068
362 174
733 823
328 494
1033 636
514 285
360 747
699 468
546 596
323 592
571 969
924 720
76 123
457 524
112 168
800 536
75 328
542 194
347 247
1278 1560
58 30
114 53
1752 1859
594 815
1085 1669
49 47
680 1223
414 222
1261 739
1967 1630
235 139
848 398
904 480
661 836
1507 1421
667 1072
1083 1191
1000 1092
70 317
1111 854
1518 1909
1421 1274
526 1168
1396 1215
878 708
474 575
458 322
672 688
630 924
2106 1708
122 178
66 184
675 1156
491 103
871 849
1686 1170
2018 2274
394 476
1297 1654
658 441
1479 1351
1538 1357
197 118
705 929
597 729
412 331
1365 1511
61 211
865 1110
1322 1736
779 902
464 506
818 462
227 634
451 324
1012 988
1453 1134
743 233
356 339
1753 1492
1198 1133
961 965
1159 1038
2304 1773
714 724
912 1004
262 380
492 703
1074 1208
641 707
268 325
586 1230
1237 1249
952 1109
1824 2246
286 319
260 292
314 148
974 547
398 360
1052 985
2469 2570
869 922
982 1466
1324 904
1022 1120
1197 1107
326 176
50 102
136 137
647 537
1048 1243
1207 1368
1613 1969
361 421
418 568
1010 679
170 78
292 334
736 628
841 834
2613 2026
616 435
724 656
1609 1433
1569 1428
1118 1379
580 375
1607 1054
489 947
352 428
2012 1707
1003 1062
617 478
1317 1518
309 443
1902 1743
256 206
413 260
79 37
828 500
915 1152
318 409
459 635
1063 1278
77 574
1446 1319
26 13
660 1035
601 986
264 430
83 151
507 418
552 507
1058 1001
198 218
1447 1955
782 429
1454 1321
1358 1238
664 746
233 234
387 320
331 364
943 1005
600 972
2189 1651
994 1864
342 203
177 347
1566 1538
965 874
111 220
1182 1327
433 613
1152 1111
1289 1104
307 826
626 770
960 425
900 1159
645 651
1291 1373
509 226
1970 2012
1279 1149
689 1374
1896 1908
757 1081
836 1582
324 280
1406 1409
1438 1661
1073 1227
1087 1121
762 925
1575 1658
1056 1017
2033 1998
25 81
515 719
1478 894
18 17
1463 1405
1296 1095
650 1185
402 96
895 660
69 35
513 740
913 955
1861 1678
106 706
659 515
856 677
463 481
653 616
1215 1259
1193 1118
1172 1561
970 686
1019 308
640 518
117 32
1138 1096
377 678
625 794
157 289
1632 1621
1433 1944
691 408
907 877
1476 1454
277 388
1177 1403
519 690
785 458
47 566
1227 1177
215 352
1732 1254
830 1077
295 240
1051 1523
633 303
380 752
557 471
288 282
726 454
1368 1510
1179 952
532 648
173 80
343 716
972 1328
178 51
2933 2202
1187 1516
1501 1272
1185 1526
2245 2479
1620 1527
1205 1602
1849 1427
1931 1652
245 69
269 271
685 798
1441 764
345 365
1386 931
1417 953
1288 822
442 911
1015 1361
1275 1450
225 172
271 455
55 250
1034 1093
92 162
381 346
817 542
449 816
756 144
1351 1231
998 736
1722 1917
1332 1364
810 1048
85 41
1336 767
1400 713
1137 882
506 267
297 674
392 327
891 588
937 1026
662 745
657 675
813 782
1122 644
1547 1564
1136 1003
649 983
100 474
3777 3078
796 1490
603 1018
1315 1041
91 94
1679 1280
656 404
479 227
1701 1485
1188 987
533 595
1374 1502
202 130
1208 786
2085 1967
2101 1849
682 600
148 62
655 937
508 228
2901 3370
1713 2718
131 26
753 1174
1107 1181
814 1200
553 498
369 469
797 768
529 246
466 492
668 530
1344 808
1108 1299
1162 1007
300 135
722 643
1561 1267
609 215
629 548
768 685
87 121
975 1282
1090 1207
642 933
1148 1310
840 652
1240 895
1449 1408
248 400
272 231
1164 1083
2879 2613
404 266
460 482
222 117
500 722
718 673
703 363
1175 667
635 1334
64 110
140 563
735 775
623 864
119 264
1066 1186
1404 1132
1405 1075
229 111
832 255
759 198
684 1102
484 603
1497 1548
95 112
611 865
545 540
938 1103
780 784
1707 2204
1395 1128
358 387
327 89
1068 557
1286 1175
534 192
303 370
1573 1834
1127 1451
1104 998
528 353
1412 845
1262 1567
1375 1346
1274 1383
196 693
1099 1027
244 249
232 406
897 2107
204 415
993 759
654 624
1060 1990
570 171
811 1040
1091 803
671 653
1442 2240
771 464
1715 1653
995 853
992 966
882 569
423 762
1428 1184
1625 1633
1617 1515
1293 1339
116 90
1408 1737
1830 2575
1025 1019
348 64
1004 1193
1192 1294
1570 1487
1520 1418
3447 3307
1161 850
1424 1629
783 444
1552 1992
862 974
541 504
1855 1122
36 109
855 214
587 617
663 268
65 166
881 1363
996 446
892 888
250 528
942 837
121 201
14 136
612 1032
928 1217
1585 1683
51 36
188 309
3658 3124
2468 2097
2882 3387
847 1426
592 382
266 386
158 84
1253 810
720 495
966 862
176 163
206 132
968 957
494 538
1251 1216
775 579
1499 2134
1422 1398
1096 833
1173 659
1120 804
270 341
1930 1589
267 638
338 642
1634 1960
740 855
190 190
99 140
147 200
322 407
88 44
495 738
336 581
59 61
485 1084
78 209
1174 892
1305 1240
144 555
1059 1250
1016 749
317 258
151 311
468 456
40 15
1542 1547
42 197
1316 1283
920 701
150 104
511 621
37 29
2234 2803
1194 1503
547 508
530 586
1768 1763
906 734
224 342
62 23
951 996
113 133
1793 2114
3273 2439
1413 1179
486 835
619 457
230 254
143 326
947 702
216 93
424 585
231 165
246 312
741 964
1439 1730
410 451
294 543
440 253
57 147
634 278
334 391
135 175
279 107
1850 2456
446 263
1113 1076
448 390
156 119
145 87
1370 1471
1203 1091
184 589
141 245
1150 1410
934 838
710 1008
367 188
1139 1472
499 216
2502 1331
674 302
378 420
946 1252
1369 857
214 126
1658 2275
531 541
427 514
48 52
969 700
1082 760
259 232
1313 976
406 666
1228 1572
1184 1616
2509 2446
291 483
1565 1098
108 113
1157 1183
1065 867
379 323
1242 861
1238 1562
2075 1930
1166 1228
789 535
1485 1781
1141 1056
481 426
1167 935
187 275
1489 1440
496 333
589 357
1481 1656
721 641
826 900
142 92
1277 1796
2154 1759
124 85
1553 1362
1671 1961
930 754
44 124
329 447
1047 885
1163 1341
953 683
804 781
1181 1213
428 393
332 791
488 217
38 150
576 359
1409 796
304 291
228 252
1081 1255
1062 1119
498 243
719 378
146 164
564 142
388 374
1352 1845
540 788
1432 1935
1002 915
374 893
1235 1289
1812 1011
568 354
325 546
86 46
1098 908
1556 1222
926 1260
864 695
1307 992
1948 2032
1011 1618
1555 1632
624 821
825 362
159 43
20 24
465 606
866 662
1043 663
1036 863
613 276
677 620
1045 795
590 505
554 553
239 558
415 626
82 248
1381 1546
397 598
68 66
1130 1125
591 668
247 570
19 28
747 623
610 313
2198 2231
702 655
1266 1257
1070 597
745 580
432 551
1140 1613
732 1318
1739 1166
254 210
383 358
627 187
1320 1221
1229 914
1110 1293
1452 1699
1666 1751
854 1151
1969 1079
1506 1158
555 272
237 182
1028 379
886 841
181 296
249 205
538 577
209 306
102 116
472 412
738 901
285 351
708 665
1823 2460
393 627
1125 1271
94 68
551 610
375 511
956 858
1443 1305
104 73
389 369
1451 1078
1318 1140
1502 1520
940 956
30 20
335 591
311 436
575 128
1314 1311
1750 1545
1245 1229
1064 1401
133 101
1218 948
1551 1664
2059 2123
760 1296
1709 1173
284 389
1213 1700
3066 2318
1005 356
1013 696
243 82
585 843
1362 1338
1103 1337
183 283
165 59
1106 1094
727 605
622 689
921 1059
301 229
382 127
838 832
330 459
776 1061
477 86
236 599
932 584
1109 917
1114 730
758 1024
1171 1522
1256 1958
681 881
31 4
1445 1532
2791 2561
405 819
370 416
628 523
558 825
742 735
693 687
1021 946
577 640
137 83
15 31
844 533
2298 2266
1462 1437
737 381
790 851
1007 961
1049 742
678 509
870 485
337 204
401 438
791 870
1907 1345
467 238
218 615
858 930
766 440
2414 2035
595 461
1046 1218
566 705
1054 748
563 809
470 737
296 213
695 496
253 465
179 100
582 251
1349 1468
315 237
850 552
565 733
192 241
867 801
1757 1714
1562 1478
579 1239
948 657
419 154
6 16
1343 942
180 208
1128 1295
1692 1308
987 727
1032 1413
8 42
983 806
471 484
101 25
1468 1599
787 658
282 522
1364 1721
944 501
435 521
129 129
1789 2448
520 907
1071 958
219 338
443 170
991 1160
1329 1399
957 852
274 265
696 692
366 452
2002 1677
1029 1392
583 486
52 161
537 448
949 750
596 923
368 578
46 74
608 411
1838 1606
4 12
567 1057
1511 1277
29 152
205 608
344 305
502 301
1420 1112
56 67
588 869
213 329
371 299
1359 980
1989 2261
1687 1444
697 475
1221 1531
1132 1142
130 177
1641 1640
1271 912
560 423
168 287
169 40
572 899
1020 1210
1101 1270
308 371
1980 1479
1758 1262
261 470
255 432
1355 1879
598 460
549 531
1493 1264
632 590
861 1394
1690 1814
890 787
185 70
365 239
5 9
707 880
257 257
976 1058
452 434
794 502
950 844
1327 866
444 830
60 212
1243 1388
868 565
1030 842
1292 1101
1233 905
1222 1497
333 373
240 199
1670 1281
781 1452
1643 1608
1383 1330
462 473
1038 848
1725 1499
1220 625
32 95
53 155
919 477
739 672
1223 1273
1335 757
1583 1288
1558 1706
522 817
252 191
265 315
802 669
1272 949
7 3
923 889
669 439
476 611
363 637
824 376
396 419
391 399
1212 1420
978 1028
1475 1324
823 466
652 394
63 63
1102 1146
939 1074
