r1 r2
1515 2904
2328 3497
3890 2414
3101 3742
2607 2092
3726 1359
3073 1637
2474 1365
1796 2532
2380 2858
2218 2728
2208 3442
2851 1655
2769 1690
2794 1385
3497 3243
2880 2419
3649 2933
3824 3772
1975 3580
2359 2528
2278 3236
3250 1591
1802 3606
2632 3894
2259 3540
2313 2940
1956 2736
3954 2315
1903 2807
3809 3378
3910 2415
2443 2675
3146 2223
2013 3546
715 2250
1887 2119
3343 2824
2980 3978
2375 3855
3912 1876
3934 2996
2007 3644
1946 1596
3389 3240
2004 3705
1906 3577
3614 1234
2204 1776
3530 2530
2710 909
2156 1431
3854 1732
2182 1848
3583 963
2020 1453
2560 1483
2256 2931
2748 3463
1770 1858
3848 3365
3681 2323
3145 2362
2310 2163
2931 609
2996 3301
2455 2616
3747 3797
2898 2748
3953 3990
3529 2898
3827 3109
2648 2680
3019 3934
1418 3764
3595 2509
3310 2946
1937 1508
3400 2746
3478 2352
2224 288
1577 3406
2092 1323
2446 2526
2485 1903
3431 3271
3717 3493
2022 2298
3532 1649
1042 2104
3589 3564
3490 2537
1546 2907
1845 1900
3409 2905
2558 2962
3302 1625
2049 3019
2698 2355
1545 3614
3570 3741
2913 2413
2714 3836
2096 3009
3835 1563
2596 2517
2834 2070
3379 3451
1636 2977
3564 2334
3792 3106
3468 2435
2459 2763
2949 2256
1637 3284
1992 2327
2865 1129
1727 3103
3164 2069
2902 2609
2642 2115
3198 1052
3714 1738
1216 2006
3951 1320
2742 3173
3566 2979
1910 2050
1129 2350
3715 2645
1996 1476
2547 2177
3753 3256
1852 2310
2918 2633
2072 2655
2268 994
2531 2715
2029 3594
3706 1808
3903 1353
1885 1758
1423 3050
1790 3940
2669 3926
3026 1691
3543 951
2238 2488
3163 1687
3384 2330
2830 1241
3813 2160
2095 2028
1281 3111
3878 1509
2383 3306
2600 1512
2009 2848
3752 1729
1856 2502
1880 1947
2185 3638
3260 3700
2120 2544
1825 1694
1231 3945
1544 3798
3240 2128
3676 3968
2581 1681
1244 2196
3821 2791
1678 3841
1535 2406
1618 2577
2481 2843
2846 2230
2117 3958
3383 1496
606 1942
3556 2891
1784 1768
1509 1792
1944 2499
3656 2132
2927 2156
2332 3389
2281 3751
2548 3871
1971 1366
1294 1797
1640 2700
1440 1867
2042 920
2506 2105
3086 2218
2416 3169
2287 1066
2717 2804
1962 2592
3986 2690
2023 2001
2015 3421
2793 3676
3871 3147
3966 3576
3124 2220
2070 2630
3053 2578
1829 3634
820 2527
293 1601
3356 3900
2603 3437
2424 2510
2807 2818
3527 3427
2478 2066
3816 3779
2487 3223
2115 1344
2181 3182
3930 3917
3348 3339
2061 3495
3888 2197
3738 2953
1398 2724
3077 3499
3257 3452
3081 2968
2127 2782
2861 2190
2505 3107
2813 3821
3562 1951
2483 1617
490 3401
2389 2477
3602 1833
1776 2101
3864 2766
3857 2685
2983 2886
3552 1783
2254 2969
3722 3026
1695 1000
1486 3013
3470 2423
1859 3619
3433 1304
2718 2002
1077 3178
3245 2036
2609 2586
3089 1491
2566 2844
3139 2126
2030 1840
2736 2168
3724 2950
1952 2391
3698 1962
916 1782
2854 1402
1397 1982
2785 2768
3482 3108
3833 3549
1356 2669
2188 2798
1284 2276
2780 3465
1698 1501
2151 3761
3418 2829
1787 1588
2479 1974
3604 3675
3524 1539
3889 3118
2841 2731
3206 3684
1448 2285
1427 3254
1860 2693
2374 3359
1927 3261
2244 3137
2235 1258
3159 3289
3109 1316
2408 3210
1633 3436
1144 1920
2060 2868
1363 1712
3914 2366
2351 1303
2562 3288
815 3535
2752 2825
2759 3171
3001 1934
1683 2684
2836 2827
3126 2704
1491 2224
1239 2754
1465 2068
3798 2870
2074 1835
3872 3314
3132 3599
1987 3319
2977 2656
3287 3806
2903 1754
3411 2598
1460 1856
2406 3395
3670 3659
3204 2617
3728 2970
1434 1463
3131 1718
3193 1219
3171 2080
2044 3588
3503 1964
3837 3158
3572 2799
3072 3749
1303 2484
1469 2795
1660 3914
2456 1474
3897 3656
2464 2239
2345 3462
2348 1991
3177 3029
3111 3425
1738 1769
2889 744
3354 2023
2923 3063
1655 3411
2121 2863
1602 1966
755 3591
2439 2096
3365 1779
1705 3000
2859 3915
2164 1524
3957 3922
3336 2541
1837 3281
3361 1870
3643 3925
3113 2363
2426 2665
3270 3995
3328 3780
1510 3349
3936 2078
3330 2743
1464 1753
3043 2427
3422 3861
1808 1999
1848 2377
2183 3156
2920 1148
2133 1720
1778 1558
1820 2659
2693 1665
2914 2500
3877 3503
2432 1507
1735 2248
2816 3241
2353 2841
3579 970
3440 3139
2255 2282
1131 3232
3874 3082
2228 1916
2826 3941
2569 3022
3142 2344
2957 1756
2747 800
2087 3712
2847 3532
1557 2381
3498 2740
2147 2408
3561 2576
2367 2521
2811 2262
2615 3216
2633 2562
3850 3152
2891 3081
3443 2014
2282 3074
1972 3728
3812 2232
2161 2062
3622 2855
3152 1788
2605 2984
3799 2357
2365 2924
3438 3474
1612 3179
2174 2340
3127 991
3669 3077
2545 3220
2173 2051
1797 3609
3913 3796
2906 3410
2361 2892
1756 3305
1919 3028
1894 2030
1202 2505
1694 3403
3051 3412
2866 3265
3464 2987
2586 2942
3856 2764
3235 926
3209 2894
2677 3073
2144 2990
3027 1744
3501 2304
1846 2662
2776 2840
1610 3933
3085 3642
2999 3246
3671 3037
1841 1884
2763 3115
2160 1830
3909 3678
2401 1668
3135 2429
2774 2937
3907 2503
2403 3431
2360 3964
1579 2956
3439 1292
1321 1802
3286 3138
2003 3492
3288 3527
3650 3936
3745 1882
3251 2944
3514 3239
1677 3673
3574 1290
3214 3217
2024 3620
3849 2963
2994 2723
3103 2322
3294 3313
3140 1329
3772 3490
2217 2921
1700 3068
1792 2211
3165 3393
3519 3651
2944 2543
3397 3519
1783 3422
3553 2895
2221 3879
3559 3385
3258 3557
1877 2806
2986 1525
2705 2187
3508 3789
3211 3331
3335 3450
1729 3494
2755 2599
3016 1116
2578 3180
3675 2214
1505 1719
3993 3367
2538 1771
1942 1354
3725 3862
2862 3206
2363 3856
1998 3166
1377 3509
2200 1855
2599 1786
3252 1232
3075 1635
3380 3373
3047 2064
2253 871
1781 2621
3417 2238
3634 3458
3949 2663
1932 3758
3499 2153
3904 3027
3836 3200
3964 1767
3886 2004
2299 3860
3172 3970
2988 3601
2534 1904
725 2301
1965 3743
2656 2375
2735 2554
1734 3033
3810 2102
1755 1367
2577 3226
3535 3629
3023 2515
2137 2181
2561 3698
3601 3847
2067 3186
2089 943
3662 1907
2639 2186
3521 3544
1550 2343
2062 3430
2111 1852
2809 3047
1963 3975
2396 1735
1232 3324
3338 3569
3844 2345
3879 1276
2707 3283
1407 2082
3672 3682
2390 2677
3390 3802
1095 2492
3000 1989
1912 3266
2230 1530
1943 1819
2341 2312
2942 3001
2264 3654
3682 3825
3884 827
931 2610
1945 3733
2674 1868
3090 1443
3456 3255
3056 3558
2800 3447
2860 3874
1843 3087
1603 2365
2229 1890
3937 2399
1726 3770
2722 3093
2142 1587
3801 3632
2941 2831
2594 3812
1720 2888
1088 1197
1870 2244
2294 3583
3455 2629
2330 2811
2684 2643
2555 2288
1621 2752
3393 2290
3415 1761
3887 3981
1714 3604
3275 2189
3071 2182
3702 3950
3307 2494
1474 2929
3331 1614
2019 3903
2448 2120
3619 2861
2681 1746
3449 3738
2808 2076
3941 1873
3062 3833
3625 3816
3404 3744
3832 2289
2924 3149
2528 2709
3222 2755
3088 3066
2883 2864
3155 3775
3906 2164
1246 3746
2868 3971
2537 3372
2590 2167
1180 3099
3395 1657
901 3730
3789 761
2413 3542
2937 2781
3762 3168
3713 1628
2737 3769
3070 3809
2839 3714
2525 2074
2849 2138
2086 2993
2935 3706
3975 3454
3576 1130
3118 2376
3921 3506
3143 3513
2385 3351
3983 3649
2700 2370
2515 1498
3545 2400
3423 2978
3381 2681
2781 3046
3626 2081
1696 3589
3402 2210
2604 1853
3708 3298
1629 2466
3249 3593
1430 2972
2178 1322
3923 3895
2240 1639
1769 2881
3319 2176
2001 3264
2701 2805
3731 2632
2476 2353
2803 2535
2895 2259
1410 3341
3281 3177
3144 3326
2317 3584
1372 2776
2884 2254
981 3052
3678 2418
2806 3753
3037 2573
2533 2964
2073 3153
3153 1460
3078 3720
3308 1985
3990 2913
2667 1839
2666 3893
3507 1742
3766 2142
2992 2634
2444 2627
3321 2702
2472 2242
3981 3937
2504 3650
2134 3204
3183 3726
2116 1760
3083 3961
3282 1662
2606 1925
3489 2110
1964 3237
914 1237
2158 2842
2501 2319
2729 3440
2372 3689
3989 2696
3960 1060
2445 3653
2535 3279
2647 2091
1151 3998
2687 2395
3161 1698
2043 3560
2211 2826
3749 3129
2982 3740
2239 3785
3278 2734
2948 3484
3660 3735
2766 1899
2376 3908
1818 2166
3916 2407
2513 2294
1590 3957
3597 3982
2195 1605
1803 1009
2871 2625
2053 2640
3038 2698
2916 1666
1914 2800
2837 3020
1578 3669
1926 3717
1968 1928
3627 3061
2659 2822
2326 2784
3800 3947
1961 3459
2767 3348
3974 2802
3432 3718
1791 2619
3465 3827
2176 3912
2193 2683
3840 3666
2886 1285
3571 2672
1606 1949
3525 1500
3008 2739
1384 2705
3398 2236
2071 1626
3905 3195
2583 2130
3042 3504
3705 2760
2265 2472
2170 2057
3520 2441
3803 2045
3133 3309
3416 2628
1777 1506
3758 3932
1832 1943
1393 1672
2782 2546
2990 2812
3894 3198
3137 1726
3341 2272
3987 3715
2412 3679
2689 3404
3320 2548
1680 3516
3806 3725
2572 1196
3469 1696
1651 3292
3754 3209
1719 3383
3299 1312
1039 1728
1941 2563
1309 3687
2993 2122
2063 2237
4000 2178
2484 1155
3029 3202
2593 1573
3036 3105
3683 3664
2213 1141
2728 3909
1759 3694
2355 2624
3992 3529
1361 1347
3919 3965
3339 2459
2730 1911
3704 3409
3457 2661
3506 3586
2540 2919
2832 3501
3585 1749
3234 3247
1882 1910
475 2027
2682 1954
1521 2148
1627 2075
2010 1036
1862 3199
3149 2820
3473 1205
1794 3790
1638 3600
3838 3615
2637 2136
3787 3851
3487 2111
3976 2217
1763 3784
3255 1921
2191 1445
1519 3391
2573 1927
3156 3631
2690 2154
2394 2727
1537 1972
2141 1692
3216 2410
2858 2735
1559 3736
2741 2371
3391 2041
2184 2594
2801 1326
3709 2838
3369 2860
3318 3881
1840 2426
3828 3710
2658 1556
3820 3919
3011 1875
3459 2697
1871 3581
1484 1716
3454 3163
3444 2701
1866 3113
2754 2835
1822 1557
1950 3791
2370 2753
2031 3170
1514 1145
1458 2249
3968 3048
2171 3608
3364 3952
3829 1372
1899 1584
2364 2641
1953 3446
2381 3674
3080 1891
3305 3044
1061 2497
2289 2094
3639 2941
1308 3545
3292 3554
3190 2555
1312 2788
2526 2090
3280 1513
2451 2393
2965 2518
770 3663
3242 3119
3241 1968
3703 2264
3492 1286
3065 2783
2470 1489
2094 1791
2936 3423
3028 2961
2036 3867
2344 2687
2350 2277
3952 3023
3540 1709
3435 3994
3544 2545
3663 3208
2554 3828
3947 1607
2888 3773
2388 3098
1483 1045
2697 2083
3620 1956
1168 1748
2220 1202
3769 2342
1319 3696
3727 3174
2770 3805
2352 3084
1656 2252
2867 3819
1435 1790
1741 1013
2878 2670
2231 1263
2653 3522
2286 2490
430 3555
3068 3830
3685 1424
3603 3275
3763 3938
3293 2854
3927 3260
2307 3502
3049 3988
3420 2992
1094 1914
2252 3488
2905 3215
3612 2759
3629 1434
320 3953
3610 2666
2584 2348
2703 3645
3169 2813
3590 3954
3097 2443
3179 1245
1342 3803
1857 2286
1450 3639
3151 3320
1920 2810
3805 3295
2746 1772
2180 1806
3730 3617
3199 3762
2626 3920
3324 1807
3326 3079
2131 1266
3994 1377
3215 2564
1697 3521
3546 2222
2503 2793
2126 3891
3707 2531
2909 2279
2052 3392
2877 3432
3467 4000
1718 3311
2696 3897
908 3683
3593 2103
2262 2706
2532 2699
3271 3175
2938 2099
3483 2865
1599 1762
1259 3420
3775 1553
2788 3986
2664 2065
2775 1733
1984 1352
1357 1381
3719 3456
2932 2203
1892 3817
2823 1837
2199 3234
2157 3338
3419 2229
3096 2695
2570 2909
3376 1634
1529 3707
2011 1126
3969 2384
3403 2787
3655 2191
2695 2326
2799 3800
2699 2902
2494 3072
3045 3354
3247 3633
2343 2305
1532 3814
1863 1710
2321 3748
3549 3724
3437 2351
3744 2121
3130 2183
2309 3760
2110 1670
3818 3010
3963 3921
3134 1963
2050 3053
3980 2394
2064 2292
2393 2025
2565 1438
3657 1874
1772 3695
2335 1881
2628 2016
1669 2341
1806 3468
1540 1469
3866 3592
1581 3898
3374 3140
2797 3190
2495 3417
1851 1861
1429 1622
2960 2786
2382 3448
1909 2579
1615 3794
3617 3853
2257 3804
2930 2195
3605 3547
2844 3680
3534 3007
2283 1397
1371 3807
2553 3355
2551 3578
3690 2738
2760 2175
2136 3511
3716 2234
2995 2935
2079 2906
2985 2291
1788 2604
2436 3083
2303 2093
2368 1636
2773 3024
2915 2422
3710 1644
1142 3398
2761 3848
3873 2265
3961 1757
1635 3832
2112 2297
3592 1722
2939 3286
3232 2954
2305 3655
2668 3906
1524 3424
3767 3025
2386 3418
2205 1615
3425 1236
3246 3439
2280 2141
2713 2673
3141 3064
2420 2622
2900 3101
1219 3823
2167 2129
1596 2493
3367 982
2006 3145
1340 2007
3372 2067
3059 3133
2159 2757
2435 3598
1716 2938
2028 2150
3189 3329
3208 3416
2552 2557
3025 3967
1951 2425
1392 1684
973 3060
2734 3394
2962 2552
2422 3035
1403 3701
3636 2270
3755 2560
2856 3092
2810 2021
3918 3299
1868 3002
2021 1996
2621 2003
2296 2052
3147 3248
3363 1190
3115 3252
3526 2184
3221 2455
3830 2146
3377 2719
2457 3526
2790 2498
3933 2336
2842 3508
3226 1432
1549 1679
2005 2228
3651 1309
3542 2445
3764 3018
3044 2005
1304 3831
1733 3818
1676 3763
2840 3514
3312 2833
2109 3472
3550 2965
3460 1580
3735 2712
3333 2010
3861 1619
3891 2525
3721 1813
3426 2730
2622 1465
2114 2816
1622 2438
3645 3380
1639 1823
1723 3657
3647 829
3061 3838
2320 2241
3316 2170
2652 2647
3765 1701
3811 2475
2438 3321
3442 2600
3793 3479
888 3303
3892 2179
2325 743
2970 2257
2655 785
3020 2258
1760 2158
3673 3949
3737 3353
3392 3342
3074 1986
3791 3607
2139 3972
3701 2626
2026 2314
3340 3414
3360 3869
1149 3605
2473 1901
2587 3212
2825 1536
3781 3189
3581 2084
1348 2159
3794 3455
1817 2686
2025 1924
2631 3783
812 3250
3110 1978
3748 2042
3191 3405
3823 3552
2704 3999
3924 1576
2961 1950
3187 2566
2887 3089
3228 2711
1974 2792
2155 1575
1990 3165
3599 3517
2250 3930
3511 2974
2762 2284
3946 2713
3611 2296
2366 2145
3084 3924
1210 3734
3218 2431
2102 3635
3429 3085
3733 3473
1928 2540
2802 2742
2130 3017
1898 1592
2623 3056
2373 2506
3173 3621
3388 2771
3344 3340
1353 3366
2400 3541
3332 3813
2295 1765
2177 3849
2951 2089
3306 1841
3509 2061
1574 1624
3021 1871
2346 2539
2162 1620
2081 1406
2536 3943
2497 1387
3584 3702
2579 1138
3346 3565
3796 3328
1826 2079
1076 3155
1693 3611
2017 1857
2857 3218
2601 3910
3237 932
2226 1484
2733 2620
2402 3658
3822 3444
2040 3008
2556 2293
1933 1923
2614 2489
3972 3929
2595 3399
1745 3671
3667 3556
3477 1225
2706 2676
1334 3826
3136 3134
3274 3128
2454 3984
2817 3976
1333 3648
3150 2952
3628 2733
2591 1777
2038 3045
3099 3889
3533 1555
1264 1872
3661 2198
2099 2271
3855 2295
1541 3402
2899 2207
2315 3585
2510 3486
1706 2213
3950 3460
3484 2889
1917 1396
2715 1386
2998 2306
3259 2524
3621 2790
3853 1585
2242 2469
3948 3396
3494 2478
2093 3274
2546 973
1306 2308
2828 2918
1966 3233
2291 1798
3839 3426
2088 2227
3412 3150
3699 2161
2192 1333
2685 1946
3851 2707
3015 2482
2539 1150
3695 2703
3971 2287
1165 2678
2249 3918
1834 3330
3956 2063
2694 3225
2247 2185
2477 3628
2783 3960
2135 3071
3694 3859
3313 2404
3279 2151
2975 2614
1893 2959
2784 3312
3875 3327
1747 2867
1563 2949
2324 1971
3230 2652
3178 2871
2431 2605
2398 2873
3295 1750
2544 1913
1645 1646
3373 1569
2378 3400
3013 1571
2732 2165
1191 2819
3591 2504
3901 3213
3453 2761
3480 2851
2912 3481
807 1442
1736 3766
1649 3070
2453 2309
3462 2225
3315 1598
2441 1820
1913 1785
2896 2398
2827 3946
2954 1994
2598 372
2731 2131
2058 1302
2209 2192
1929 3500
3486 2679
3642 971
829 1787
3357 2373
3064 3788
3575 2595
3908 2903
3640 2269
1414 2055
3182 2465
2563 2268
1498 2125
3638 3878
2822 2349
2831 3222
2772 2379
3413 3434
3926 3229
2559 3845
1895 995
2683 3491
3691 3890
2602 2880
1986 1988
3167 3636
1717 1565
2716 2029
3885 3660
2964 2124
2814 3716
3712 1261
2557 2255
3264 2152
3352 1301
3069 3360
3350 2386
2549 3038
3516 3461
3317 1022
3217 3596
3577 3069
2410 1123
1878 1647
2708 2360
3166 3808
2702 2461
3461 3258
3677 1902
1915 2320
2055 3824
2928 1306
2311 3094
3475 2981
2646 3579
1209 2635
2956 2852
2251 3214
3807 3317
1169 3987
3834 3125
1382 1846
3965 2022
2008 3618
2568 2273
1527 2219
2419 3361
2644 2642
3213 3727
3148 2118
2449 3164
1765 2939
1057 1671
2824 3731
3502 2668
3606 2447
2475 1973
1654 3377
3999 3692
3018 3747
3005 3562
2876 3277
2225 2998
3450 3567
2428 3637
3012 3834
3158 3842
1890 2593
1517 2452
3225 2387
3648 3550
2214 3148
2625 1355
2616 1770
2818 2567
2987 2750
3573 3829
2750 1977
3578 3782
2967 3627
1873 1315
1911 1586
2463 2920
1105 1789
3565 3345
3408 1865
1691 2037
1710 2737
2757 3146
1983 3104
3756 2664
1477 3756
3641 3661
3195 1284
3814 2358
2756 776
2163 2038
2187 3363
2108 1660
2542 1724
1487 1244
2409 3304
2339 1993
1688 3224
3895 2329
1190 1877
2274 1739
2146 2602
1055 3221
2145 3916
2430 1811
2097 1099
2926 1975
2740 2951
3493 1851
3654 2013
3055 3882
2805 1349
2969 3774
2907 2519
3197 2088
1533 3012
3997 1529
3196 3750
3869 2303
1805 3141
1616 3996
3231 1348
2046 1936
3269 2450
3421 2885
3205 3227
3741 3723
2039 3352
2908 1825
1977 1850
3194 2316
1050 2496
3162 3219
3563 3865
2440 2615
2511 1886
2387 3159
2724 2989
3048 3054
2104 2637
3481 3449
1979 1429
3201 3382
1548 3040
3031 2955
3485 1578
1539 3622
2336 1959
3782 3850
2384 3510
2934 1659
2712 2991
3181 3543
2524 3014
3466 2985
3555 3429
3557 3877
1761 3267
3588 2000
1608 3088
3865 1685
2972 1778
2768 2569
2727 3347
1813 3407
3188 1593
3569 3117
2000 3721
2327 1382
1626 3643
3093 2917
2661 3533
1684 2324
1652 3132
3491 2934
1858 2745
1771 3520
2680 2689
2407 1389
2864 3467
3633 2072
3174 3538
2312 2382
1827 1603
2496 2976
3002 2644
1751 2311
3207 1343
3091 1533
2521 2412
2418 3969
2630 2747
3006 1517
3276 2420
2279 2147
2789 2283
2392 3811
2881 1475
2077 2321
3087 2922
3266 1894
1571 3559
3160 2200
1854 2462
2940 2046
962 2583
1100 2520
2608 3974
3867 3835
2165 2390
3513 2549
2744 1898
2379 2721
3666 3413
3168 3369
1881 3381
3268 1844
3342 2463
1884 2887
1155 3316
1503 2247
2968 3863
2663 3362
1721 1641
3843 2612
2798 3888
1339 2581
2083 3843
3784 3985
2529 2034
3551 2117
1994 1384
3944 1417
2243 3677
3920 2874
3041 3043
3973 3135
3378 2206
2098 1154
2893 2568
3510 2085
1461 2059
2720 2726
1273 2809
3192 3282
1782 3939
3746 1570
3106 3123
1480 1799
3996 1375
3689 3966
2143 2053
3120 1113
1482 2638
1402 3376
3094 3820
1918 3923
2342 1931
2738 2688
1982 2529
2897 2364
1991 3955
784 1926
2293 3574
3057 918
3220 2572
2979 1188
2166 2553
3985 3963
2709 3126
3935 2536
2640 3563
2488 2574
1767 3711
3428 3151
3476 2015
2739 3571
3929 2839
2319 2923
2966 3197
2277 2087
1799 2608
3446 3057
3500 3016
1536 2251
2466 2796
3300 2774
2119 3625
3009 2417
2688 2216
1940 2169
3472 3042
1681 1939
2620 3102
1226 3801
2597 1863
3795 3055
2512 3091
1471 3708
3430 1929
2041 2744
3624 3039
3185 2551
3757 3005
2743 2587
3831 2957
3659 1612
2679 3375
2589 1818
2522 3524
2069 1298
2835 2571
1879 2751
2852 3792
3079 3752
2078 3116
2947 2925
2507 2958
3128 2927
3841 1370
3184 2649
2301 3518
3114 3745
3859 1676
1888 3318
3034 1422
1780 3477
1744 2945
2149 1441
3899 1869
3050 3244
2123 1029
2654 2789
2580 1752
3479 3036
2833 2260
3539 3572
2331 1604
2369 2100
2500 3188
2635 2281
3202 3161
3362 2808
1995 3453
3076 3646
3770 2717
2850 3787
2543 3278
1646 3768
2672 3086
3107 1740
3263 1459
2272 3883
3353 1893
1346 1682
2486 1997
2308 2440
3779 3528
2179 3713
2421 2778
3488 3176
2670 2817
1225 1265
3940 2547
2447 1741
3522 2653
2433 3697
3297 3464
1867 2044
3939 1705
3040 1734
2210 2401
986 3358
1267 3127
2450 3203
2066 3973
2306 3880
2657 1801
1923 1108
1958 2299
2919 1774
3458 2396
2358 2657
3761 3469
2745 2149
2611 2133
1067 3729
3119 3590
2989 3207
1459 3285
3265 3667
3688 1821
2974 2897
3186 2495
2778 2533
1993 1414
2425 2368
3917 3899
3010 3852
3452 2948
3311 3534
3003 2451
3692 3300
3609 2056
2796 3525
1496 2444
3233 2534
2334 2896
2795 2019
3303 3668
3054 2901
2314 3181
3058 1847
3984 3238
2821 3368
2212 2280
2498 3892
2356 1983
1097 3310
3108 2193
3955 2832
1804 3876
1981 1970
3979 2313
2236 2973
1490 1880
1839 2618
1883 2654
3893 2454
3385 3230
1704 3485
3739 1810
2129 2971
989 2436
2874 1461
2925 2339
2290 3795
1072 2834
1810 3942
2787 2682
3387 1480
1425 1906
2054 1673
3239 2437
1560 2095
3291 3507
3290 3757
3329 1400
2869 2071
2984 3884
1746 3384
3594 3776
2904 2253
3568 2785
3736 2106
3665 1645
2786 3489
3371 1189
3122 1822
2337 3786
2643 3624
3802 2421
2423 2691
3399 2449
1833 1544
1530 3154
2489 2359
1201 3822
2371 1590
3253 2031
3863 3887
2202 2346
3774 3570
3528 3857
3223 3866
2725 1663
1819 3482
2395 1809
3778 3041
2288 3616
2034 2263
2124 1831
3285 2606
1379 3323
1904 1713
3355 3276
1978 1745
3596 906
3580 1579
1214 3350
3982 3872
3882 2722
3790 3332
2519 3840
1891 1411
3517 3530
3434 3640
1908 2486
2113 2109
2751 1010
3116 3512
2870 2986
3296 2372
2316 513
1999 3886
3254 2694
2922 2801
1415 3031
2624 3839
2692 2043
3783 2457
809 1171
1786 3201
3967 1055
3370 1918
3750 3257
3734 2428
1567 2453
3582 3242
1345 3548
3414 2603
3911 2988
3448 3977
3817 3837
3401 2442
2027 2054
2675 3685
3121 1957
2491 3993
3988 2468
2582 3902
3032 2596
2617 3067
1689 3732
2105 3582
2612 3523
3229 3470
3067 2879
2777 3415
2152 3253
2588 2611
3017 2960
1957 3709
2035 3496
2465 3187
3785 3870
1523 3076
3210 2836
1426 2144
2150 2847
3687 1464
2354 2648
1973 2999
2397 2018
3327 3269
2514 2975
3014 3075
2223 1534
3004 2523
1290 3065
3684 3428
2490 3575
1436 1780
1905 1895
2080 2947
3309 2516
2169 3193
1472 2474
1743 3778
2318 3480
3256 3997
3406 3799
3616 1269
3896 3630
2140 2590
2258 2409
1831 3693
1419 2850
3445 3483
3030 2893
3804 2378
3615 2900
1749 2188
2981 3144
2618 2116
1116 2765
3900 3142
3943 2769
2973 3476
1399 2471
2340 3097
3227 3704
1674 2589
3175 1540
3463 1206
3212 2916
3272 3194
2527 3992
3289 2667
1842 1948
1916 1631
3474 3471
2100 2692
3613 913
1886 3130
2201 1686
2950 2405
3298 1336
3386 3873
2329 2432
1807 2300
1495 1080
2138 3390
3554 3315
3007 2794
2665 1965
2691 2982
3846 2483
2442 2172
1801 3191
2276 3573
2945 3844
3301 2915
1901 1866
2719 1233
3104 2830
3436 2777
1282 3603
1568 2710
2269 1559
2686 1953
2215 3719
3768 2650
1008 2347
3200 1600
3880 2542
3046 3765
3970 2660
2917 2749
1762 3703
2567 2772
1285 3647
3942 1995
1853 3143
2065 1945
2723 2878
1847 1915
2292 2221
2417 2047
3547 1704
1611 2058
3623 3251
2222 2338
3991 3759
2627 1667
3958 3652
2721 1885
3945 3962
3039 997
3405 3192
3427 3110
2190 2369
1936 1350
2873 2208
3786 2335
3536 3006
3978 2828
3170 1535
3424 3610
2575 2233
3567 3302
2890 2671
2427 1623
1947 3263
3742 2797
3788 3337
2452 1519
2641 2607
2638 2155
3720 3699
3632 2758
1298 2725
3180 2073
2592 3196
3035 3935
2550 2890
3776 3466
1619 2143
3541 3100
3347 2077
2978 3566
1269 3015
2872 1477
3652 2862
1954 2966
2186 2623
1844 1390
1724 2780
3718 2020
2958 3379
2233 1495
2411 3793
1939 3343
1835 3259
1437 2157
3537 2756
2651 3959
1360 3058
1663 2899
3267 1952
3858 3670
1800 3205
1123 453
2297 3737
1764 3515
2645 3095
2765 3602
3845 2430
2523 3245
3962 3595
3022 3268
2946 3228
2758 3184
3060 1642
2812 3441
2976 3885
3219 2392
2266 2872
3451 1514
1302 3308
3512 897
2911 3854
1814 2481
1234 3858
2499 2008
2726 2930
2855 2877
3092 3951
2260 1843
3236 3989
2845 2374
3322 2199
2843 2658
1889 1725
2711 3183
2585 1611
3922 1981
2629 1715
1614 2522
3112 1256
3523 3034
2091 1163
3138 2411
3325 2180
3797 2389
1390 1358
2764 2741
2118 3435
1591 1610
3932 2113
1675 1242
2338 3386
2148 3498
1664 1883
2482 2017
1373 1504
2660 2983
3129 1541
3261 2139
3881 2480
821 3287
3697 3810
2749 3131
2322 3049
1263 3928
3771 3875
3607 1941
3862 1731
1865 1030
1576 1784
2246 3296
2076 2883
2848 2814
2662 3157
3314 2815
2037 1800
3635 1144
2206 2882
3644 1650
3664 3051
1035 2565
2090 1643
2518 2278
1809 2356
2300 1860
3538 3280
1597 3325
3938 3004
2953 2135
2391 3059
3441 3356
3504 3333
2673 3597
3558 1842
3351 3419
1960 2024
2357 3003
1874 1747
3686 2585
2875 3927
3723 3913
1869 3754
1650 3681
2636 1695
2458 1317
1249 1711
1934 3120
2082 3357
1311 1919
2530 2201
3740 3739
3100 1594
3238 3336
1466 3907
2153 3273
2263 2127
3680 3771
3024 1360
1526 3231
3931 2980
1112 2174
3496 2434
2921 3185
3394 2337
3646 2932
2480 3551
3157 2720
2892 1764
3915 2550
3668 2328
2649 3346
2323 2911
2943 1888
1668 2846
3304 3433
2820 1436
2564 3445
709 2512
3819 1043
3815 3911
3637 2333
3105 2245
2853 2226
979 2307
2045 2646
955 3293
3154 2994
1976 1793
1380 1984
2885 2651
2955 2402
3505 2556
3729 2212
3883 1889
3283 2464
3587 3905
1997 3397
2610 1253
3711 1448
2107 1829
3098 2779
1938 2845
3586 1804
3410 3980
3842 1766
2302 3438
1367 3979
3928 2086
3696 3475
1711 1933
3693 3062
2829 3901
3125 3690
1864 1815
1821 2354
3382 2775
819 2501
2285 3344
3284 3364
1740 1369
1504 2385
2349 1456
3518 2714
3349 2470
1811 1467
2634 2631
3203 1674
1876 3815
3760 2485
3852 3983
3495 2588
3826 3956
3653 1940
2270 1577
2032 1566
3323 3896
2347 3114
3780 1826
3224 3553
2959 2458
1258 2584
2779 1006
1708 1693
1900 2597
3548 2995
2405 1247
3868 2884
1922 2859
1685 1980
2815 1937
3334 1817
3244 2403
3743 2875
3759 1775
1949 1568
1500 3613
3471 3374
2467 3032
2273 1755
2216 3587
1589 2171
2819 3443
1624 2936
3277 2487
1473 3722
2471 3623
2057 2507
2068 1187
3366 2397
1955 3167
1600 1887
1662 3335
2125 3270
2541 3904
1416 3755
3876 1486
1598 3211
1872 2140
2517 3290
1601 1169
1728 3371
1337 3612
1648 3777
2232 3864
3082 2476
2804 1457
2461 2674
3117 3487
2753 2849
3337 2332
3359 1828
2910 3626
2056 3641
1031 3568
1595 3948
3396 3291
3700 3090
1748 2317
3176 1878
1394 2767
2792 3096
3847 3686
2576 2112
1248 2591
2175 1449
1921 1688
2991 3691
1785 3531
2197 2511
1959 2823
2377 2235
1525 2853
2508 3846
3902 2173
3063 3121
1146 3294
3560 3688
2952 2011
3860 3767
3600 2331
3674 1447
2434 2708
3345 3478
883 3781
3773 2912
1647 2383
1774 3334
2492 3112
1170 2716
2399 3662
2194 3539
1737 3136
2971 2762
3368 1938
2429 1455
2227 3537
3631 2876
3102 1675
2671 2997
1702 3505
3262 1795
3515 3665
3407 2729
3608 3868
2415 1458
3033 2856
3898 3672
3959 1862
3995 3030
3531 2837
1828 1583
3052 2514
3998 2926
3375 1703
2678 3561
1775 2433
1703 2601
1457 2367
2404 2857
2132 2416
2863 3408
2676 2491
2267 3991
3732 2770
1145 2467
2619 3162
2271 2636
2520 2049
1816 3172
3870 3080
2997 3249
3679 3944
3358 1702
3630 2773
2437 2048
3095 3021
2516 2821
3977 3297
3825 3262
1572 2580
2894 3011
2571 2732
1411 2513
3808 2558
3243 2215
3925 1896
1470 2967
2650 3931
3618 3160
1554 3536
2333 3457
2963 2388
487 1987
3598 2194
2929 2473
3751 3388
2574 1832
1985 2040
1338 3272
2128 3235
1754 2914
