x d
-8 0.015957
-7.7667 0.018953
-7.5333 0.021176
-7.3 0.023885
-7.0667 0.028242
-6.8333 0.031416
-6.6 0.036491
-6.3667 0.039919
-6.1333 0.044685
-5.9 0.049495
-5.6667 0.053918
-5.4333 0.059259
-5.2 0.064512
-4.9667 0.069565
-4.7333 0.073878
-4.5 0.076974
-4.2667 0.078611
-4.0333 0.07892
-3.8 0.079517
-3.5667 0.074497
-3.3333 0.071545
-3.1 0.06449
-2.8667 0.056882
-2.6333 0.048588
-2.4 0.041456
-2.1667 0.035452
-1.9333 0.030044
-1.7 0.026782
-1.4667 0.024836
-1.2333 0.02686
-1 0.027302
-0.76667 0.031106
-0.53333 0.032245
-0.3 0.034092
-0.066667 0.036314
0.16667 0.038393
0.4 0.041312
0.63333 0.050435
0.86667 0.063185
1.1 0.084892
1.3333 0.11228
1.5667 0.14029
1.8 0.1709
2.0333 0.19621
2.2667 0.21262
2.5 0.2202
2.7333 0.2127
2.9667 0.20128
3.2 0.18322
3.4333 0.15639
3.6667 0.13534
3.9 0.11168
4.1333 0.090321
4.3667 0.072031
4.6 0.055765
4.8333 0.04338
5.0667 0.031427
5.3 0.023841
5.5333 0.017538
5.7667 0.012219
6 0
