x pile ctrl laml
0 3.1013 3.3752 3.2487
0.025 2.7121 3.2148 3.2487
0.05 3.0501 2.9717 3.2487
0.075 2.5899 2.9834 3.2487
0.1 3.0916 3.6276 3.2487
0.125 3.4762 3.3435 3.2487
0.15 2.8713 3.1472 3.2487
0.175 3.1246 3.4884 3.2487
0.2 3.698 3.2918 3.2487
0.225 3.9759 2.8616 3.2487
0.25 2.7022 3.326 3.2487
0.275 2.9599 3.3303 3.2487
0.3 2.34 3.5865 3.2487
0.325 2.5845 3.0815 3.2487
0.35 3.7333 3.4534 3.2487
0.375 3.0097 3.4456 3.2487
0.4 3.0019 3.3566 3.2487
0.425 3.024 3.2793 3.2487
0.45 3.5451 3.2808 3.2487
0.475 2.7342 3.2414 3.2487
0.5 2.9216 3.3105 3.2487
0.525 3.107 3.4422 3.2512
0.55 2.9622 3.2496 3.2446
0.575 3.3061 3.1072 3.2401
0.6 3.7525 3.172 3.2481
0.625 3.0475 3.189 3.2318
0.65 3.2983 3.1945 3.2233
0.675 3.7568 3.2673 3.2284
0.7 3.2948 2.8882 3.2184
0.725 2.9113 3.3439 3.2199
0.75 3.518 3.7427 3.2235
0.775 3.5573 3.4741 3.22
0.8 3.8613 3.1113 3.2183
0.825 3.2892 2.8833 3.2133
0.85 3.6963 3.1881 3.219
0.875 3.7588 3.1707 3.2089
0.9 2.6534 3.2455 3.1991
0.925 3.2906 3.0035 3.1987
0.95 3.9978 3.0037 3.2008
0.975 3.0611 3.3766 3.2024
1 3.8151 3.1468 3.1904
1.025 3.2863 3.4796 3.1757
1.05 2.8696 2.9432 3.1675
1.075 2.5146 2.7858 3.157
1.1 3.1316 3.3137 3.1533
1.125 2.9163 2.9567 3.1509
1.15 4.0035 2.9955 3.1458
1.175 2.5997 3.3577 3.143
1.2 3.7305 3.0758 3.1472
1.225 3.3144 3.3553 3.1439
1.25 3.7592 3.0073 3.1366
1.275 2.908 3.1835 3.1146
1.3 3.5168 3.2589 3.1008
1.325 3.1057 3.382 3.0912
1.35 3.6889 3.3185 3.0962
1.375 3.9526 3.0371 3.0889
1.4 3.6357 3.0429 3.0939
1.425 3.4669 3.3417 3.0928
1.45 3.7574 3.366 3.0825
1.475 3.6836 3.3438 3.0847
1.5 3.2432 2.7519 3.0723
1.525 2.7288 2.7088 3.0653
1.55 3.3306 3.1058 3.0586
1.575 2.7188 2.8156 3.0711
1.6 3.208 2.9557 3.0671
1.625 4.3904 3.0774 3.051
1.65 4.0782 2.9794 3.0442
1.675 3.3582 3.0798 3.0445
1.7 3.7081 3.436 3.0289
1.725 4.1846 2.7553 3.029
1.75 3.6363 3.0454 3.0024
1.775 3.0693 2.8386 2.9925
1.8 3.1677 2.9084 2.9892
1.825 4.3218 2.7185 2.9859
1.85 4.4231 3.0874 2.9651
1.875 4.4798 2.8902 2.963
1.9 4.3422 3.3738 2.963
1.925 4.4069 3.201 2.963
1.95 4.5666 2.5811 2.963
1.975 4.519 3.094 2.963
2 4.9398 2.8702 2.963
2.025 5.2063 2.8599 2.963
2.05 4.8834 3.2024 2.963
2.075 6.1764 3.4578 2.963
2.1 5.9072 2.6193 2.963
2.125 6.2403 2.6529 2.963
2.15 5.8668 2.6799 2.963
2.175 6.3086 3.0085 2.963
2.2 6.3409 2.7178 2.963
2.225 6.2093 3.0774 2.963
2.25 6.4797 2.2662 2.963
2.275 7.5673 2.6026 2.963
2.3 6.9133 3.0455 2.963
2.325 7.0207 3.1246 2.963
2.35 6.7735 2.5303 2.963
2.375 6.6666 2.4713 2.963
2.4 6.2319 2.6954 2.963
2.425 6.4878 2.6858 2.963
2.45 5.8463 2.6789 2.963
2.475 6.0682 2.5995 2.963
2.5 5.2306 3.4173 2.963
2.525 5.2132 3.0146 2.963
2.55 5.1262 2.577 2.963
2.575 5.2105 2.5937 2.963
2.6 4.4491 2.7591 2.963
2.625 4.7062 2.8781 2.963
2.65 4.6137 3.1582 2.963
2.675 4.5765 3.0522 2.963
2.7 4.2185 2.8083 2.963
2.725 4.1101 2.617 2.963
2.75 3.9132 2.9903 2.963
2.775 3.4285 2.9415 2.963
2.8 3.9323 2.4826 2.963
2.825 3.5391 2.2974 2.963
2.85 3.7216 2.6433 2.963
2.875 4.167 2.776 2.963
2.9 3.8634 2.6516 2.963
2.925 3.6569 2.552 2.963
2.95 3.4635 2.4492 2.963
2.975 3.3271 3.0571 2.963
3 3.0748 2.6421 2.963
3.025 3.5316 2.4283 2.963
3.05 4.0021 2.4076 2.963
3.075 3.6205 2.7676 2.963
3.1 3.1687 2.3958 2.963
3.125 3.8131 3.0217 2.963
3.15 3.141 2.2848 2.963
3.175 3.1644 2.4268 2.963
3.2 3.7834 2.2372 2.963
3.225 3.6562 2.7748 2.963
3.25 3.9956 2.2607 2.963
3.275 3.0465 2.2703 2.963
3.3 3.536 2.7764 2.963
3.325 3.4921 2.8964 2.963
3.35 3.3686 2.4789 2.963
3.375 3.3867 2.98 2.963
3.4 2.743 2.8667 2.963
3.425 3.3788 2.1655 2.963
3.45 3.0291 2.8087 2.963
3.475 3.4012 3.0293 2.963
3.5 3.0157 2.692 2.963
3.525 3.6169 2.4368 2.963
3.55 3.4245 2.5973 2.963
3.575 3.2774 2.4643 2.963
3.6 3.3148 2.7375 2.963
3.625 3.0641 2.9514 2.963
3.65 3.6639 2.7614 2.963
3.675 3.4366 2.7824 2.963
3.7 3.296 3.1946 2.963
3.725 3.244 2.7308 2.963
3.75 3.233 3.0426 2.963
3.775 3.2897 2.4424 2.963
3.8 3.0769 2.5663 2.963
3.825 2.7406 2.9243 2.963
3.85 2.5135 3.0647 2.963
3.875 2.6891 3.0157 2.963
3.9 3.4924 2.9749 2.963
3.925 2.8994 2.8201 2.963
3.95 3.3674 2.9516 2.963
3.975 3.6417 3.0251 2.963
4 3.2156 2.7367 2.963
4.025 3.0595 2.2979 2.963
4.05 3.0986 2.5525 2.963
4.075 3.4504 3.2773 2.963
4.1 2.8555 2.7705 2.963
4.125 3.3163 2.7184 2.963
4.15 3.8257 2.5988 2.963
4.175 3.3464 2.8456 2.963
4.2 3.2859 2.6593 2.963
4.225 3.22 3.0495 2.963
4.25 2.9999 2.9347 2.963
4.275 2.5937 2.3434 2.963
4.3 3.3229 2.6486 2.963
4.325 3.3339 2.8012 2.963
4.35 2.5121 2.6851 2.963
4.375 3.0575 2.7906 2.963
4.4 3.4498 2.933 2.963
4.425 3.3015 2.7608 2.963
4.45 3.2478 2.5874 2.963
4.475 2.7215 2.9091 2.963
4.5 2.6593 2.7706 2.963
4.525 2.9819 2.6988 2.963
4.55 3.3643 2.7192 2.963
4.575 2.76 3.3415 2.963
4.6 3.5689 2.9332 2.963
4.625 2.5694 2.6989 2.963
4.65 2.7617 2.8235 2.963
4.675 3.3825 2.7471 2.963
4.7 2.5106 2.7795 2.963
4.725 3.3027 2.7995 2.963
4.75 3.3534 3.0999 2.963
4.775 3.4912 2.919 2.963
4.8 3.5079 2.7878 2.963
4.825 3.7411 3.2472 2.963
4.85 3.7608 3.0399 2.9648
4.875 4.6275 2.9929 2.979
4.9 5.1998 3.0385 2.9929
4.925 5.6944 2.9668 3.0037
4.95 6.7588 3.1803 3.0112
4.975 8.5916 2.8369 3.0211
5 9.4519 2.8291 3.0271
5.025 10.702 3.1147 3.0375
5.05 12.35 2.7286 3.053
5.075 13.144 2.8053 3.0637
5.1 15.245 3.1191 3.0506
5.125 16.445 3.5699 3.0672
5.15 17.652 3.0644 3.0841
5.175 17.425 3.186 3.086
5.2 17.993 2.8088 3.1082
5.225 17.289 2.9757 3.1115
5.25 16.682 3.6174 3.1113
5.275 15.872 3.1539 3.1066
5.3 15.03 3.1821 3.1224
5.325 13.515 2.9558 3.1343
5.35 12.317 3.3595 3.131
5.375 10.569 3.268 3.1346
5.4 9.109 3.359 3.1469
5.425 8.4179 3.3771 3.1481
5.45 6.5422 3.0679 3.1574
5.475 5.8507 2.9939 3.1593
5.5 5.57 3.1551 3.1696
5.525 4.5013 3.1974 3.1848
5.55 3.9953 3.333 3.1885
5.575 3.3304 3.1594 3.2047
5.6 2.8919 2.8012 3.2157
5.625 3.2482 3.6146 3.2113
5.65 2.7059 3.3933 3.2004
5.675 2.6672 2.9023 3.2078
5.7 2.7944 3.6548 3.2249
5.725 2.2129 2.9171 3.2335
5.75 2.5091 2.7894 3.247
5.775 1.2789 2.9086 3.2342
5.8 2.928 3.5658 3.2401
5.825 2.7876 3.275 3.2489
5.85 1.8976 3.1124 3.2575
5.875 2.4987 3.186 3.2563
5.9 2.4335 3.4969 3.2539
5.925 1.8959 3.0913 3.2536
5.95 2.2332 3.3474 3.2531
5.975 2.0853 3.2578 3.2631
6 2.0777 3.2569 3.2694
6.025 2.2017 3.4539 3.2693
6.05 2.5028 3.2666 3.2692
6.075 2.0636 3.3921 3.2666
6.1 2.1105 3.2575 3.2719
6.125 2.0604 2.9386 3.2891
6.15 1.7806 3.1233 3.2742
6.175 2.329 3.3663 3.2761
6.2 2.9129 3.8887 3.2854
6.225 2.6617 3.1623 3.2696
6.25 1.8909 3.5282 3.2737
6.275 2.4162 3.0897 3.2771
6.3 2.0199 3.3982 3.2766
6.325 2.6458 3.5408 3.2653
6.35 1.6822 3.3084 3.2647
6.375 2.7567 3.3106 3.2648
6.4 1.7755 3.1716 3.268
6.425 2.521 3.3468 3.2631
6.45 2.7863 3.3559 3.2678
6.475 2.367 3.4788 3.2657
6.5 2.852 3.2518 3.2652
6.525 2.263 3.1526 3.2512
6.55 2.9042 3.1931 3.2448
6.575 2.1647 3.2234 3.2304
6.6 2.3419 3.3769 3.23
6.625 2.5496 3.5061 3.222
6.65 3.2002 3.0038 3.2229
6.675 2.1219 3.4724 3.2168
6.7 2.0794 3.2823 3.2132
6.725 2.8072 3.0085 3.1878
6.75 2.4172 3.0862 3.1838
6.775 2.1293 2.9269 3.167
6.8 2.3072 2.8884 3.1664
6.825 2.6877 3.1044 3.1513
6.85 2.1159 3.2495 3.1407
6.875 2.0821 3.1163 3.1326
6.9 2.5515 3.3181 3.1205
6.925 2.6154 3.2939 3.1152
6.95 2.206 3.2837 3.1027
6.975 2.3526 3.2629 3.0869
7 2.8282 3.2382 3.0717
7.025 1.9878 2.68 3.0501
7.05 2.0741 3.1932 3.0439
7.075 2.9077 2.6741 3.0397
7.1 2.7427 3.3769 3.0273
7.125 3.0373 2.9293 3.0171
7.15 2.5831 2.9782 3.0069
7.175 2.5242 2.8717 2.9982
7.2 2.6492 3.2194 2.993
7.225 1.9438 2.846 2.9791
7.25 2.1119 2.9997 2.9794
7.275 2.6878 2.8373 2.9748
7.3 2.705 3.066 2.9795
7.325 2.7846 2.7796 2.9762
7.35 2.714 3.1068 2.9697
7.375 2.5612 2.9767 2.965
7.4 2.1189 2.8111 2.9662
7.425 2.6895 2.9571 2.963
7.45 2.6106 2.8349 2.963
7.475 1.9823 2.7075 2.963
7.5 2.8006 2.8542 2.963
7.525 2.6337 2.3684 2.963
7.55 2.7648 2.8966 2.963
7.575 2.2408 3.022 2.963
7.6 2.3732 2.715 2.963
7.625 3.5439 2.9567 2.963
7.65 2.3996 3.0874 2.963
7.675 2.4774 2.6468 2.963
7.7 2.8902 3.259 2.963
7.725 1.8317 2.7156 2.963
7.75 2.6527 3.0175 2.963
7.775 2.8191 2.8981 2.963
7.8 2.9075 3.1199 2.963
7.825 2.8411 2.7533 2.963
7.85 2.1046 2.8375 2.963
7.875 2.7148 3.0571 2.963
7.9 2.8153 3.1653 2.963
7.925 1.8523 2.9258 2.963
7.95 2.8161 3.0332 2.963
7.975 2.5093 2.4847 2.963
8 2.7388 2.5741 2.963
8.025 2.7179 2.7664 2.963
8.05 2.6552 2.8636 2.963
8.075 2.8899 2.9043 2.963
8.1 2.8498 3.0895 2.963
8.125 3.0701 2.7848 2.963
8.15 2.8812 2.9108 2.963
8.175 2.4647 2.8849 2.963
8.2 3.3195 2.5753 2.963
8.225 2.8337 2.3101 2.963
8.25 2.2396 2.7053 2.963
8.275 2.9688 2.6734 2.963
8.3 2.9159 3.0274 2.963
8.325 3.1052 2.8131 2.963
8.35 3.2954 2.9012 2.963
8.375 2.9107 2.6335 2.963
8.4 2.568 2.5954 2.963
8.425 3.1925 2.8257 2.963
8.45 2.688 3.0309 2.963
8.475 2.8068 2.3964 2.963
8.5 3.07 2.6389 2.963
8.525 2.7179 2.3739 2.963
8.55 2.7141 2.443 2.963
8.575 3.3939 2.8336 2.963
8.6 2.9588 2.7578 2.963
8.625 3.0933 2.5517 2.963
8.65 2.849 2.6622 2.963
8.675 2.9184 2.9745 2.963
8.7 2.7688 2.4478 2.963
8.725 3.0279 2.8664 2.963
8.75 2.9232 2.6574 2.963
8.775 2.949 2.1063 2.963
8.8 2.8016 2.8456 2.963
8.825 3.8961 3.0908 2.963
8.85 3.3813 2.5306 2.963
8.875 2.7763 2.569 2.963
8.9 2.5354 2.4638 2.963
8.925 3.321 2.6772 2.963
8.95 3.0502 2.6753 2.963
8.975 2.8467 2.9325 2.963
9 3.2454 2.7985 2.963
9.025 2.8284 2.6645 2.963
9.05 3.6712 2.5898 2.963
9.075 3.0913 2.9063 2.963
9.1 2.7204 2.5836 2.963
9.125 2.5509 2.5981 2.963
9.15 3.7149 2.8327 2.963
9.175 2.9516 2.8749 2.963
9.2 3.0272 2.528 2.963
9.225 3.2442 2.5623 2.963
9.25 2.8691 3.2277 2.963
9.275 2.732 2.321 2.963
9.3 2.9296 2.754 2.963
9.325 3.2861 2.5958 2.963
9.35 3.2065 3.1137 2.963
9.375 2.9175 2.5893 2.963
9.4 3.0944 2.5718 2.963
9.425 3.7586 2.6953 2.963
9.45 3.6088 2.5328 2.963
9.475 3.127 2.9677 2.963
9.5 3.3596 2.9309 2.963
9.525 3.2513 2.8496 2.963
9.55 3.4488 2.902 2.963
9.575 4.0276 2.5776 2.963
9.6 3.1349 2.6383 2.963
9.625 3.4895 2.9228 2.963
9.65 3.3706 2.6439 2.963
9.675 3.4481 2.6698 2.963
9.7 3.3304 2.4575 2.963
9.725 3.0412 2.6596 2.963
9.75 3.143 2.6745 2.963
9.775 2.6431 2.7763 2.963
9.8 2.9877 2.8125 2.963
9.825 3.241 2.65 2.963
9.85 3.6644 2.9499 2.963
9.875 3.6891 2.8132 2.963
9.9 3.396 2.8962 2.963
9.925 3.196 2.8183 2.963
9.95 3.0195 2.6801 2.963
9.975 2.87 2.8698 2.963
10 3.4653 2.7801 2.963
