x e
-2000 0.92602
-1990 1.0144
-1980 1.0535
-1970 1.0708
-1960 1.0118
-1950 0.95655
-1940 0.96625
-1930 1.0342
-1920 0.97425
-1910 0.94529
-1900 1.0266
-1890 1.0267
-1880 0.98535
-1870 0.97727
-1860 0.99036
-1850 1.0092
-1840 1.0061
-1830 1.0488
-1820 0.96568
-1810 1.0152
-1800 0.93037
-1790 0.93657
-1780 0.99696
-1770 0.99567
-1760 0.94265
-1750 0.96691
-1740 0.98586
-1730 1.0265
-1720 0.98185
-1710 0.95212
-1700 1.0054
-1690 1.0134
-1680 0.94904
-1670 0.91843
-1660 1.0215
-1650 0.97566
-1640 0.9221
-1630 1.0053
-1620 0.97252
-1610 0.95923
-1600 1.0131
-1590 0.96364
-1580 0.97062
-1570 1.0449
-1560 1.0029
-1550 1.0091
-1540 0.95707
-1530 0.92557
-1520 0.97705
-1510 0.98936
-1500 0.8908
-1490 0.97446
-1480 0.99845
-1470 0.94194
-1460 0.98693
-1450 0.98103
-1440 1.0759
-1430 1.0289
-1420 0.94392
-1410 1.0369
-1400 0.98444
-1390 0.99806
-1380 0.95993
-1370 0.99308
-1360 1.0325
-1350 1.0412
-1340 0.92309
-1330 0.99537
-1320 0.96018
-1310 1.0294
-1300 1.0375
-1290 1.0135
-1280 1.0082
-1270 0.9605
-1260 0.99385
-1250 0.99109
-1240 0.95476
-1230 1.037
-1220 0.95743
-1210 1.0202
-1200 1.0002
-1190 0.98044
-1180 0.98146
-1170 1.0189
-1160 0.89083
-1150 1.0536
-1140 0.99783
-1130 1.0281
-1120 0.94735
-1110 0.93602
-1100 0.95253
-1090 1.0308
-1080 0.94398
-1070 1.0193
-1060 0.94895
-1050 0.98738
-1040 0.9187
-1030 0.9926
-1020 0.96413
-1010 0.97705
-1000 0.99674
-990 0.92801
-980 0.96676
-970 0.91262
-960 0.97677
-950 0.99764
-940 1.076
-930 0.99746
-920 0.97441
-910 1.0046
-900 0.89323
-890 1.0059
-880 1.0448
-870 0.97662
-860 0.87463
-850 0.99953
-840 0.99345
-830 0.99441
-820 1.0615
-810 0.98994
-800 0.95594
-790 1.0065
-780 0.93416
-770 1.0133
-760 0.98468
-750 1.0381
-740 0.99856
-730 0.97047
-720 0.94021
-710 0.93739
-700 1.0052
-690 1.0337
-680 1.0112
-670 1.0292
-660 0.99981
-650 0.99237
-640 1.0067
-630 0.93665
-620 1.0408
-610 0.97372
-600 1.0494
-590 0.96929
-580 1.0478
-570 0.9858
-560 1.0146
-550 1.0191
-540 1.0291
-530 0.94435
-520 1.0005
-510 0.99805
-500 0.98137
-490 0.99359
-480 0.96865
-470 0.98903
-460 0.99442
-450 0.99845
-440 1.0199
-430 1.0339
-420 0.99579
-410 0.96547
-400 0.99474
-390 1.0318
-380 1.0279
-370 0.97458
-360 1.006
-350 0.97868
-340 0.99453
-330 0.98529
-320 0.99909
-310 1.0217
-300 0.97468
-290 1.0698
-280 1.0515
-270 1.1122
-260 1.0649
-250 1.1065
-240 1.2908
-230 1.2737
-220 1.3414
-210 1.43
-200 1.6379
-190 1.8763
-180 2.0988
-170 2.3223
-160 2.4307
-150 2.9597
-140 3.2907
-130 3.6331
-120 4.2065
-110 4.3228
-100 4.8811
-90 5.845
-80 5.65
-70 6.3995
-60 7.1149
-50 7.3797
-40 8.085
-30 8.2926
-20 8.3455
-10 8.2008
0 8.3141
10 8.1425
20 7.8718
30 7.6244
40 7.5376
50 7.5635
60 6.7003
70 6.0697
80 5.841
90 5.232
100 5.1165
110 4.1318
120 3.573
130 2.9904
140 2.788
150 2.1575
160 1.7909
170 1.4703
180 1.2836
190 1.0196
200 0.96346
210 0.8917
220 0.91986
230 0.87622
240 0.96081
250 1.0842
260 1.0953
270 1.2623
280 1.2409
290 1.455
300 1.4368
310 1.6262
320 1.5575
330 1.4728
340 1.5914
350 1.533
360 1.4774
370 1.4515
380 1.3795
390 1.2326
400 1.2835
410 1.2034
420 1.1382
430 1.154
440 1.0783
450 1.012
460 1.0647
470 1.0456
480 1.0015
490 0.98448
500 0.97003
510 1.0598
520 0.9897
530 0.99035
540 1.0439
550 0.95833
560 1.0478
570 1.0349
580 0.9267
590 0.84226
600 1.0349
610 0.98062
620 0.99849
630 1.0048
640 0.98715
650 1.002
660 1.0338
670 0.97609
680 0.98561
690 1.0302
700 0.8999
710 0.98849
720 1.0323
730 0.98256
740 1.0282
750 1.0002
760 0.99139
770 0.93592
780 1.0587
790 0.93421
800 1.0269
810 1.003
820 0.9247
830 0.97097
840 1.0036
850 0.98502
860 1.027
870 0.9706
880 0.93047
890 1.002
900 1.0313
910 0.96097
920 1.0702
930 0.90717
940 1.0439
950 0.9758
960 1.0452
970 0.99598
980 0.98663
990 0.96843
1000 0.96339
1010 1.0135
1020 0.97266
1030 0.98723
1040 1.0188
1050 1.0442
1060 0.98747
1070 0.96472
1080 0.92939
1090 1.0133
1100 1.0782
1110 1.0151
1120 0.95182
1130 0.96814
1140 0.90783
1150 0.944
1160 1.0423
1170 0.97832
1180 1.0234
1190 1.056
1200 0.97236
1210 1.0126
1220 1.0212
1230 0.99721
1240 0.92458
1250 1.0646
1260 1.0026
1270 1.0249
1280 0.98287
1290 0.99454
1300 1.025
1310 0.99459
1320 0.862
1330 0.9479
1340 0.98803
1350 0.98191
1360 1.0152
1370 0.96714
1380 0.97704
1390 1.0061
1400 1.0067
1410 0.97516
1420 0.94324
1430 1.0245
1440 0.92709
1450 1.0054
1460 0.95564
1470 0.92467
1480 0.91786
1490 0.89627
1500 0.98517
1510 0.97373
1520 0.97456
1530 1.0236
1540 0.99405
1550 0.95034
1560 1.035
1570 0.96592
1580 0.96542
1590 1.0405
1600 1.0073
1610 1.0583
1620 0.99979
1630 1.0044
1640 1.0329
1650 0.95212
1660 0.9612
1670 0.94354
1680 1.0353
1690 1.0153
1700 1.0326
1710 0.96604
1720 0.94811
1730 0.93439
1740 1.1173
1750 1.0135
1760 0.99632
1770 0.98879
1780 0.9316
1790 1.0176
1800 0.97898
1810 0.98512
1820 0.97462
1830 0.96818
1840 0.96841
1850 1.0156
1860 0.9696
1870 0.98907
1880 1.0015
1890 0.95937
1900 1.0304
1910 0.99328
1920 1.0698
1930 1.0749
1940 1.0295
1950 0.96566
1960 0.9845
1970 0.95235
1980 0.98806
1990 0.9752
2000 1.0136
