s bueno pobre
0 3.5266 4.1112
4 3.6923 4.2424
8 3.5668 4.3976
12 3.6949 4.5709
16 3.928 4.5593
20 4.0684 4.777
24 4.345 4.7948
28 4.3674 5.0932
32 4.5361 5.3583
36 4.5316 5.2209
40 4.3826 5.2286
44 4.2251 5.0314
48 4.0888 4.8353
52 4.0002 4.743
56 3.8575 4.6059
60 3.6155 4.3095
64 3.503 4.3025
68 3.4334 4.26
72 3.3585 4.1253
76 3.3544 4.0713
80 3.3116 4.0929
84 3.2189 3.8045
88 3.1079 3.7505
92 3.0647 3.7273
96 3.0349 3.6973
100 3.0923 3.4645
104 2.8513 3.7139
108 3.0026 3.5421
112 3.0416 3.4398
116 2.991 3.4591
120 3.1739 3.4464
124 3.2272 3.3449
128 3.4051 3.3294
132 3.531 3.3703
136 3.8289 3.2615
140 4.0151 3.3109
144 4.2873 3.1951
148 4.5968 3.3256
152 4.8701 3.2854
156 5.1844 3.4271
160 5.4499 3.3506
164 5.7235 3.2529
168 5.7749 3.3861
172 6.0144 3.3992
176 6.2236 3.2097
180 6.1879 3.2348
184 5.9871 3.349
188 5.9041 3.2471
192 5.7551 3.307
196 5.3269 3.2228
200 5.1377 3.2525
204 4.7702 3.2093
208 4.3799 3.1483
212 4.0724 2.9973
216 3.9469 3.1675
220 3.5469 3.1587
224 3.2181 3.1131
228 3.1016 3.1903
232 2.877 2.9545
236 2.7597 3.1035
240 2.6733 3.0379
244 2.6074 3.0785
248 2.4849 3.0495
252 2.4175 3.0317
256 2.4797 3.0086
260 2.442 3.1263
264 2.4465 3.0403
268 2.3996 2.953
272 2.4402 2.9481
276 2.3478 2.8685
280 2.4939 2.9855
284 2.3964 3.0191
288 2.4731 3.0585
292 2.4533 2.8667
296 2.3386 3.0694
300 2.4105 2.9763
304 2.3613 3.0868
308 2.39 3.0864
312 2.3821 3.0285
316 2.4227 3.1525
320 2.3264 3.0594
324 2.4944 3.0417
328 2.354 2.9548
332 2.4069 3.0077
336 2.3097 2.9105
340 2.3651 2.9885
344 2.3487 2.9117
348 2.5011 2.9133
352 2.5134 2.9519
356 2.4374 2.9913
360 2.3882 3.0473
364 2.4374 3.0057
368 2.5305 2.9806
372 2.4359 3.0419
376 2.3064 3.0952
380 2.341 2.8887
384 2.3351 2.8636
388 2.3164 2.9076
392 2.3805 2.8817
396 2.3865 3.0751
400 2.3113 2.9636
