r a025 a05 a1 a4
0.0050 4.00000 4.00000 0.99501 0.00001
0.0201 3.64198 2.78931 0.98015 0.00032
0.0351 2.38401 2.09234 0.96551 0.00160
0.0502 1.81740 1.73733 0.95109 0.00440
0.0652 1.48708 1.51225 0.93688 0.00911
0.0803 1.26780 1.35288 0.92288 0.01600
0.0953 1.11028 1.23216 0.90910 0.02523
0.1104 0.99092 1.13647 0.89552 0.03687
0.1254 0.89693 1.05810 0.88214 0.05095
0.1405 0.82074 0.99231 0.86897 0.06740
0.1555 0.75756 0.93600 0.85598 0.08613
0.1706 0.70419 0.88704 0.84320 0.10700
0.1856 0.65844 0.84395 0.83060 0.12984
0.2007 0.61870 0.80559 0.81820 0.15447
0.2157 0.58384 0.77116 0.80597 0.18069
0.2308 0.55295 0.73999 0.79393 0.20829
0.2458 0.52538 0.71161 0.78208 0.23706
0.2609 0.50059 0.68559 0.77039 0.26677
0.2759 0.47817 0.66164 0.75889 0.29721
0.2910 0.45777 0.63947 0.74755 0.32819
0.3060 0.43912 0.61887 0.73638 0.35949
0.3211 0.42200 0.59966 0.72538 0.39093
0.3361 0.40621 0.58168 0.71455 0.42232
0.3512 0.39161 0.56482 0.70387 0.45349
0.3662 0.37805 0.54894 0.69336 0.48428
0.3813 0.36542 0.53397 0.68300 0.51455
0.3963 0.35363 0.51980 0.67280 0.54416
0.4114 0.34259 0.50638 0.66275 0.57299
0.4264 0.33223 0.49363 0.65285 0.60092
0.4415 0.32248 0.48151 0.64310 0.62786
0.4565 0.31329 0.46996 0.63349 0.65373
0.4716 0.30462 0.45893 0.62403 0.67844
0.4866 0.29641 0.44839 0.61471 0.70194
0.5017 0.28862 0.43830 0.60553 0.72417
0.5167 0.28123 0.42863 0.59648 0.74509
0.5318 0.27421 0.41936 0.58757 0.76467
0.5468 0.26752 0.41044 0.57879 0.78287
0.5619 0.26114 0.40187 0.57015 0.79969
0.5769 0.25506 0.39362 0.56163 0.81511
0.5920 0.24924 0.38568 0.55324 0.82914
0.6070 0.24367 0.37801 0.54498 0.84177
0.6221 0.23834 0.37061 0.53684 0.85302
0.6371 0.23322 0.36346 0.52882 0.86290
0.6522 0.22831 0.35655 0.52092 0.87143
0.6672 0.22360 0.34986 0.51314 0.87865
0.6823 0.21906 0.34339 0.50547 0.88457
0.6973 0.21470 0.33711 0.49792 0.88923
0.7124 0.21049 0.33103 0.49048 0.89267
0.7274 0.20644 0.32514 0.48316 0.89492
0.7425 0.20253 0.31941 0.47594 0.89603
0.7575 0.19875 0.31385 0.46883 0.89603
0.7726 0.19511 0.30845 0.46183 0.89498
0.7876 0.19158 0.30320 0.45493 0.89290
0.8027 0.18817 0.29809 0.44813 0.88986
0.8177 0.18487 0.29312 0.44144 0.88589
0.8328 0.18168 0.28828 0.43485 0.88104
0.8478 0.17858 0.28357 0.42835 0.87536
0.8629 0.17558 0.27898 0.42195 0.86890
0.8779 0.17266 0.27450 0.41565 0.86169
0.8930 0.16983 0.27014 0.40944 0.85379
0.9080 0.16709 0.26588 0.40332 0.84525
0.9231 0.16442 0.26173 0.39730 0.83610
0.9381 0.16183 0.25768 0.39136 0.82639
0.9532 0.15931 0.25372 0.38552 0.81616
0.9682 0.15686 0.24985 0.37976 0.80546
0.9833 0.15447 0.24607 0.37409 0.79432
0.9983 0.15215 0.24238 0.36850 0.78278
1.0134 0.14988 0.23877 0.36299 0.77089
1.0284 0.14768 0.23524 0.35757 0.75867
1.0435 0.14553 0.23178 0.35223 0.74617
1.0585 0.14343 0.22841 0.34697 0.73341
1.0736 0.14139 0.22510 0.34179 0.72044
1.0886 0.13940 0.22186 0.33668 0.70728
1.1037 0.13745 0.21869 0.33165 0.69396
1.1187 0.13555 0.21559 0.32670 0.68052
1.1338 0.13369 0.21255 0.32182 0.66697
1.1488 0.13188 0.20957 0.31701 0.65334
1.1639 0.13011 0.20665 0.31228 0.63967
1.1789 0.12838 0.20378 0.30761 0.62596
1.1940 0.12669 0.20098 0.30302 0.61225
1.2090 0.12503 0.19822 0.29849 0.59856
1.2241 0.12341 0.19553 0.29403 0.58490
1.2391 0.12182 0.19288 0.28964 0.57129
1.2542 0.12027 0.19028 0.28531 0.55775
1.2692 0.11875 0.18773 0.28105 0.54430
1.2843 0.11727 0.18523 0.27685 0.53095
1.2993 0.11581 0.18277 0.27272 0.51771
1.3144 0.11438 0.18036 0.26864 0.50460
1.3294 0.11298 0.17799 0.26463 0.49163
1.3445 0.11161 0.17567 0.26068 0.47880
1.3595 0.11027 0.17338 0.25678 0.46614
1.3746 0.10895 0.17114 0.25295 0.45364
1.3896 0.10766 0.16893 0.24917 0.44132
1.4047 0.10639 0.16676 0.24545 0.42919
1.4197 0.10515 0.16463 0.24178 0.41724
1.4348 0.10393 0.16254 0.23817 0.40549
1.4498 0.10273 0.16048 0.23461 0.39394
1.4649 0.10156 0.15846 0.23111 0.38260
1.4799 0.10040 0.15647 0.22765 0.37146
1.4950 0.09927 0.15451 0.22425 0.36054
1.5100 0.09816 0.15259 0.22090 0.34983
1.5251 0.09706 0.15069 0.21760 0.33934
1.5401 0.09599 0.14883 0.21435 0.32907
1.5552 0.09493 0.14700 0.21115 0.31901
1.5702 0.09390 0.14520 0.20800 0.30918
1.5853 0.09288 0.14342 0.20489 0.29957
1.6003 0.09187 0.14168 0.20183 0.29018
1.6154 0.09089 0.13996 0.19882 0.28100
1.6304 0.08992 0.13827 0.19585 0.27205
1.6455 0.08897 0.13660 0.19292 0.26332
1.6605 0.08803 0.13496 0.19004 0.25480
1.6756 0.08711 0.13335 0.18720 0.24649
1.6906 0.08620 0.13176 0.18440 0.23840
1.7057 0.08531 0.13019 0.18165 0.23052
1.7207 0.08443 0.12865 0.17894 0.22285
1.7358 0.08356 0.12713 0.17626 0.21538
1.7508 0.08271 0.12563 0.17363 0.20812
1.7659 0.08188 0.12416 0.17104 0.20106
1.7809 0.08105 0.12271 0.16848 0.19419
1.7960 0.08024 0.12127 0.16596 0.18752
1.8110 0.07944 0.11986 0.16349 0.18104
1.8261 0.07865 0.11847 0.16104 0.17475
1.8411 0.07787 0.11710 0.15864 0.16864
1.8562 0.07711 0.11575 0.15627 0.16272
1.8712 0.07636 0.11442 0.15393 0.15697
1.8863 0.07561 0.11311 0.15163 0.15139
1.9013 0.07488 0.11182 0.14937 0.14599
1.9164 0.07416 0.11054 0.14714 0.14075
1.9314 0.07345 0.10929 0.14494 0.13567
1.9465 0.07275 0.10805 0.14278 0.13075
1.9615 0.07206 0.10682 0.14064 0.12599
1.9766 0.07138 0.10562 0.13854 0.12138
1.9916 0.07071 0.10443 0.13647 0.11692
2.0067 0.07004 0.10326 0.13443 0.11261
2.0217 0.06939 0.10210 0.13243 0.10843
2.0368 0.06875 0.10096 0.13045 0.10439
2.0518 0.06811 0.09984 0.12850 0.10049
2.0669 0.06749 0.09873 0.12658 0.09671
2.0819 0.06687 0.09763 0.12469 0.09307
2.0970 0.06626 0.09655 0.12283 0.08954
2.1120 0.06565 0.09549 0.12099 0.08614
2.1271 0.06506 0.09443 0.11918 0.08285
2.1421 0.06447 0.09340 0.11740 0.07968
2.1572 0.06390 0.09237 0.11565 0.07662
2.1722 0.06333 0.09136 0.11392 0.07366
2.1873 0.06276 0.09036 0.11222 0.07081
2.2023 0.06221 0.08938 0.11054 0.06806
2.2174 0.06166 0.08841 0.10889 0.06541
2.2324 0.06111 0.08745 0.10727 0.06285
2.2475 0.06058 0.08650 0.10566 0.06038
2.2625 0.06005 0.08557 0.10409 0.05800
2.2776 0.05953 0.08464 0.10253 0.05571
2.2926 0.05901 0.08373 0.10100 0.05350
2.3077 0.05850 0.08283 0.09949 0.05138
2.3227 0.05800 0.08195 0.09800 0.04933
2.3378 0.05750 0.08107 0.09654 0.04735
2.3528 0.05701 0.08020 0.09510 0.04545
2.3679 0.05653 0.07935 0.09368 0.04362
2.3829 0.05605 0.07851 0.09228 0.04186
2.3980 0.05557 0.07767 0.09090 0.04017
2.4130 0.05510 0.07685 0.08954 0.03854
2.4281 0.05464 0.07604 0.08821 0.03697
2.4431 0.05419 0.07523 0.08689 0.03546
2.4582 0.05373 0.07444 0.08559 0.03401
2.4732 0.05329 0.07366 0.08431 0.03262
2.4883 0.05285 0.07288 0.08305 0.03127
2.5033 0.05241 0.07212 0.08181 0.02998
2.5184 0.05198 0.07137 0.08059 0.02875
2.5334 0.05155 0.07062 0.07939 0.02755
2.5485 0.05113 0.06988 0.07820 0.02641
2.5635 0.05072 0.06915 0.07703 0.02531
2.5786 0.05030 0.06844 0.07588 0.02425
2.5936 0.04990 0.06773 0.07475 0.02324
2.6087 0.04949 0.06702 0.07363 0.02226
2.6237 0.04910 0.06633 0.07253 0.02133
2.6388 0.04870 0.06564 0.07145 0.02043
2.6538 0.04831 0.06497 0.07038 0.01957
2.6689 0.04793 0.06430 0.06933 0.01874
2.6839 0.04755 0.06364 0.06829 0.01794
2.6990 0.04717 0.06298 0.06727 0.01718
2.7140 0.04680 0.06234 0.06627 0.01645
2.7291 0.04643 0.06170 0.06528 0.01575
2.7441 0.04606 0.06107 0.06430 0.01507
2.7592 0.04570 0.06045 0.06334 0.01443
2.7742 0.04535 0.05983 0.06240 0.01381
2.7893 0.04499 0.05922 0.06146 0.01322
2.8043 0.04464 0.05862 0.06055 0.01265
2.8194 0.04430 0.05802 0.05964 0.01210
2.8344 0.04395 0.05744 0.05875 0.01158
2.8495 0.04362 0.05685 0.05787 0.01107
2.8645 0.04328 0.05628 0.05701 0.01059
2.8796 0.04295 0.05571 0.05616 0.01013
2.8946 0.04262 0.05515 0.05532 0.00969
2.9097 0.04230 0.05460 0.05449 0.00927
2.9247 0.04197 0.05405 0.05368 0.00886
2.9398 0.04166 0.05350 0.05288 0.00847
2.9548 0.04134 0.05297 0.05209 0.00810
2.9699 0.04103 0.05244 0.05131 0.00775
2.9849 0.04072 0.05191 0.05054 0.00740
3.0000 0.04041 0.05139 0.04979 0.00708
