d pjc pk80 ptr ptv pjcg
0.0000 0.00000 0.00000 0.00000 0.00000 0.00000
0.0250 0.02459 0.02447 0.02032 0.00415 0.02382
0.0500 0.04837 0.04793 0.03966 0.00826 0.04550
0.0750 0.07137 0.07041 0.05806 0.01235 0.06535
0.1000 0.09362 0.09195 0.07556 0.01639 0.08361
0.1250 0.11514 0.11260 0.09220 0.02041 0.10048
0.1500 0.13595 0.13241 0.10802 0.02439 0.11613
0.1750 0.15608 0.15139 0.12306 0.02833 0.13071
0.2000 0.17555 0.16960 0.13736 0.03225 0.14432
0.2250 0.19439 0.18707 0.15094 0.03613 0.15707
0.2500 0.21260 0.20382 0.16384 0.03998 0.16905
0.2750 0.23022 0.21989 0.17610 0.04380 0.18033
0.3000 0.24726 0.23532 0.18773 0.04758 0.19098
0.3250 0.26374 0.25012 0.19878 0.05134 0.20106
0.3500 0.27968 0.26432 0.20926 0.05506 0.21060
0.3750 0.29510 0.27796 0.21921 0.05875 0.21967
0.4000 0.31002 0.29105 0.22864 0.06241 0.22829
0.4250 0.32444 0.30363 0.23758 0.06604 0.23651
0.4500 0.33839 0.31571 0.24606 0.06965 0.24435
0.4750 0.35189 0.32731 0.25409 0.07322 0.25184
0.5000 0.36494 0.33845 0.26170 0.07676 0.25901
0.5250 0.37756 0.34917 0.26890 0.08027 0.26588
0.5500 0.38977 0.35946 0.27571 0.08375 0.27246
0.5750 0.40158 0.36936 0.28215 0.08721 0.27879
0.6000 0.41300 0.37888 0.28825 0.09063 0.28487
0.6250 0.42405 0.38804 0.29400 0.09403 0.29072
0.6500 0.43474 0.39684 0.29944 0.09740 0.29636
0.6750 0.44507 0.40532 0.30457 0.10074 0.30179
0.7000 0.45507 0.41347 0.30942 0.10406 0.30703
0.7250 0.46474 0.42132 0.31398 0.10734 0.31209
0.7500 0.47409 0.42888 0.31828 0.11060 0.31699
0.7750 0.48314 0.43616 0.32233 0.11383 0.32172
0.8000 0.49188 0.44317 0.32614 0.11704 0.32630
0.8250 0.50035 0.44993 0.32971 0.12021 0.33074
0.8500 0.50853 0.45644 0.33307 0.12337 0.33504
0.8750 0.51645 0.46272 0.33623 0.12649 0.33921
0.9000 0.52410 0.46877 0.33918 0.12959 0.34326
0.9250 0.53151 0.47461 0.34194 0.13266 0.34719
0.9500 0.53867 0.48024 0.34453 0.13571 0.35100
0.9750 0.54560 0.48568 0.34694 0.13874 0.35472
1.0000 0.55230 0.49093 0.34919 0.14173 0.35833
1.0250 0.55878 0.49600 0.35129 0.14471 0.36184
1.0500 0.56505 0.50089 0.35323 0.14766 0.36526
1.0750 0.57112 0.50562 0.35504 0.15058 0.36859
1.1000 0.57698 0.51019 0.35671 0.15348 0.37184
1.1250 0.58265 0.51461 0.35825 0.15636 0.37500
1.1500 0.58814 0.51888 0.35968 0.15921 0.37809
1.1750 0.59345 0.52302 0.36098 0.16204 0.38110
1.2000 0.59858 0.52702 0.36218 0.16484 0.38404
1.2250 0.60354 0.53089 0.36327 0.16762 0.38691
1.2500 0.60834 0.53464 0.36426 0.17038 0.38971
1.2750 0.61299 0.53827 0.36516 0.17312 0.39245
1.3000 0.61748 0.54179 0.36596 0.17583 0.39513
1.3250 0.62182 0.54520 0.36669 0.17852 0.39775
1.3500 0.62603 0.54851 0.36733 0.18119 0.40031
1.3750 0.63009 0.55172 0.36789 0.18383 0.40282
1.4000 0.63402 0.55483 0.36838 0.18646 0.40527
1.4250 0.63782 0.55785 0.36880 0.18906 0.40767
1.4500 0.64150 0.56079 0.36915 0.19164 0.41003
1.4750 0.64506 0.56364 0.36944 0.19420 0.41233
1.5000 0.64850 0.56640 0.36967 0.19673 0.41459
1.5250 0.65183 0.56909 0.36984 0.19925 0.41680
1.5500 0.65504 0.57171 0.36996 0.20175 0.41897
1.5750 0.65816 0.57425 0.37003 0.20422 0.42110
1.6000 0.66117 0.57673 0.37005 0.20668 0.42319
1.6250 0.66408 0.57914 0.37003 0.20911 0.42524
1.6500 0.66690 0.58148 0.36996 0.21153 0.42725
1.6750 0.66962 0.58377 0.36985 0.21392 0.42923
1.7000 0.67226 0.58599 0.36970 0.21629 0.43116
1.7250 0.67481 0.58816 0.36952 0.21865 0.43307
1.7500 0.67727 0.59028 0.36930 0.22098 0.43494
1.7750 0.67966 0.59234 0.36904 0.22330 0.43677
1.8000 0.68196 0.59436 0.36876 0.22559 0.43858
1.8250 0.68419 0.59632 0.36845 0.22787 0.44035
1.8500 0.68635 0.59824 0.36811 0.23013 0.44210
1.8750 0.68844 0.60011 0.36774 0.23237 0.44381
1.9000 0.69045 0.60194 0.36735 0.23459 0.44550
1.9250 0.69241 0.60373 0.36694 0.23679 0.44716
1.9500 0.69429 0.60548 0.36650 0.23898 0.44879
1.9750 0.69612 0.60719 0.36605 0.24114 0.45040
2.0000 0.69789 0.60886 0.36557 0.24329 0.45198
2.0250 0.69960 0.61050 0.36508 0.24542 0.45354
2.0500 0.70125 0.61211 0.36457 0.24753 0.45507
2.0750 0.70285 0.61368 0.36405 0.24963 0.45658
2.1000 0.70439 0.61521 0.36351 0.25171 0.45806
2.1250 0.70589 0.61672 0.36295 0.25377 0.45953
2.1500 0.70733 0.61820 0.36239 0.25581 0.46097
2.1750 0.70873 0.61965 0.36181 0.25784 0.46239
2.2000 0.71009 0.62107 0.36122 0.25985 0.46379
2.2250 0.71139 0.62246 0.36062 0.26184 0.46517
2.2500 0.71266 0.62383 0.36001 0.26382 0.46653
2.2750 0.71388 0.62517 0.35939 0.26578 0.46787
2.3000 0.71507 0.62649 0.35877 0.26772 0.46919
2.3250 0.71621 0.62778 0.35813 0.26965 0.47049
2.3500 0.71732 0.62905 0.35749 0.27156 0.47178
2.3750 0.71839 0.63030 0.35685 0.27346 0.47304
2.4000 0.71943 0.63153 0.35619 0.27534 0.47429
2.4250 0.72043 0.63274 0.35554 0.27720 0.47553
2.4500 0.72140 0.63392 0.35487 0.27905 0.47675
2.4750 0.72234 0.63509 0.35421 0.28088 0.47795
2.5000 0.72324 0.63624 0.35354 0.28270 0.47913
2.5250 0.72412 0.63737 0.35287 0.28450 0.48030
2.5500 0.72497 0.63848 0.35219 0.28629 0.48146
2.5750 0.72579 0.63958 0.35151 0.28807 0.48260
2.6000 0.72658 0.64066 0.35083 0.28982 0.48372
2.6250 0.72735 0.64172 0.35015 0.29157 0.48483
2.6500 0.72809 0.64277 0.34947 0.29330 0.48593
2.6750 0.72881 0.64380 0.34879 0.29501 0.48702
2.7000 0.72951 0.64482 0.34810 0.29672 0.48809
2.7250 0.73018 0.64582 0.34742 0.29840 0.48915
2.7500 0.73083 0.64681 0.34673 0.30008 0.49019
2.7750 0.73146 0.64778 0.34605 0.30173 0.49123
2.8000 0.73207 0.64874 0.34536 0.30338 0.49225
2.8250 0.73265 0.64969 0.34468 0.30501 0.49326
2.8500 0.73322 0.65062 0.34400 0.30663 0.49425
2.8750 0.73377 0.65155 0.34331 0.30823 0.49524
2.9000 0.73430 0.65246 0.34263 0.30983 0.49621
2.9250 0.73482 0.65336 0.34195 0.31140 0.49718
2.9500 0.73532 0.65424 0.34128 0.31297 0.49813
2.9750 0.73580 0.65512 0.34060 0.31452 0.49907
3.0000 0.73626 0.65599 0.33993 0.31606 0.50000
