x y
1025 26
1052 53
1058 59
1065 66
1070 71
1073 74
1078 79
1087 88
1117 118
1140 142
1194 198
1200 204
1210 214
1212 216
1214 218
1245 250
1250 255
1274 280
1326 331
1330 335
1333 338
1341 346
1375 381
1380 386
1382 388
1392 398
1400 406
1401 407
1406 412
1414 420
1415 421
1424 430
1428 434
1429 435
1430 436
1450 455
1451 456
1460 465
1462 467
1466 471
1473 478
1494 498
1504 508
1506 510
1510 514
1519 523
1522 526
1523 527
1547 551
1588 590
1596 598
1613 616
1622 625
1631 634
1640 643
1649 652
1655 658
1661 664
1667 670
1677 680
1686 689
1687 690
1688 691
1693 696
1699 702
1703 706
1711 714
1721 724
1728 731
1731 734
1737 740
1743 746
1745 748
1748 751
1749 752
1759 762
1764 767
1765 768
1772 775
1778 781
1779 782
1780 783
1784 787
1803 806
1804 807
1809 812
1814 817
1831 834
1848 852
1858 862
1864 868
1870 874
1872 876
1893 897
1927 931
1932 936
1935 939
1943 947
1982 986
1991 995
1993 997
2066 1070
2074 1078
2084 1088
2113 1117
2114 1118
2115 1119
2118 1122
2122 1126
2131 1135
2151 1155
2201 1205
2203 1207
2205 1209
2227 1231
2228 1232
2235 1239
2241 1245
2251 1255
2259 1263
2265 1269
2266 1270
2273 1277
2275 1279
2278 1282
2286 1290
2295 1299
2297 1301
2301 1305
2317 1320
2372 1375
2377 1380
2380 1383
2388 1391
2394 1397
2398 1401
2426 1429
2430 1433
2465 1468
2469 1472
2479 1482
2525 1528
2529 1532
2575 1577
2610 1614
2617 1621
2618 1622
2619 1623
2624 1628
2632 1636
2639 1643
2645 1649
2653 1657
2654 1658
2679 1683
2684 1688
2692 1696
2698 1702
2705 1709
2714 1718
2733 1737
2739 1743
2744 1748
2751 1755
2753 1757
2760 1764
2798 1801
2848 1850
2856 1858
2862 1864
2892 1894
2898 1900
2899 1901
2909 1911
2914 1916
2924 1926
2925 1927
2928 1930
2959 1961
2962 1964
2963 1965
2967 1969
2974 1976
2982 1984
2987 1989
2989 1991
2994 1996
