c het hom het3
5.00 3000.0 750.0 1080.0
7.50 2000.0 500.0 720.0
10.00 1500.0 375.0 540.0
12.50 1200.0 300.0 432.0
15.00 1000.0 250.0 360.0
17.50 857.1 214.3 308.6
20.00 750.0 187.5 270.0
22.50 666.7 166.7 240.0
25.00 600.0 150.0 216.0
27.50 545.5 136.4 196.4
30.00 500.0 125.0 180.0
32.50 461.5 115.4 166.2
35.00 428.6 107.1 154.3
37.50 400.0 100.0 144.0
40.00 375.0 93.8 135.0
42.50 352.9 88.2 127.1
45.00 333.3 83.3 120.0
47.50 315.8 78.9 113.7
50.00 300.0 75.0 108.0
52.50 285.7 71.4 102.9
55.00 272.7 68.2 98.2
57.50 260.9 65.2 93.9
60.00 250.0 62.5 90.0
62.50 240.0 60.0 86.4
65.00 230.8 57.7 83.1
67.50 222.2 55.6 80.0
70.00 214.3 53.6 77.1
72.50 206.9 51.7 74.5
75.00 200.0 50.0 72.0
77.50 193.5 48.4 69.7
80.00 187.5 46.9 67.5
