x y
110 0
130 0
150 0
170 0
190 4.96278e-06
210 2.48139e-05
230 0.000141439
250 0.000436725
270 0.00141687
290 0.00319355
310 0.00605707
330 0.00855335
350 0.00983623
370 0.00870223
390 0.00599007
410 0.00325062
430 0.00141935
450 0.000441687
470 0.000124069
490 2.97767e-05
510 4.96278e-06
530 0
550 0
570 0
590 0
610 0
630 0
650 0
670 0
690 0
710 0
730 0
750 0
770 0
790 0
810 0
830 0
850 0
870 0
890 0
910 0
930 0
950 0
970 0
990 0
1010 0
1030 0
1050 0
1070 0
1090 0
1110 0
1130 0
1150 0
1170 0
1190 0
1210 0
1230 0
1250 0
1270 0
1290 0
1310 0
1330 0
1350 0
1370 0
1390 0
1410 2.48139e-06
1430 0
1450 4.96278e-06
1470 7.44417e-06
1490 2.72953e-05
1510 3.72208e-05
1530 7.19603e-05
1550 5.21092e-05
1570 8.43672e-05
1590 4.21836e-05
1610 2.72953e-05
1630 1.24069e-05
1650 2.48139e-06
1670 0
1690 0
1710 0
1730 0
1750 0
1770 0
