x lr
0.50 0.088
1.50 0.254
2.50 -0.024
3.50 0.028
4.50 0.130
5.50 0.199
6.50 0.333
7.50 0.128
8.50 -0.024
9.50 -0.045
10.50 -0.013
11.50 -0.040
12.50 0.071
13.50 -0.143
14.50 -0.063
15.50 0.060
16.50 -0.028
17.50 0.219
18.50 0.105
19.50 0.096
20.50 0.061
21.50 0.417
22.50 0.376
23.50 -0.046
24.50 -0.108
25.50 0.094
26.50 0.184
27.50 -0.078
28.50 -0.208
29.50 -0.202
30.50 -1.234
31.50 -1.160
32.50 -1.247
33.50 -0.923
34.50 -0.030
35.50 -0.095
36.50 0.065
37.50 0.271
38.50 0.324
39.50 0.257
40.50 0.260
41.50 0.039
42.50 0.245
43.50 0.150
44.50 -0.200
45.50 -0.309
46.50 -0.168
47.50 -0.215
48.50 0.027
49.50 0.063
50.50 -0.219
51.50 -0.027
52.50 0.256
53.50 0.136
54.50 0.292
55.50 -3.631
56.50 -1.051
57.50 0.149
58.50 0.281
59.50 0.088
60.50 -0.096
61.50 -0.220
62.50 -0.268
63.50 -0.220
64.50 -0.023
65.50 -0.136
66.50 -0.285
67.50 -0.121
68.50 0.155
69.50 0.154
70.50 -0.012
71.50 0.057
72.50 0.728
73.50 0.793
74.50 0.874
75.50 0.798
76.50 0.544
77.50 0.382
78.50 -0.153
79.50 0.049
80.50 0.100
81.50 -0.114
82.50 -0.110
83.50 -0.142
84.50 -0.054
85.50 0.118
86.50 0.224
87.50 0.054
88.50 -6.141
89.50 -5.314
90.50 0.224
91.50 0.134
92.50 -0.079
93.50 -0.167
94.50 0.012
95.50 -0.058
96.50 -0.168
97.50 -0.296
98.50 -0.267
99.50 -0.078
