x all q
0.10 18.48 18.48
0.30 34.82 34.82
0.50 34.71 34.71
0.70 35.22 35.22
0.90 31.27 31.27
1.10 35.77 35.77
1.30 25.61 25.61
1.50 31.34 31.34
1.70 42.49 42.49
1.90 38.23 38.23
2.10 27.05 27.05
2.30 28.39 28.39
2.50 34.84 34.84
2.70 22.16 22.16
2.90 30.59 30.59
3.10 26.64 26.64
3.30 28.75 28.75
3.50 28.09 28.09
3.70 30.59 30.59
3.90 34.18 34.18
4.10 34.47 34.47
4.30 33.52 33.52
4.50 33.02 33.02
4.70 27.46 27.46
4.90 30.68 30.68
5.10 28.64 28.64
5.30 35.02 35.02
5.50 36.06 36.06
5.70 31.10 31.10
5.90 36.10 36.10
6.10 33.96 33.96
6.30 34.59 34.59
6.50 35.69 35.69
6.70 42.55 42.55
6.90 36.32 36.32
7.10 38.67 38.67
7.30 32.46 32.46
7.50 31.41 31.41
7.70 28.98 28.98
7.90 27.32 27.32
8.10 21.95 21.95
8.30 30.29 30.29
8.50 32.47 32.47
8.70 28.68 28.68
8.90 29.60 29.60
9.10 24.50 24.50
9.30 25.45 25.45
9.50 29.58 29.58
9.70 29.31 29.31
9.90 32.15 32.15
10.10 29.34 29.34
10.30 28.14 28.14
10.50 30.46 30.46
10.70 26.34 26.34
10.90 29.77 29.77
11.10 28.50 28.50
11.30 33.32 33.32
11.50 28.87 28.87
11.70 25.26 25.26
11.90 25.48 25.48
12.10 32.40 32.40
12.30 37.23 37.23
12.50 33.23 33.23
12.70 26.65 26.65
12.90 23.28 23.28
13.10 25.59 25.59
13.30 27.09 27.09
13.50 26.70 26.70
13.70 28.50 28.50
13.90 23.76 23.76
14.10 27.06 27.06
14.30 21.94 21.94
14.50 27.57 27.57
14.70 32.40 32.40
14.90 30.19 30.19
15.10 28.05 28.05
15.30 34.34 34.34
15.50 27.31 27.31
15.70 23.25 23.25
15.90 38.65 38.65
16.10 33.16 33.16
16.30 28.16 28.16
16.50 23.34 23.34
16.70 27.56 27.56
16.90 30.36 30.36
17.10 33.01 33.01
17.30 34.41 34.41
17.50 32.04 32.04
17.70 37.53 37.53
17.90 32.28 32.28
18.10 35.28 35.28
18.30 30.92 30.92
18.50 27.39 27.39
18.70 29.64 29.64
18.90 33.14 33.14
19.10 31.64 31.64
19.30 28.77 28.77
19.50 26.00 26.00
19.70 36.95 36.95
19.90 32.02 32.02
20.10 27.25 27.25
20.30 32.24 32.24
20.50 27.33 27.33
20.70 29.30 29.30
20.90 35.56 35.56
21.10 35.74 35.74
21.30 39.73 39.73
21.50 45.25 45.25
21.70 36.83 36.83
21.90 36.62 36.62
22.10 36.84 36.84
22.30 31.67 31.67
22.50 37.67 37.67
22.70 40.95 40.95
22.90 41.56 41.56
23.10 25.03 25.03
23.30 28.84 28.84
23.50 31.04 31.04
23.70 28.93 28.93
23.90 26.98 26.98
24.10 22.11 22.11
24.30 27.93 27.93
24.50 24.47 24.47
24.70 28.80 28.80
24.90 31.59 31.59
25.10 28.33 28.33
25.30 35.41 35.41
25.50 34.54 34.54
25.70 28.69 28.69
25.90 28.23 28.23
26.10 33.17 33.17
26.30 33.84 33.84
26.50 26.52 26.52
26.70 37.23 37.23
26.90 34.40 34.40
27.10 28.50 28.50
27.30 24.89 24.89
27.50 24.39 24.39
27.70 32.64 32.64
27.90 27.34 27.34
28.10 24.72 24.72
28.30 23.82 23.82
28.50 26.21 26.21
28.70 23.66 23.66
28.90 27.50 27.50
29.10 27.79 27.79
29.30 23.85 23.85
29.50 28.15 28.15
29.70 26.89 26.89
29.90 19.73 19.73
30.10 10.94 10.94
30.30 12.72 12.72
30.50 14.81 14.81
30.70 12.08 12.08
30.90 11.26 11.26
31.10 13.24 13.24
31.30 7.43 7.43
31.50 15.88 15.88
31.70 14.45 14.45
31.90 14.09 14.09
32.10 12.31 12.31
32.30 9.94 9.94
32.50 12.47 12.47
32.70 15.51 15.51
32.90 11.03 11.03
33.10 16.61 16.61
33.30 12.99 12.99
33.50 19.08 19.08
33.70 12.49 12.49
33.90 15.52 15.52
34.10 25.42 25.42
34.30 35.44 35.44
34.50 27.18 27.18
34.70 29.29 29.29
34.90 25.05 25.05
35.10 25.95 25.95
35.30 20.38 20.38
35.50 24.57 24.57
35.70 35.04 35.04
35.90 30.24 30.24
36.10 29.05 29.05
36.30 30.41 30.41
36.50 29.07 29.07
36.70 29.41 29.41
36.90 34.20 34.20
37.10 41.26 41.26
37.30 31.93 31.93
37.50 33.66 33.66
37.70 36.05 36.05
37.90 32.56 32.56
38.10 37.41 37.41
38.30 34.32 34.32
38.50 41.80 41.80
38.70 33.90 33.90
38.90 34.57 34.57
39.10 33.78 33.78
39.30 37.00 37.00
39.50 38.59 38.59
39.70 31.16 31.16
39.90 33.24 33.24
40.10 36.30 36.30
40.30 31.75 31.75
40.50 34.34 34.34
40.70 37.77 37.77
40.90 33.99 33.99
41.10 33.58 33.58
41.30 23.21 23.21
41.50 28.62 28.62
41.70 30.88 30.88
41.90 33.13 33.13
42.10 26.56 26.56
42.30 36.69 36.69
42.50 34.27 34.27
42.70 41.76 41.76
42.90 32.99 32.99
43.10 37.96 37.96
43.30 34.74 34.74
43.50 30.95 30.95
43.70 27.60 27.60
43.90 30.14 30.14
44.10 26.00 26.00
44.30 22.98 22.98
44.50 26.52 26.52
44.70 26.66 26.66
44.90 24.43 24.43
45.10 24.09 24.09
45.30 20.70 20.70
45.50 20.91 20.91
45.70 24.03 24.03
45.90 27.65 27.65
46.10 26.48 26.48
46.30 26.75 26.75
46.50 23.61 23.61
46.70 28.15 28.15
46.90 24.43 24.43
47.10 25.73 25.73
47.30 18.08 18.08
47.50 18.22 18.22
47.70 28.96 28.96
47.90 34.28 34.28
48.10 31.68 31.68
48.30 30.89 30.89
48.50 26.36 26.36
48.70 29.29 29.29
48.90 29.92 29.92
49.10 30.89 30.89
49.30 26.66 26.66
49.50 31.46 31.46
49.70 28.93 28.93
49.90 33.92 33.92
50.10 27.46 27.46
50.30 22.21 22.21
50.50 23.36 23.36
50.70 28.64 28.64
50.90 23.23 23.23
51.10 24.05 24.05
51.30 27.84 27.84
51.50 26.23 26.23
51.70 30.76 30.76
51.90 33.80 33.80
52.10 32.10 32.10
52.30 32.20 32.20
52.50 36.72 36.72
52.70 29.39 29.39
52.90 43.27 43.27
53.10 36.04 36.04
53.30 28.76 28.76
53.50 27.64 27.64
53.70 26.52 26.52
53.90 40.81 40.81
54.10 38.10 38.10
54.30 36.40 36.40
54.50 37.41 37.41
54.70 32.69 32.69
54.90 33.44 33.44
55.10 11.74 11.74
55.30 0.00 0.00
55.50 0.00 0.00
55.70 0.00 0.00
55.90 0.00 0.00
56.10 0.00 0.00
56.30 0.00 0.00
56.50 4.37 4.37
56.70 33.95 33.95
56.90 31.84 31.84
57.10 26.38 26.38
57.30 28.93 28.93
57.50 31.23 31.23
57.70 34.70 34.70
57.90 39.96 39.96
58.10 33.66 33.66
58.30 28.58 28.58
58.50 38.62 38.62
58.70 38.10 38.10
58.90 37.72 37.72
59.10 27.35 27.35
59.30 29.86 29.86
59.50 32.80 32.80
59.70 27.14 27.14
59.90 37.34 37.34
60.10 27.12 27.12
60.30 23.66 23.66
60.50 30.43 30.43
60.70 28.32 28.32
60.90 26.48 26.48
61.10 31.18 31.18
61.30 27.53 27.53
61.50 21.49 21.49
61.70 21.64 21.64
61.90 22.98 22.98
62.10 29.45 29.45
62.30 24.96 24.96
62.50 22.73 22.73
62.70 20.84 20.84
62.90 22.82 22.82
63.10 24.33 24.33
63.30 22.47 22.47
63.50 32.10 32.10
63.70 22.80 22.80
63.90 23.18 23.18
64.10 23.41 23.41
64.30 25.55 25.55
64.50 24.86 24.86
64.70 37.83 37.83
64.90 31.41 31.41
65.10 25.00 25.00
65.30 27.70 27.70
65.50 22.71 22.71
65.70 27.54 27.54
65.90 29.38 29.38
66.10 20.21 20.21
66.30 27.64 27.64
66.50 24.73 24.73
66.70 19.59 19.59
66.90 27.16 27.16
67.10 24.77 24.77
67.30 27.50 27.50
67.50 28.52 28.52
67.70 27.45 27.45
67.90 25.48 25.48
68.10 24.89 24.89
68.30 29.51 29.51
68.50 30.27 30.27
68.70 40.10 40.10
68.90 37.11 37.11
69.10 31.81 31.81
69.30 34.02 34.02
69.50 34.16 34.16
69.70 29.66 29.66
69.90 32.10 32.10
70.10 28.92 28.92
70.30 30.66 30.66
70.50 31.36 31.36
70.70 28.43 28.43
70.90 24.84 24.84
71.10 25.53 25.53
71.30 32.00 32.00
71.50 33.37 33.37
71.70 30.30 30.30
71.90 30.09 30.09
72.10 39.45 39.45
72.30 45.40 45.40
72.50 53.15 53.15
72.70 52.20 52.20
72.90 50.66 50.66
73.10 54.47 54.47
73.30 50.03 50.03
73.50 46.85 46.85
73.70 49.29 49.29
73.90 51.30 51.30
74.10 51.39 51.39
74.30 49.33 49.33
74.50 55.20 55.20
74.70 57.84 57.84
74.90 52.78 52.78
75.10 53.53 53.53
75.30 51.47 51.47
75.50 56.09 56.09
75.70 48.55 48.55
75.90 43.10 43.10
76.10 49.22 49.22
76.30 40.65 40.65
76.50 44.17 44.17
76.70 40.89 40.89
76.90 37.01 37.01
77.10 41.41 41.41
77.30 42.12 42.12
77.50 30.96 30.96
77.70 36.66 36.66
77.90 38.29 38.29
78.10 27.05 27.05
78.30 23.95 23.95
78.50 23.57 23.57
78.70 28.91 28.91
78.90 27.27 27.27
79.10 26.14 26.14
79.30 29.45 29.45
79.50 27.88 27.88
79.70 33.29 33.29
79.90 33.73 33.73
80.10 34.59 34.59
80.30 33.62 33.62
80.50 28.39 28.39
80.70 27.82 27.82
80.90 31.44 31.44
81.10 24.48 24.48
81.30 21.60 21.60
81.50 30.26 30.26
81.70 28.60 28.60
81.90 29.41 29.41
82.10 18.13 18.13
82.30 21.06 21.06
82.50 30.75 30.75
82.70 33.32 33.32
82.90 31.45 31.45
83.10 30.88 30.88
83.30 23.31 23.31
83.50 21.66 21.66
83.70 27.78 27.78
83.90 28.10 28.10
84.10 28.34 28.34
84.30 30.32 30.32
84.50 24.87 24.87
84.70 27.07 27.07
84.90 29.48 29.48
85.10 30.09 30.09
85.30 31.14 31.14
85.50 30.91 30.91
85.70 30.91 30.91
85.90 34.77 34.77
86.10 34.85 34.85
86.30 31.07 31.07
86.50 31.82 31.82
86.70 33.06 33.06
86.90 39.05 39.05
87.10 28.12 28.12
87.30 29.60 29.60
87.50 29.95 29.95
87.70 29.43 29.43
87.90 37.91 33.86
88.10 34.11 2.06
88.30 29.36 0.00
88.50 31.21 0.00
88.70 35.75 0.00
88.90 38.01 0.00
89.10 32.53 0.00
89.30 28.66 0.00
89.50 33.99 0.00
89.70 41.27 0.00
89.90 43.69 3.65
90.10 30.80 26.69
90.30 27.57 27.57
90.50 33.72 33.72
90.70 43.47 43.47
90.90 38.36 38.36
91.10 34.68 34.68
91.30 34.60 34.60
91.50 35.32 35.32
91.70 31.11 31.11
91.90 23.80 23.80
92.10 29.93 29.93
92.30 29.45 29.45
92.50 29.47 29.47
92.70 27.48 27.48
92.90 21.30 21.30
93.10 28.00 28.00
93.30 23.57 23.57
93.50 29.77 29.77
93.70 23.92 23.92
93.90 24.25 24.25
94.10 26.68 26.68
94.30 29.07 29.07
94.50 29.75 29.75
94.70 32.80 32.80
94.90 28.31 28.31
95.10 24.96 24.96
95.30 31.59 31.59
95.50 31.40 31.40
95.70 26.96 26.96
95.90 24.80 24.80
96.10 31.65 31.65
96.30 26.68 26.68
96.50 22.83 22.83
96.70 24.05 24.05
96.90 24.26 24.26
97.10 28.43 28.43
97.30 20.76 20.76
97.50 22.80 22.80
97.70 20.80 20.80
97.90 25.67 25.67
98.10 31.21 31.21
98.30 18.45 18.45
98.50 20.38 20.38
98.70 29.09 29.09
98.90 21.68 21.68
99.10 26.86 26.86
99.30 28.29 28.29
99.50 23.82 23.82
99.70 30.23 30.23
99.90 28.59 28.59
