n binom delannoy
1 0.30103 0.477121
2 0.778151 1.11394
3 1.30103 1.79934
4 1.8451 2.50651
5 2.4014 3.22608
6 2.96567 3.95371
7 3.53555 4.68698
8 4.10958 5.42444
9 4.68681 6.16511
10 5.2666 6.90835
20 11.1394 14.4159
30 17.0729 21.9842
40 23.0314 29.5777
50 29.0039 37.185
60 34.985 44.8011
70 40.9723 52.4232
80 46.964 60.0498
90 52.9591 67.6798
100 58.9569 75.3125
110 64.9568 82.9474
120 70.9586 90.5841
130 76.9618 98.2222
140 82.9664 105.862
150 88.972 113.502
160 94.9786 121.144
170 100.986 128.786
180 106.994 136.429
190 113.003 144.073
200 119.013 151.717
210 125.023 159.362
220 131.033 167.008
230 137.044 174.654
240 143.055 182.3
250 149.067 189.947
260 155.079 197.594
270 161.092 205.241
280 167.104 212.889
290 173.117 220.536
300 179.131 228.185
