k pam30 pam120 pam250 opt
1 3.66241 2.63611 1.58417 4.05119
5 3.46568 2.53528 1.53611 3.68785
10 3.24621 2.42245 1.48205 3.36115
20 2.86816 2.22732 1.38782 2.88983
30 2.54237 2.05885 1.30576 2.54237
40 2.1812 1.90439 1.23022 2.25331
50 1.79554 1.76134 1.16001 2.00877
60 1.37789 1.62612 1.09341 1.79529
80 0.502059 1.37641 0.969852 1.4419
100 -0.381257 1.15146 0.857876 1.16543
120 -1.17492 0.952095 0.757434 0.952095
140 -1.86044 0.77734 0.667943 0.786943
160 -2.44709 0.624059 0.588092 0.656837
180 -2.94958 0.489105 0.516626 0.552828
200 -3.38115 0.36984 0.452479 0.468679
220 -3.75314 0.264052 0.394742 0.399891
250 -4.21972 0.126676 0.31849 0.31849
280 -4.59877 0.0104732 0.252772 0.256436
320 -5.00053 -0.118189 0.17858 0.194843
360 -5.31347 -0.223153 0.11684 0.150081
400 -5.56064 -0.3096 0.0650979 0.116924
