x y
7 6
8 7
9 8
10 9
11 10
12 11
13 12
22 12
14 13
23 13
63 13
129 13
15 14
130 14
16 15
131 15
17 16
132 16
18 17
133 17
19 18
134 18
20 19
21 20
23 24
24 25
25 26
26 27
27 28
28 29
29 30
30 31
31 32
32 33
33 34
34 35
44 35
35 36
45 36
36 37
46 37
37 38
38 39
39 40
40 41
41 42
42 43
58 53
59 54
60 55
61 56
62 57
63 58
64 59
65 60
66 61
67 62
68 63
69 64
70 65
136 65
71 66
137 66
72 67
138 67
73 68
112 68
139 68
74 69
140 69
75 70
141 70
76 71
142 71
77 72
78 73
79 74
80 75
81 76
82 77
83 78
85 80
10 82
87 82
88 83
72 84
89 84
73 85
90 85
74 86
91 86
140 86
92 87
141 87
93 88
142 88
94 89
95 90
96 91
97 92
98 93
99 94
22 95
100 95
23 96
101 96
24 97
102 97
103 98
104 99
105 100
106 101
107 102
108 103
109 104
110 105
111 106
113 108
114 109
115 110
116 111
117 112
118 113
119 114
120 115
121 116
7 117
122 117
8 118
123 118
124 119
125 120
126 121
127 122
128 123
129 124
64 125
130 125
131 126
132 127
133 128
134 129
84 131
137 132
138 133
140 135
141 136
142 137
