x y
6 6
82 6
118 6
122 6
7 7
83 7
119 7
123 7
8 8
84 8
120 8
124 8
9 9
121 9
10 10
122 10
11 11
87 11
123 11
12 12
85 12
88 12
13 13
86 13
89 13
14 14
87 14
15 15
88 15
16 16
89 16
17 17
90 17
18 18
91 18
19 19
55 19
92 19
20 20
56 20
93 20
129 20
21 21
57 21
94 21
130 21
22 22
58 22
95 22
131 22
23 23
59 23
96 23
121 23
132 23
24 24
58 24
60 24
97 24
133 24
25 25
59 25
61 25
98 25
134 25
26 26
60 26
62 26
99 26
135 26
27 27
63 27
83 27
100 27
136 27
28 28
64 28
101 28
137 28
29 29
65 29
102 29
138 29
30 30
66 30
31 31
67 31
104 31
32 32
68 32
105 32
33 33
106 33
122 33
34 34
123 34
35 35
108 35
36 36
109 36
37 37
110 37
38 38
111 38
39 39
40 40
113 40
41 41
114 41
42 42
115 42
43 43
116 43
44 44
117 44
45 45
118 45
46 46
119 46
47 47
120 47
48 48
121 48
49 49
122 49
50 50
107 50
123 50
51 51
108 51
124 51
52 52
109 52
125 52
53 53
126 53
54 54
127 54
19 55
55 55
92 55
128 55
20 56
56 56
93 56
129 56
21 57
57 57
94 57
130 57
22 58
24 58
58 58
95 58
131 58
133 58
23 59
25 59
59 59
96 59
132 59
134 59
24 60
26 60
60 60
97 60
133 60
135 60
25 61
61 61
98 61
134 61
136 61
26 62
62 62
99 62
135 62
27 63
63 63
100 63
136 63
28 64
64 64
101 64
137 64
29 65
65 65
102 65
138 65
30 66
66 66
139 66
31 67
67 67
140 67
32 68
68 68
141 68
69 69
142 69
70 70
143 70
71 71
144 71
72 72
73 73
74 74
114 74
75 75
115 75
76 76
116 76
77 77
78 78
118 78
79 79
119 79
80 80
120 80
81 81
121 81
132 81
6 82
82 82
122 82
7 83
27 83
83 83
123 83
8 84
84 84
120 84
124 84
12 85
85 85
125 85
13 86
86 86
122 86
126 86
11 87
14 87
87 87
123 87
12 88
15 88
88 88
124 88
13 89
16 89
89 89
125 89
129 89
17 90
90 90
18 91
91 91
127 91
19 92
55 92
92 92
128 92
20 93
56 93
93 93
129 93
21 94
57 94
94 94
130 94
22 95
58 95
95 95
131 95
23 96
59 96
96 96
132 96
24 97
60 97
97 97
133 97
25 98
61 98
98 98
134 98
26 99
62 99
99 99
135 99
27 100
63 100
100 100
136 100
28 101
64 101
101 101
137 101
29 102
65 102
102 102
138 102
103 103
31 104
104 104
32 105
105 105
33 106
106 106
50 107
107 107
35 108
51 108
108 108
36 109
52 109
109 109
37 110
110 110
38 111
111 111
112 112
40 113
113 113
41 114
74 114
114 114
42 115
75 115
115 115
43 116
76 116
116 116
44 117
117 117
6 118
45 118
78 118
118 118
127 118
7 119
46 119
79 119
119 119
8 120
47 120
80 120
84 120
120 120
9 121
23 121
48 121
81 121
121 121
6 122
10 122
33 122
49 122
82 122
86 122
122 122
7 123
11 123
34 123
50 123
83 123
87 123
123 123
8 124
51 124
84 124
88 124
124 124
52 125
85 125
89 125
125 125
53 126
86 126
126 126
54 127
91 127
118 127
127 127
55 128
92 128
128 128
20 129
56 129
89 129
93 129
129 129
21 130
57 130
94 130
130 130
22 131
58 131
95 131
131 131
23 132
59 132
81 132
96 132
132 132
24 133
58 133
60 133
97 133
133 133
25 134
59 134
61 134
98 134
134 134
26 135
60 135
62 135
99 135
135 135
27 136
61 136
63 136
100 136
136 136
28 137
64 137
101 137
137 137
29 138
65 138
102 138
138 138
66 139
139 139
67 140
140 140
68 141
141 141
69 142
142 142
70 143
143 143
71 144
144 144
