x ajuste teoria
10 9.53312e-78 1.83627e-76
10.25 1.18387e-71 1.39411e-70
10.5 4.90418e-66 3.74257e-65
10.75 7.38097e-61 3.8461e-60
11 4.36668e-56 1.6281e-55
11.25 1.09201e-51 3.03773e-51
11.5 1.23433e-47 2.65942e-47
11.75 6.70793e-44 1.15738e-43
12 1.85544e-40 2.64113e-40
12.25 2.75307e-37 3.31992e-37
12.5 2.30009e-34 2.40579e-34
12.75 1.13144e-31 1.04819e-31
13 3.41489e-29 2.85455e-29
13.25 6.56871e-27 5.03651e-27
13.5 8.33993e-25 5.95121e-25
13.75 7.21868e-23 4.85573e-23
14 4.38845e-21 2.81419e-21
14.25 1.92601e-19 1.18916e-19
14.5 6.25905e-18 3.7531e-18
14.75 1.54174e-16 9.04642e-17
15 2.94124e-15 1.69994e-15
15.25 4.43302e-14 2.53815e-14
15.5 5.37626e-13 3.06443e-13
15.75 5.33599e-12 3.04069e-12
16 4.40226e-11 2.51704e-11
16.25 3.06271e-10 1.76242e-10
16.5 1.82082e-09 1.05726e-09
16.75 9.36413e-09 5.4983e-09
17 4.21314e-08 2.50604e-08
17.25 1.67571e-07 1.01118e-07
17.5 5.94858e-07 3.64583e-07
17.75 1.90147e-06 1.18472e-06
18 5.51784e-06 3.49734e-06
18.25 1.4646e-05 9.44803e-06
18.5 3.58059e-05 2.35162e-05
18.75 8.1143e-05 5.42667e-05
19 0.000171464 0.000116774
19.25 0.000339689 0.000235571
19.5 0.0006341 0.000447716
19.75 0.00112049 0.000805311
20 0.00188231 0.00137667
20.25 0.00301795 0.00224539
20.5 0.00463498 0.00350672
20.75 0.00684151 0.0052614
21 0.00973566 0.00760712
21.25 0.0133944 0.0106288
21.5 0.0178635 0.0143889
21.75 0.0231498 0.018919
22 0.0292168 0.0242139
22.25 0.0359848 0.0302285
22.5 0.0433342 0.0368793
22.75 0.0511125 0.0440478
23 0.0591439 0.0515876
23.25 0.0672398 0.059333
23.5 0.0752094 0.0671086
23.75 0.0828701 0.0747386
24 0.0900556 0.082056
24.25 0.0966224 0.0889092
24.5 0.102454 0.0951683
24.75 0.107465 0.100728
25 0.111598 0.10551
25.25 0.114824 0.109463
25.5 0.117142 0.112562
25.75 0.118571 0.114803
26 0.119151 0.116207
26.25 0.118938 0.116809
26.5 0.117995 0.116659
26.75 0.116397 0.115816
27 0.11422 0.114348
27.25 0.111544 0.112325
27.5 0.108447 0.109821
27.75 0.105003 0.106908
28 0.101284 0.103656
28.25 0.0973554 0.100132
28.5 0.0932784 0.0963964
28.75 0.089107 0.0925079
29 0.0848891 0.0885177
29.25 0.0806667 0.0844715
29.5 0.0764758 0.0804099
29.75 0.072347 0.0763678
30 0.0683055 0.072375
30.25 0.064372 0.0684565
30.5 0.0605629 0.064633
30.75 0.0568906 0.0609209
31 0.0533644 0.0573334
31.25 0.0499906 0.0538801
31.5 0.046773 0.050568
31.75 0.0437134 0.0474018
32 0.0408115 0.0443839
32.25 0.0380659 0.0415149
32.5 0.0354737 0.0387941
32.75 0.0330311 0.0362195
33 0.0307336 0.0337881
33.25 0.0285762 0.031496
33.5 0.0265532 0.029339
33.75 0.024659 0.027312
34 0.0228875 0.0254099
34.25 0.0212326 0.0236273
34.5 0.0196882 0.0219585
34.75 0.0182485 0.020398
35 0.0169074 0.0189402
35.25 0.0156591 0.0175796
35.5 0.0144982 0.0163106
35.75 0.0134193 0.0151281
36 0.0124171 0.0140269
36.25 0.0114867 0.013002
36.5 0.0106235 0.0120488
36.75 0.00982296 0.0111627
37 0.00908088 0.0103393
37.25 0.00839328 0.0095747
37.5 0.00775639 0.00886487
37.75 0.00716667 0.00820618
38 0.0066208 0.00759516
38.25 0.00611568 0.00702855
38.5 0.00564837 0.00650328
38.75 0.00521617 0.00601647
39 0.00481652 0.00556543
39.25 0.00444705 0.00514762
39.5 0.00410555 0.00476068
39.75 0.00378995 0.0044024
40 0.00349835 0.00407073
40.25 0.00322894 0.00376373
40.5 0.00298009 0.00347963
40.75 0.00275025 0.00321674
41 0.00253799 0.00297353
41.25 0.00234199 0.00274854
41.5 0.00216103 0.00254043
41.75 0.00199396 0.00234796
42 0.00183973 0.00216997
42.25 0.00169737 0.00200539
42.5 0.00156597 0.00185322
42.75 0.00144469 0.00171252
43 0.00133277 0.00158246
43.25 0.00122949 0.00146223
43.5 0.00113418 0.00135109
43.75 0.00104623 0.00124837
44 0.000965089 0.00115343
44.25 0.000890219 0.00106568
44.5 0.000821143 0.00098459
44.75 0.000757414 0.000909651
45 0.000698621 0.000840401
45.25 0.000644382 0.000776409
45.5 0.000594346 0.000717279
45.75 0.000548189 0.000662643
46 0.000505611 0.000612161
46.25 0.000466335 0.000565517
46.5 0.000430106 0.000522422
46.75 0.000396688 0.000482606
47 0.000365864 0.00044582
47.25 0.000337432 0.000411834
47.5 0.000311208 0.000380436
47.75 0.00028702 0.000351429
48 0.00026471 0.000324632
48.25 0.000244133 0.000299876
48.5 0.000225155 0.000277006
48.75 0.000207651 0.000255879
49 0.000191507 0.000236362
49.25 0.000176617 0.000218332
49.5 0.000162885 0.000201677
49.75 0.000150219 0.000186292
50 0.000138538 0.00017208
50.25 0.000127765 0.000158952
50.5 0.00011783 0.000146824
50.75 0.000108667 0.000135622
51 0.000100216 0.000125274
51.25 9.24222e-05 0.000115715
51.5 8.52343e-05 0.000106885
51.75 7.86054e-05 9.87292e-05
52 7.24919e-05 9.11953e-05
52.25 6.68537e-05 8.42361e-05
52.5 6.1654e-05 7.78078e-05
52.75 5.68587e-05 7.187e-05
53 5.24362e-05 6.63853e-05
53.25 4.83577e-05 6.1319e-05
53.5 4.45964e-05 5.66393e-05
53.75 4.11275e-05 5.23167e-05
54 3.79285e-05 4.83239e-05
54.25 3.49783e-05 4.46358e-05
54.5 3.22575e-05 4.12292e-05
54.75 2.97484e-05 3.80825e-05
55 2.74344e-05 3.51759e-05
55.25 2.53004e-05 3.24912e-05
55.5 2.33323e-05 3.00113e-05
55.75 2.15174e-05 2.77207e-05
56 1.98436e-05 2.5605e-05
56.25 1.83e-05 2.36506e-05
56.5 1.68765e-05 2.18455e-05
56.75 1.55637e-05 2.01781e-05
57 1.4353e-05 1.8638e-05
57.25 1.32365e-05 1.72154e-05
57.5 1.22068e-05 1.59014e-05
57.75 1.12573e-05 1.46877e-05
58 1.03816e-05 1.35666e-05
58.25 9.574e-06 1.25311e-05
58.5 8.82924e-06 1.15746e-05
58.75 8.14241e-06 1.06912e-05
59 7.50901e-06 9.87511e-06
59.25 6.92488e-06 9.12135e-06
59.5 6.38619e-06 8.42513e-06
59.75 5.8894e-06 7.78205e-06
60 5.43126e-06 7.18805e-06
