l s11 s12 s13 s23
0 0 0 0 0
0.025 -0.0121888 -0.0302492 -0.0478636 -0.0413746
0.05 -0.0237602 -0.0585542 -0.0916512 -0.0781763
0.075 -0.0347213 -0.084998 -0.131642 -0.110654
0.1 -0.0450792 -0.109659 -0.168094 -0.139036
0.125 -0.0548402 -0.132612 -0.201246 -0.163527
0.15 -0.0640105 -0.153928 -0.23132 -0.184314
0.175 -0.0725957 -0.173672 -0.258522 -0.201567
0.2 -0.0806012 -0.191909 -0.283041 -0.215435
0.225 -0.0880322 -0.208698 -0.305052 -0.226055
0.25 -0.0948931 -0.224096 -0.324719 -0.233545
0.275 -0.101188 -0.238155 -0.342191 -0.238011
0.3 -0.106922 -0.250927 -0.357608 -0.239543
0.325 -0.112097 -0.262458 -0.371098 -0.238221
0.35 -0.116717 -0.272794 -0.38278 -0.234109
0.375 -0.120785 -0.281977 -0.392763 -0.227261
0.4 -0.124304 -0.290047 -0.401148 -0.217719
0.425 -0.127275 -0.297041 -0.408029 -0.205515
0.45 -0.129701 -0.302995 -0.413492 -0.190669
0.475 -0.131583 -0.307941 -0.417615 -0.173191
0.5 -0.132922 -0.31191 -0.420472 -0.153082
0.525 -0.133719 -0.314932 -0.42213 -0.130332
0.55 -0.133974 -0.317033 -0.422649 -0.104921
0.575 -0.133689 -0.31824 -0.422088 -0.076822
0.6 -0.132862 -0.318575 -0.420496 -0.0459966
0.625 -0.131492 -0.31806 -0.417922 -0.012398
0.65 -0.12958 -0.316716 -0.414409 0.0240297
0.675 -0.127124 -0.314562 -0.409996 0.0633518
0.7 -0.124123 -0.311614 -0.40472 0.105642
0.725 -0.120574 -0.30789 -0.398611 0.150985
0.75 -0.116475 -0.303402 -0.391701 0.199472
0.775 -0.111824 -0.298166 -0.384014 0.251205
0.8 -0.106618 -0.292192 -0.375576 0.306297
0.825 -0.100854 -0.285492 -0.366408 0.364867
0.85 -0.0945271 -0.278076 -0.356527 0.427048
0.875 -0.0876347 -0.269951 -0.345951 0.49298
0.9 -0.080172 -0.261125 -0.334695 0.562816
0.925 -0.0721344 -0.251605 -0.322771 0.636717
0.95 -0.0635168 -0.241396 -0.310189 0.714857
0.975 -0.0543139 -0.230503 -0.29696 0.79742
1 -0.04452 -0.218928 -0.283089 0.884604
1.025 -0.0341288 -0.206675 -0.268584 0.976617
1.05 -0.0231339 -0.193745 -0.253448 1.07368
1.075 -0.0115285 -0.180139 -0.237685 1.17603
1.1 0.000694819 -0.165856 -0.221296 1.28392
1.125 0.0135436 -0.150896 -0.204282 1.3976
1.15 0.0270258 -0.135258 -0.186643 1.51735
1.175 0.04115 -0.118937 -0.168375 1.64348
1.2 0.0559249 -0.101932 -0.149478 1.77629
1.225 0.0713598 -0.0842383 -0.129946 1.9161
1.25 0.0874643 -0.0658505 -0.109776 2.06326
1.275 0.104249 -0.0467634 -0.0889608 2.21814
1.3 0.121723 -0.0269706 -0.0674944 2.38112
1.325 0.139899 -0.00646525 -0.0453692 2.55259
1.35 0.158787 0.0147605 -0.0225768 2.733
1.375 0.178399 0.0367151 0.000891802 2.92278
1.4 0.198748 0.0594075 0.0250467 3.12241
1.425 0.219846 0.0828477 0.0498985 3.33238
1.45 0.241706 0.107046 0.0754587 3.55322
1.475 0.264343 0.132014 0.10174 3.78547
1.5 0.28777 0.157763 0.128754 4.02972
1.525 0.312002 0.184305 0.156516 4.28657
1.55 0.337054 0.211654 0.185039 4.55666
1.575 0.362941 0.239824 0.214338 4.84067
1.6 0.38968 0.26883 0.24443 5.1393
1.625 0.417289 0.298685 0.275331 5.45331
1.65 0.445782 0.329407 0.307058 5.78347
1.675 0.47518 0.361012 0.339627 6.13061
1.7 0.505499 0.393517 0.373059 6.4956
1.725 0.53676 0.426939 0.407372 6.87934
1.75 0.568981 0.461299 0.442586 7.2828
1.775 0.602183 0.496614 0.478722 7.70698
1.8 0.636386 0.532905 0.515799 8.15295
1.825 0.671612 0.570192 0.553841 8.62181
1.85 0.707883 0.608498 0.59287 9.11474
1.875 0.745221 0.647843 0.63291 9.63298
1.9 0.78365 0.688252 0.673983 10.1778
1.925 0.823194 0.729747 0.716115 10.7506
1.95 0.863877 0.772353 0.759332 11.3528
1.975 0.905726 0.816096 0.803659 11.9858
2 0.948765 0.861001 0.849123 12.6514
