x y
1 1
2 1
14 1
15 1
16 1
23 1
30 1
35 1
48 1
52 1
53 1
57 1
58 1
69 1
70 1
71 1
73 1
74 1
76 1
78 1
81 1
82 1
88 1
94 1
96 1
97 1
1 2
2 2
14 2
15 2
16 2
23 2
30 2
35 2
48 2
52 2
53 2
57 2
58 2
69 2
70 2
71 2
73 2
74 2
76 2
78 2
81 2
82 2
88 2
94 2
96 2
97 2
18 3
19 3
20 3
21 3
27 3
29 3
31 3
33 3
34 3
39 3
41 3
43 3
46 3
49 3
50 3
51 3
56 3
59 3
60 3
77 3
79 3
93 3
98 3
3 4
4 4
8 4
9 4
10 4
11 4
17 4
22 4
25 4
28 4
37 4
38 4
40 4
54 4
55 4
62 4
63 4
65 4
83 4
84 4
86 4
87 4
92 4
95 4
5 5
6 5
7 5
12 5
13 5
24 5
26 5
32 5
36 5
42 5
44 5
45 5
47 5
61 5
64 5
66 5
67 5
68 5
72 5
75 5
80 5
85 5
89 5
90 5
91 5
5 6
6 6
7 6
12 6
13 6
24 6
26 6
32 6
36 6
42 6
44 6
45 6
47 6
61 6
64 6
66 6
67 6
68 6
72 6
75 6
80 6
85 6
89 6
90 6
91 6
5 7
6 7
7 7
12 7
13 7
24 7
26 7
32 7
36 7
42 7
44 7
45 7
47 7
61 7
64 7
66 7
67 7
68 7
72 7
75 7
80 7
85 7
89 7
90 7
91 7
1 8
2 8
14 8
15 8
16 8
23 8
30 8
35 8
48 8
52 8
53 8
57 8
58 8
69 8
70 8
71 8
73 8
74 8
76 8
78 8
81 8
82 8
88 8
94 8
96 8
97 8
3 9
4 9
8 9
9 9
10 9
11 9
17 9
22 9
25 9
28 9
37 9
38 9
40 9
54 9
55 9
62 9
63 9
65 9
83 9
84 9
86 9
87 9
92 9
95 9
1 10
2 10
14 10
15 10
16 10
23 10
30 10
35 10
48 10
52 10
53 10
57 10
58 10
69 10
70 10
71 10
73 10
74 10
76 10
78 10
81 10
82 10
88 10
94 10
96 10
97 10
3 11
4 11
8 11
9 11
10 11
11 11
17 11
22 11
25 11
28 11
37 11
38 11
40 11
54 11
55 11
62 11
63 11
65 11
83 11
84 11
86 11
87 11
92 11
95 11
18 12
19 12
20 12
21 12
27 12
29 12
31 12
33 12
34 12
39 12
41 12
43 12
46 12
49 12
50 12
51 12
56 12
59 12
60 12
77 12
79 12
93 12
98 12
5 13
6 13
7 13
12 13
13 13
24 13
26 13
32 13
36 13
42 13
44 13
45 13
47 13
61 13
64 13
66 13
67 13
68 13
72 13
75 13
80 13
85 13
89 13
90 13
91 13
1 14
2 14
14 14
15 14
16 14
23 14
30 14
35 14
48 14
52 14
53 14
57 14
58 14
69 14
70 14
71 14
73 14
74 14
76 14
78 14
81 14
82 14
88 14
94 14
96 14
97 14
5 15
6 15
7 15
12 15
13 15
24 15
26 15
32 15
36 15
42 15
44 15
45 15
47 15
61 15
64 15
66 15
67 15
68 15
72 15
75 15
80 15
85 15
89 15
90 15
91 15
1 16
2 16
14 16
15 16
16 16
23 16
30 16
35 16
48 16
52 16
53 16
57 16
58 16
69 16
70 16
71 16
73 16
74 16
76 16
78 16
81 16
82 16
88 16
94 16
96 16
97 16
18 17
19 17
20 17
21 17
27 17
29 17
31 17
33 17
34 17
39 17
41 17
43 17
46 17
49 17
50 17
51 17
56 17
59 17
60 17
77 17
79 17
93 17
98 17
18 18
19 18
20 18
21 18
27 18
29 18
31 18
33 18
34 18
39 18
41 18
43 18
46 18
49 18
50 18
51 18
56 18
59 18
60 18
77 18
79 18
93 18
98 18
18 19
19 19
20 19
21 19
27 19
29 19
31 19
33 19
34 19
39 19
41 19
43 19
46 19
49 19
50 19
51 19
56 19
59 19
60 19
77 19
79 19
93 19
98 19
5 20
6 20
7 20
12 20
13 20
24 20
26 20
32 20
36 20
42 20
44 20
45 20
47 20
61 20
64 20
66 20
67 20
68 20
72 20
75 20
80 20
85 20
89 20
90 20
91 20
18 21
19 21
20 21
21 21
27 21
29 21
31 21
33 21
34 21
39 21
41 21
43 21
46 21
49 21
50 21
51 21
56 21
59 21
60 21
77 21
79 21
93 21
98 21
3 22
4 22
8 22
9 22
10 22
11 22
17 22
22 22
25 22
28 22
37 22
38 22
40 22
54 22
55 22
62 22
63 22
65 22
83 22
84 22
86 22
87 22
92 22
95 22
1 23
2 23
14 23
15 23
16 23
23 23
30 23
35 23
48 23
52 23
53 23
57 23
58 23
69 23
70 23
71 23
73 23
74 23
76 23
78 23
81 23
82 23
88 23
94 23
96 23
97 23
5 24
6 24
7 24
12 24
13 24
24 24
26 24
32 24
36 24
42 24
44 24
45 24
47 24
61 24
64 24
66 24
67 24
68 24
72 24
75 24
80 24
85 24
89 24
90 24
91 24
3 25
4 25
8 25
9 25
10 25
11 25
17 25
22 25
25 25
28 25
37 25
38 25
40 25
54 25
55 25
62 25
63 25
65 25
83 25
84 25
86 25
87 25
92 25
95 25
5 26
6 26
7 26
12 26
13 26
24 26
26 26
32 26
36 26
42 26
44 26
45 26
47 26
61 26
64 26
66 26
67 26
68 26
72 26
75 26
80 26
85 26
89 26
90 26
91 26
18 27
19 27
20 27
21 27
27 27
29 27
31 27
33 27
34 27
39 27
41 27
43 27
46 27
49 27
50 27
51 27
56 27
59 27
60 27
77 27
79 27
93 27
98 27
3 28
4 28
8 28
9 28
10 28
11 28
17 28
22 28
25 28
28 28
37 28
38 28
40 28
54 28
55 28
62 28
63 28
65 28
83 28
84 28
86 28
87 28
92 28
95 28
18 29
19 29
20 29
21 29
27 29
29 29
31 29
33 29
34 29
39 29
41 29
43 29
46 29
49 29
50 29
51 29
56 29
59 29
60 29
77 29
79 29
93 29
98 29
1 30
2 30
14 30
15 30
16 30
23 30
30 30
35 30
48 30
52 30
53 30
57 30
58 30
69 30
70 30
71 30
73 30
74 30
76 30
78 30
81 30
82 30
88 30
94 30
96 30
97 30
3 31
4 31
8 31
9 31
10 31
11 31
17 31
22 31
25 31
28 31
37 31
38 31
40 31
54 31
55 31
62 31
63 31
65 31
83 31
84 31
86 31
87 31
92 31
95 31
18 32
19 32
20 32
21 32
27 32
29 32
31 32
33 32
34 32
39 32
41 32
43 32
46 32
49 32
50 32
51 32
56 32
59 32
60 32
77 32
79 32
93 32
98 32
1 33
2 33
14 33
15 33
16 33
23 33
30 33
35 33
48 33
52 33
53 33
57 33
58 33
69 33
70 33
71 33
73 33
74 33
76 33
78 33
81 33
82 33
88 33
94 33
96 33
97 33
5 34
6 34
7 34
12 34
13 34
24 34
26 34
32 34
36 34
42 34
44 34
45 34
47 34
61 34
64 34
66 34
67 34
68 34
72 34
75 34
80 34
85 34
89 34
90 34
91 34
3 35
4 35
8 35
9 35
10 35
11 35
17 35
22 35
25 35
28 35
37 35
38 35
40 35
54 35
55 35
62 35
63 35
65 35
83 35
84 35
86 35
87 35
92 35
95 35
5 36
6 36
7 36
12 36
13 36
24 36
26 36
32 36
36 36
42 36
44 36
45 36
47 36
61 36
64 36
66 36
67 36
68 36
72 36
75 36
80 36
85 36
89 36
90 36
91 36
18 37
19 37
20 37
21 37
27 37
29 37
31 37
33 37
34 37
39 37
41 37
43 37
46 37
49 37
50 37
51 37
56 37
59 37
60 37
77 37
79 37
93 37
98 37
18 38
19 38
20 38
21 38
27 38
29 38
31 38
33 38
34 38
39 38
41 38
43 38
46 38
49 38
50 38
51 38
56 38
59 38
60 38
77 38
79 38
93 38
98 38
18 39
19 39
20 39
21 39
27 39
29 39
31 39
33 39
34 39
39 39
41 39
43 39
46 39
49 39
50 39
51 39
56 39
59 39
60 39
77 39
79 39
93 39
98 39
5 40
6 40
7 40
12 40
13 40
24 40
26 40
32 40
36 40
42 40
44 40
45 40
47 40
61 40
64 40
66 40
67 40
68 40
72 40
75 40
80 40
85 40
89 40
90 40
91 40
18 41
19 41
20 41
21 41
27 41
29 41
31 41
33 41
34 41
39 41
41 41
43 41
46 41
49 41
50 41
51 41
56 41
59 41
60 41
77 41
79 41
93 41
98 41
18 42
19 42
20 42
21 42
27 42
29 42
31 42
33 42
34 42
39 42
41 42
43 42
46 42
49 42
50 42
51 42
56 42
59 42
60 42
77 42
79 42
93 42
98 42
1 43
2 43
14 43
15 43
16 43
23 43
30 43
35 43
48 43
52 43
53 43
57 43
58 43
69 43
70 43
71 43
73 43
74 43
76 43
78 43
81 43
82 43
88 43
94 43
96 43
97 43
1 44
2 44
14 44
15 44
16 44
23 44
30 44
35 44
48 44
52 44
53 44
57 44
58 44
69 44
70 44
71 44
73 44
74 44
76 44
78 44
81 44
82 44
88 44
94 44
96 44
97 44
3 45
4 45
8 45
9 45
10 45
11 45
17 45
22 45
25 45
28 45
37 45
38 45
40 45
54 45
55 45
62 45
63 45
65 45
83 45
84 45
86 45
87 45
92 45
95 45
5 46
6 46
7 46
12 46
13 46
24 46
26 46
32 46
36 46
42 46
44 46
45 46
47 46
61 46
64 46
66 46
67 46
68 46
72 46
75 46
80 46
85 46
89 46
90 46
91 46
18 47
19 47
20 47
21 47
27 47
29 47
31 47
33 47
34 47
39 47
41 47
43 47
46 47
49 47
50 47
51 47
56 47
59 47
60 47
77 47
79 47
93 47
98 47
3 48
4 48
8 48
9 48
10 48
11 48
17 48
22 48
25 48
28 48
37 48
38 48
40 48
54 48
55 48
62 48
63 48
65 48
83 48
84 48
86 48
87 48
92 48
95 48
18 49
19 49
20 49
21 49
27 49
29 49
31 49
33 49
34 49
39 49
41 49
43 49
46 49
49 49
50 49
51 49
56 49
59 49
60 49
77 49
79 49
93 49
98 49
3 50
4 50
8 50
9 50
10 50
11 50
17 50
22 50
25 50
28 50
37 50
38 50
40 50
54 50
55 50
62 50
63 50
65 50
83 50
84 50
86 50
87 50
92 50
95 50
18 51
19 51
20 51
21 51
27 51
29 51
31 51
33 51
34 51
39 51
41 51
43 51
46 51
49 51
50 51
51 51
56 51
59 51
60 51
77 51
79 51
93 51
98 51
5 52
6 52
7 52
12 52
13 52
24 52
26 52
32 52
36 52
42 52
44 52
45 52
47 52
61 52
64 52
66 52
67 52
68 52
72 52
75 52
80 52
85 52
89 52
90 52
91 52
5 53
6 53
7 53
12 53
13 53
24 53
26 53
32 53
36 53
42 53
44 53
45 53
47 53
61 53
64 53
66 53
67 53
68 53
72 53
75 53
80 53
85 53
89 53
90 53
91 53
1 54
2 54
14 54
15 54
16 54
23 54
30 54
35 54
48 54
52 54
53 54
57 54
58 54
69 54
70 54
71 54
73 54
74 54
76 54
78 54
81 54
82 54
88 54
94 54
96 54
97 54
5 55
6 55
7 55
12 55
13 55
24 55
26 55
32 55
36 55
42 55
44 55
45 55
47 55
61 55
64 55
66 55
67 55
68 55
72 55
75 55
80 55
85 55
89 55
90 55
91 55
18 56
19 56
20 56
21 56
27 56
29 56
31 56
33 56
34 56
39 56
41 56
43 56
46 56
49 56
50 56
51 56
56 56
59 56
60 56
77 56
79 56
93 56
98 56
18 57
19 57
20 57
21 57
27 57
29 57
31 57
33 57
34 57
39 57
41 57
43 57
46 57
49 57
50 57
51 57
56 57
59 57
60 57
77 57
79 57
93 57
98 57
18 58
19 58
20 58
21 58
27 58
29 58
31 58
33 58
34 58
39 58
41 58
43 58
46 58
49 58
50 58
51 58
56 58
59 58
60 58
77 58
79 58
93 58
98 58
18 59
19 59
20 59
21 59
27 59
29 59
31 59
33 59
34 59
39 59
41 59
43 59
46 59
49 59
50 59
51 59
56 59
59 59
60 59
77 59
79 59
93 59
98 59
1 60
2 60
14 60
15 60
16 60
23 60
30 60
35 60
48 60
52 60
53 60
57 60
58 60
69 60
70 60
71 60
73 60
74 60
76 60
78 60
81 60
82 60
88 60
94 60
96 60
97 60
18 61
19 61
20 61
21 61
27 61
29 61
31 61
33 61
34 61
39 61
41 61
43 61
46 61
49 61
50 61
51 61
56 61
59 61
60 61
77 61
79 61
93 61
98 61
3 62
4 62
8 62
9 62
10 62
11 62
17 62
22 62
25 62
28 62
37 62
38 62
40 62
54 62
55 62
62 62
63 62
65 62
83 62
84 62
86 62
87 62
92 62
95 62
5 63
6 63
7 63
12 63
13 63
24 63
26 63
32 63
36 63
42 63
44 63
45 63
47 63
61 63
64 63
66 63
67 63
68 63
72 63
75 63
80 63
85 63
89 63
90 63
91 63
3 64
4 64
8 64
9 64
10 64
11 64
17 64
22 64
25 64
28 64
37 64
38 64
40 64
54 64
55 64
62 64
63 64
65 64
83 64
84 64
86 64
87 64
92 64
95 64
1 65
2 65
14 65
15 65
16 65
23 65
30 65
35 65
48 65
52 65
53 65
57 65
58 65
69 65
70 65
71 65
73 65
74 65
76 65
78 65
81 65
82 65
88 65
94 65
96 65
97 65
1 66
2 66
14 66
15 66
16 66
23 66
30 66
35 66
48 66
52 66
53 66
57 66
58 66
69 66
70 66
71 66
73 66
74 66
76 66
78 66
81 66
82 66
88 66
94 66
96 66
97 66
18 67
19 67
20 67
21 67
27 67
29 67
31 67
33 67
34 67
39 67
41 67
43 67
46 67
49 67
50 67
51 67
56 67
59 67
60 67
77 67
79 67
93 67
98 67
18 68
19 68
20 68
21 68
27 68
29 68
31 68
33 68
34 68
39 68
41 68
43 68
46 68
49 68
50 68
51 68
56 68
59 68
60 68
77 68
79 68
93 68
98 68
3 69
4 69
8 69
9 69
10 69
11 69
17 69
22 69
25 69
28 69
37 69
38 69
40 69
54 69
55 69
62 69
63 69
65 69
83 69
84 69
86 69
87 69
92 69
95 69
3 70
4 70
8 70
9 70
10 70
11 70
17 70
22 70
25 70
28 70
37 70
38 70
40 70
54 70
55 70
62 70
63 70
65 70
83 70
84 70
86 70
87 70
92 70
95 70
1 71
2 71
14 71
15 71
16 71
23 71
30 71
35 71
48 71
52 71
53 71
57 71
58 71
69 71
70 71
71 71
73 71
74 71
76 71
78 71
81 71
82 71
88 71
94 71
96 71
97 71
1 72
2 72
14 72
15 72
16 72
23 72
30 72
35 72
48 72
52 72
53 72
57 72
58 72
69 72
70 72
71 72
73 72
74 72
76 72
78 72
81 72
82 72
88 72
94 72
96 72
97 72
18 73
19 73
20 73
21 73
27 73
29 73
31 73
33 73
34 73
39 73
41 73
43 73
46 73
49 73
50 73
51 73
56 73
59 73
60 73
77 73
79 73
93 73
98 73
5 74
6 74
7 74
12 74
13 74
24 74
26 74
32 74
36 74
42 74
44 74
45 74
47 74
61 74
64 74
66 74
67 74
68 74
72 74
75 74
80 74
85 74
89 74
90 74
91 74
1 75
2 75
14 75
15 75
16 75
23 75
30 75
35 75
48 75
52 75
53 75
57 75
58 75
69 75
70 75
71 75
73 75
74 75
76 75
78 75
81 75
82 75
88 75
94 75
96 75
97 75
1 76
2 76
14 76
15 76
16 76
23 76
30 76
35 76
48 76
52 76
53 76
57 76
58 76
69 76
70 76
71 76
73 76
74 76
76 76
78 76
81 76
82 76
88 76
94 76
96 76
97 76
5 77
6 77
7 77
12 77
13 77
24 77
26 77
32 77
36 77
42 77
44 77
45 77
47 77
61 77
64 77
66 77
67 77
68 77
72 77
75 77
80 77
85 77
89 77
90 77
91 77
18 78
19 78
20 78
21 78
27 78
29 78
31 78
33 78
34 78
39 78
41 78
43 78
46 78
49 78
50 78
51 78
56 78
59 78
60 78
77 78
79 78
93 78
98 78
18 79
19 79
20 79
21 79
27 79
29 79
31 79
33 79
34 79
39 79
41 79
43 79
46 79
49 79
50 79
51 79
56 79
59 79
60 79
77 79
79 79
93 79
98 79
1 80
2 80
14 80
15 80
16 80
23 80
30 80
35 80
48 80
52 80
53 80
57 80
58 80
69 80
70 80
71 80
73 80
74 80
76 80
78 80
81 80
82 80
88 80
94 80
96 80
97 80
5 81
6 81
7 81
12 81
13 81
24 81
26 81
32 81
36 81
42 81
44 81
45 81
47 81
61 81
64 81
66 81
67 81
68 81
72 81
75 81
80 81
85 81
89 81
90 81
91 81
1 82
2 82
14 82
15 82
16 82
23 82
30 82
35 82
48 82
52 82
53 82
57 82
58 82
69 82
70 82
71 82
73 82
74 82
76 82
78 82
81 82
82 82
88 82
94 82
96 82
97 82
1 83
2 83
14 83
15 83
16 83
23 83
30 83
35 83
48 83
52 83
53 83
57 83
58 83
69 83
70 83
71 83
73 83
74 83
76 83
78 83
81 83
82 83
88 83
94 83
96 83
97 83
1 84
2 84
14 84
15 84
16 84
23 84
30 84
35 84
48 84
52 84
53 84
57 84
58 84
69 84
70 84
71 84
73 84
74 84
76 84
78 84
81 84
82 84
88 84
94 84
96 84
97 84
3 85
4 85
8 85
9 85
10 85
11 85
17 85
22 85
25 85
28 85
37 85
38 85
40 85
54 85
55 85
62 85
63 85
65 85
83 85
84 85
86 85
87 85
92 85
95 85
3 86
4 86
8 86
9 86
10 86
11 86
17 86
22 86
25 86
28 86
37 86
38 86
40 86
54 86
55 86
62 86
63 86
65 86
83 86
84 86
86 86
87 86
92 86
95 86
5 87
6 87
7 87
12 87
13 87
24 87
26 87
32 87
36 87
42 87
44 87
45 87
47 87
61 87
64 87
66 87
67 87
68 87
72 87
75 87
80 87
85 87
89 87
90 87
91 87
3 88
4 88
8 88
9 88
10 88
11 88
17 88
22 88
25 88
28 88
37 88
38 88
40 88
54 88
55 88
62 88
63 88
65 88
83 88
84 88
86 88
87 88
92 88
95 88
3 89
4 89
8 89
9 89
10 89
11 89
17 89
22 89
25 89
28 89
37 89
38 89
40 89
54 89
55 89
62 89
63 89
65 89
83 89
84 89
86 89
87 89
92 89
95 89
18 90
19 90
20 90
21 90
27 90
29 90
31 90
33 90
34 90
39 90
41 90
43 90
46 90
49 90
50 90
51 90
56 90
59 90
60 90
77 90
79 90
93 90
98 90
5 91
6 91
7 91
12 91
13 91
24 91
26 91
32 91
36 91
42 91
44 91
45 91
47 91
61 91
64 91
66 91
67 91
68 91
72 91
75 91
80 91
85 91
89 91
90 91
91 91
5 92
6 92
7 92
12 92
13 92
24 92
26 92
32 92
36 92
42 92
44 92
45 92
47 92
61 92
64 92
66 92
67 92
68 92
72 92
75 92
80 92
85 92
89 92
90 92
91 92
5 93
6 93
7 93
12 93
13 93
24 93
26 93
32 93
36 93
42 93
44 93
45 93
47 93
61 93
64 93
66 93
67 93
68 93
72 93
75 93
80 93
85 93
89 93
90 93
91 93
3 94
4 94
8 94
9 94
10 94
11 94
17 94
22 94
25 94
28 94
37 94
38 94
40 94
54 94
55 94
62 94
63 94
65 94
83 94
84 94
86 94
87 94
92 94
95 94
18 95
19 95
20 95
21 95
27 95
29 95
31 95
33 95
34 95
39 95
41 95
43 95
46 95
49 95
50 95
51 95
56 95
59 95
60 95
77 95
79 95
93 95
98 95
1 96
2 96
14 96
15 96
16 96
23 96
30 96
35 96
48 96
52 96
53 96
57 96
58 96
69 96
70 96
71 96
73 96
74 96
76 96
78 96
81 96
82 96
88 96
94 96
96 96
97 96
3 97
4 97
8 97
9 97
10 97
11 97
17 97
22 97
25 97
28 97
37 97
38 97
40 97
54 97
55 97
62 97
63 97
65 97
83 97
84 97
86 97
87 97
92 97
95 97
1 98
2 98
14 98
15 98
16 98
23 98
30 98
35 98
48 98
52 98
53 98
57 98
58 98
69 98
70 98
71 98
73 98
74 98
76 98
78 98
81 98
82 98
88 98
94 98
96 98
97 98
1 99
2 99
14 99
15 99
16 99
23 99
30 99
35 99
48 99
52 99
53 99
57 99
58 99
69 99
70 99
71 99
73 99
74 99
76 99
78 99
81 99
82 99
88 99
94 99
96 99
97 99
18 100
19 100
20 100
21 100
27 100
29 100
31 100
33 100
34 100
39 100
41 100
43 100
46 100
49 100
50 100
51 100
56 100
59 100
60 100
77 100
79 100
93 100
98 100
