x y
3 3
4 4
5 5
66 5
6 6
67 6
7 7
13 7
68 7
8 8
14 8
69 8
92 8
15 9
16 10
39 10
41 12
43 14
47 15
16 16
48 16
76 16
49 17
77 17
50 18
78 18
19 19
51 19
60 19
20 20
32 20
21 21
33 21
22 22
34 22
23 23
35 23
88 23
24 24
36 24
25 25
37 25
26 26
38 26
27 27
39 27
28 28
92 28
29 29
93 29
94 30
58 31
95 31
34 32
59 32
24 34
36 34
25 35
37 35
18 36
26 36
38 36
27 37
39 37
28 38
40 38
31 39
32 40
33 41
34 42
51 42
80 42
35 43
52 43
24 44
36 44
53 44
25 45
37 45
54 45
18 46
26 46
38 46
19 47
27 47
28 48
38 48
40 48
29 49
39 49
41 49
30 50
40 50
42 50
11 51
41 51
43 51
66 51
42 52
44 52
43 53
46 54
47 55
18 56
48 56
19 57
49 57
50 58
22 59
34 59
51 59
52 59
23 60
52 60
59 61
62 61
85 63
57 65
59 67
60 68
95 70
96 71
71 73
79 73
72 74
80 74
73 75
81 75
74 76
32 77
75 77
33 78
76 78
34 79
35 80
71 80
94 80
14 82
80 82
15 83
81 83
2 84
16 84
82 84
3 85
83 85
4 86
60 86
84 86
26 87
85 87
65 88
86 88
87 89
10 90
39 90
64 90
88 90
5 91
6 91
89 91
6 92
43 92
90 92
91 93
8 94
92 94
93 95
94 96
95 97
96 98
97 99
