anio costo
2001.745 95263071.92
2002.244 70175437.42
2002.745 61448421.50
2003.244 53751684.08
2003.830 40157554.23
2004.082 28780376.21
2004.329 20442576.14
2004.580 19934345.74
2004.832 18519312.16
2005.082 17534969.56
2005.326 16159699.44
2005.578 16180224.10
2005.830 13801124.19
2006.082 12585658.90
2006.326 11732534.52
2006.578 11455315.22
2006.830 10474556.36
2007.082 9408738.91
2007.326 9047002.97
2007.578 8927342.14
2007.830 7147571.39
2008.082 3063819.99
2008.329 1352982.23
2008.580 752079.90
2008.832 342502.06
2009.082 232735.44
2009.326 154713.60
2009.578 108065.14
2009.830 70333.33
2010.082 46774.27
2010.326 31512.04
2010.578 31124.96
2010.830 29091.73
2011.082 20962.78
2011.326 16712.01
2011.578 10496.93
2011.827 7743.44
2012.082 7666.22
2012.329 5901.29
2012.580 5984.72
2012.832 6618.35
2013.082 5671.35
2013.326 5550.26
2013.578 5550.26
2013.830 5096.08
2014.082 4008.11
2014.326 4920.50
2014.578 4904.85
2014.830 5730.89
2015.082 3969.84
2015.326 4210.79
2015.578 1363.24
2015.830 1245.31
2016.413 1175.74
2016.665 1507.77
2016.914 1355.79
2017.159 1015.38
2017.411 1333.40
2017.663 1133.96
2017.912 1844.08
2018.159 1232.28
2018.411 1463.13
2018.663 1467.28
2018.912 1391.68
2019.159 993.14
2019.329 606.32
2019.580 942.15
2019.912 695.37
2020.159 644.62
2020.413 701.56
2020.665 688.57
2020.914 511.97
2021.159 850.84
2021.411 454.05
2021.663 562.18
2021.912 552.20
2022.159 524.62
2022.411 524.62