gc rel
0.200 0.1353
0.210 0.1557
0.220 0.1783
0.230 0.2030
0.240 0.2301
0.250 0.2594
0.260 0.2909
0.270 0.3247
0.280 0.3604
0.290 0.3982
0.300 0.4376
0.310 0.4784
0.320 0.5205
0.330 0.5633
0.340 0.6065
0.350 0.6498
0.360 0.6926
0.370 0.7344
0.380 0.7748
0.390 0.8133
0.400 0.8494
0.410 0.8825
0.420 0.9123
0.430 0.9382
0.440 0.9600
0.450 0.9773
0.460 0.9898
0.470 0.9975
0.480 1.0000
0.490 0.9975
0.500 0.9898
0.510 0.9773
0.520 0.9600
0.530 0.9382
0.540 0.9123
0.550 0.8825
0.560 0.8494
0.570 0.8133
0.580 0.7748
0.590 0.7344
0.600 0.6926
0.610 0.6498
0.620 0.6065
0.630 0.5633
0.640 0.5205
0.650 0.4784
0.660 0.4376
0.670 0.3982
0.680 0.3604
0.690 0.3247
0.700 0.2909
0.710 0.2594
0.720 0.2301
0.730 0.2030
0.740 0.1783
0.750 0.1557
0.760 0.1353
0.770 0.1170
0.780 0.1007
0.790 0.0862
0.800 0.0734