gc rel
0.395 1.0180
0.427 0.9432
0.517 0.7815
0.589 0.7687
0.351 0.8448
0.516 1.1576
0.434 0.9061
0.661 0.3218
0.434 0.6001
0.526 1.2165
0.270 0.2018
0.487 0.9621
0.573 0.7968
0.315 0.4577
0.543 0.9158
0.505 1.2680
0.679 0.2756
0.730 0.1673
0.637 0.4742
0.534 0.7984
0.540 1.0925
0.310 0.3724
0.763 0.0840
0.367 0.5454
0.597 0.6421
0.642 0.4867
0.316 0.4669
0.548 1.0791
0.718 0.1836
0.747 0.1555
0.442 0.9465
0.451 1.1146
0.606 0.4895
0.613 0.5977
0.688 0.4062
0.425 1.1611
0.773 0.1624
0.525 1.0347
0.346 0.5649
0.510 0.5577
0.596 0.7518
0.615 0.7164
0.609 0.5685
0.641 0.3288
0.693 0.2858
0.379 0.5067
0.615 0.8918
0.582 0.8274
0.496 1.2292
0.358 0.9135
0.283 0.3363
0.277 0.3068
0.657 0.3190
0.638 0.7338
0.533 1.3121
0.427 0.6937
0.686 0.3617
0.323 0.7011
0.519 0.6713
0.566 0.6737
0.553 1.2147
0.449 1.1557
0.384 1.0894
0.380 0.9044
0.773 0.1041
0.618 0.4389
0.621 0.5287
0.683 0.3786
0.298 0.3892
0.703 0.3106
0.439 1.1713
0.732 0.3030
0.239 0.2017
0.477 0.8956
0.603 0.5482
0.423 1.0664
0.355 0.4407
0.481 0.8072
0.243 0.2980
0.664 0.4285
0.340 0.6138
0.427 0.8087
0.580 0.5598
0.702 0.2498
0.511 0.6982
0.270 0.2827
0.767 0.0962
0.326 0.4568
0.661 0.4076
0.374 0.5757
0.600 0.4748
0.529 0.8476
0.536 1.0655
0.415 0.7829
0.644 0.5010
0.749 0.1790
0.460 0.9092
0.659 0.4891
0.737 0.1568
0.684 0.3597
0.626 0.6067
0.631 0.6128
0.663 0.3753
0.317 0.7271
0.753 0.1589
0.260 0.3215
0.349 0.5168
0.441 0.9805
0.296 0.5248
0.246 0.2597
0.609 0.7835
0.365 0.7378
0.375 1.0458
0.260 0.3452
0.541 0.9843
0.434 0.7160
0.771 0.1637
0.442 0.9225
0.733 0.1993
0.411 1.1046
0.523 0.7403
0.604 0.7577
0.281 0.5023
0.624 0.6212
0.493 0.9220
0.491 0.6858
0.546 1.0402
0.549 0.8916
0.669 0.3949
0.717 0.1828
0.571 1.0458
0.698 0.2245
0.326 0.7622
0.441 1.1631
0.657 0.4976
0.731 0.2327
0.638 0.4801
0.635 0.4651
0.644 0.4701
0.657 0.4529
0.236 0.1944
0.500 1.0234
0.544 1.1047
0.681 0.3225
0.641 0.5444
0.231 0.1874
0.542 0.8400
0.681 0.2850
0.547 0.8981
0.597 1.0642
0.544 0.8898
0.274 0.2537
0.775 0.0981
0.760 0.1390
0.441 0.9350
0.507 0.7370
0.284 0.3728
0.660 0.5357
0.319 0.5127
0.736 0.2167
0.672 0.3010
0.630 0.6413
0.465 1.1738
0.438 0.8905
0.712 0.2703
0.724 0.3387
0.498 1.0256
0.329 0.4975
0.470 1.3588
0.456 0.9712
0.514 0.5164
0.717 0.2204
0.514 1.0948
0.641 0.3834
0.234 0.2793
0.481 1.5481
0.252 0.2998
0.641 0.6116
0.691 0.3210
0.652 0.6826
0.579 0.8126
0.360 0.5175
0.778 0.0773
0.666 0.4220
0.303 0.3404
0.663 0.5595
0.373 0.6135
0.708 0.2378
0.257 0.2538
0.506 1.0219
0.775 0.1096
0.544 0.9794
0.232 0.1945
0.651 0.5635
0.751 0.1369
0.438 0.5565
0.712 0.4227
0.417 0.9308
0.739 0.1182
0.384 0.8946
0.407 1.0295
0.449 0.7881
0.379 0.5937
0.629 0.4482
0.282 0.3299
0.590 0.5346
0.674 0.3655
0.439 0.7145
0.248 0.2193
0.369 0.7045
0.667 0.4052
0.330 0.5587
0.626 0.4510
0.316 0.6125
0.737 0.1602
0.737 0.2401
0.527 0.7281
0.636 0.5348
0.688 0.2830
0.497 0.7621
0.311 0.4416
0.290 0.4219
0.684 0.4468
0.438 0.7234
0.420 1.0586
0.733 0.1470
0.307 0.4809
0.599 0.7975
0.722 0.2496
0.490 1.3062
0.481 0.9901
0.662 0.3582
0.284 0.4577
0.272 0.2047
0.442 0.9366
0.659 0.4461
0.658 0.5050
0.541 1.0818
0.626 0.7136
0.743 0.2674
0.434 0.8295
0.275 0.3835
0.342 0.7989
0.349 0.5119
0.614 0.5501
0.603 1.0778
0.756 0.1364
0.766 0.1253
0.663 0.3796
0.690 0.2113
0.767 0.1242
0.249 0.2926
0.317 0.7120
0.481 0.5188
0.254 0.1704
0.758 0.1285
0.650 0.3957
0.387 0.9822
0.764 0.1144
0.278 0.2233
0.779 0.1062
0.580 0.5066
0.612 0.7187
0.613 0.4038
0.518 0.8107
0.710 0.1847
0.687 0.3657
0.553 1.1882
0.486 0.8261
0.377 0.8132
0.611 0.6833
0.773 0.0918
0.399 0.6099
0.441 0.9345
0.555 0.6959
0.415 0.9147
0.391 0.7744
0.590 0.8721
0.718 0.3316
0.283 0.2984
0.302 0.3949
0.642 0.7408
0.627 0.7049
0.654 0.2932
0.560 1.1478
0.229 0.2371
0.741 0.1446
0.532 1.0871
0.401 1.0337
0.666 0.4521
0.575 0.8147
0.707 0.3765
0.500 1.2598
0.517 0.8284
0.285 0.2651
0.436 0.9003
0.272 0.2736
0.595 0.5491
0.568 1.1915
0.760 0.1110
0.574 0.6654
0.439 1.0319
0.757 0.1125
0.540 0.6829
0.536 0.8608
0.315 0.4590
0.279 0.2457
0.501 0.7244
0.562 0.7863
0.559 1.0579
0.373 0.9296
0.311 0.5525
0.399 1.0945
0.677 0.3674
0.537 0.5516
0.320 0.4104
0.287 0.4273
0.687 0.3553
0.536 0.7845
0.600 0.7538
0.691 0.3762
0.587 0.7400
0.632 0.4929
0.609 0.5861
0.649 0.5782
0.344 0.4158
0.366 0.4923
0.594 0.6899
0.357 0.6293
0.417 0.9864
0.718 0.2653
0.440 0.8264
0.510 0.7283
0.758 0.1856
0.305 0.4047
0.487 0.9352
0.691 0.3561
0.241 0.2683
0.398 0.6298
0.518 1.0693
0.516 1.1882
0.390 0.6497
0.564 1.1577
0.634 0.7618
0.730 0.2193
0.321 0.5054
0.489 1.0049
0.507 1.3150
0.386 1.0816
0.737 0.2280
0.628 0.3924
0.503 0.9406
0.449 0.6724
0.221 0.2265
0.374 1.0279
0.710 0.3160
0.549 0.8692
0.261 0.3308
0.274 0.2955
0.267 0.3019
0.486 0.8034
0.655 0.3186
0.712 0.1828
0.462 0.7973
0.705 0.2077
0.264 0.3159
0.632 0.6126
0.625 0.6580
0.235 0.1784
0.288 0.4056
0.231 0.1922
0.235 0.2177
0.450 1.4936
0.715 0.2130
0.302 0.6486
0.399 0.7120
0.686 0.3040
0.394 0.9498
0.330 0.5884
0.237 0.2048
0.744 0.1173
0.455 0.9978
0.403 0.7817
0.711 0.2166
0.631 0.7071
0.514 0.8570
0.579 0.5359
0.528 1.1643
0.637 0.5176
0.241 0.1279
0.450 0.7968
0.275 0.3592
0.478 0.8657
0.655 0.4212
0.282 0.4329
0.750 0.1978
0.394 0.6293
0.557 0.8275
0.330 0.5193
0.672 0.3969
0.638 0.6646
0.442 1.0311
0.435 1.0445
0.748 0.1224
0.559 0.9362
0.615 0.6424
0.702 0.1911
0.548 0.9601
0.574 0.8711
0.559 0.9366
0.658 0.5272
0.563 0.4560
0.427 1.0994
0.534 1.2719
0.702 0.3259
0.617 0.5891
0.261 0.2736
0.501 0.5193
0.609 0.6499
0.232 0.1784
0.739 0.1347
0.525 1.3375
0.599 0.8609
0.717 0.2244
0.546 1.0360
0.353 0.6392
0.353 0.5823
0.531 1.1070
0.509 1.1891
0.457 1.1430
0.680 0.3291
0.651 0.3643
0.643 0.7070
0.513 1.0898
0.454 0.5151
0.726 0.1682
0.420 1.3678
0.534 1.2221
0.467 1.0717
0.304 0.4692
0.554 1.0501
0.351 0.5881
0.747 0.1300
0.657 0.8299
0.367 1.0610
0.414 0.9869
0.567 0.6207
0.446 1.1278
0.251 0.1854
0.526 1.1788
0.559 0.6105
0.531 0.6811
0.666 0.3842
0.439 0.5966
0.238 0.1836
0.511 0.8902
0.493 0.7626
0.274 0.2519
0.541 1.2234
0.455 1.0295
0.582 0.7404
0.760 0.1522
0.536 0.7429
0.236 0.2635
0.707 0.2468
0.666 0.2146
0.494 0.8539
0.709 0.2064
0.429 1.0942
0.248 0.2454
0.382 0.5560
0.341 0.4154
0.246 0.2604
0.368 0.8929
0.494 0.9601
0.570 0.4678
0.511 1.0123
0.566 0.8200
0.225 0.1735
0.358 0.9918
0.557 0.7618
0.637 0.6503
0.581 0.9731
0.476 0.7553
0.273 0.4769
0.462 1.2598
0.561 0.8879
0.516 1.1994
0.761 0.1244
0.763 0.1060
0.393 0.7086
0.321 0.4632
0.575 1.0009
0.558 0.9364
0.614 0.6111
0.347 0.6699
0.693 0.3015
0.388 0.5797
0.346 0.3449
0.287 0.3713
0.759 0.1058
0.751 0.1800
0.302 0.4303
0.610 0.8229
0.654 0.5657
0.577 0.7912
0.371 1.0516
0.372 0.9208
0.231 0.1825
0.702 0.2052
0.222 0.1994
0.341 0.6653
0.656 0.4820
0.543 0.7496
0.362 0.6988
0.430 1.0893
0.410 0.8096
0.278 0.3568
0.320 0.6842
0.667 0.3200
0.576 0.6765
0.704 0.2857
0.369 0.5812
0.496 1.0360
0.659 0.2569
0.628 0.6579
0.529 0.9879
0.338 0.9122
0.509 0.8675
0.270 0.2580
0.770 0.0903
0.427 0.6764
0.438 0.7654
0.603 0.5193
0.376 0.9992
0.623 0.5456
0.232 0.3238
0.475 0.9402
0.313 0.6111
0.516 1.1645
0.429 1.2257
0.682 0.3130
0.305 0.4030
0.467 1.3125
0.231 0.2357
0.704 0.2210
0.508 0.7529
0.535 1.3053
0.687 0.3910
0.382 0.6777
0.428 0.9416
0.355 0.7380
0.294 0.3994
0.404 0.7911
0.617 0.6354
0.574 0.9011
0.460 1.0259
0.340 0.5574
0.384 0.7576
0.599 0.5943
0.758 0.1876
0.468 0.8603
0.414 0.6196
0.513 1.0555
0.698 0.3976
0.498 1.0078
0.535 1.1421
0.353 0.9103
0.470 1.1306
0.273 0.2987
0.489 1.4159
0.699 0.2982
0.578 0.7704
0.716 0.2621
0.421 0.7565
0.513 0.5228
0.732 0.1919
0.675 0.4028
0.702 0.2796
0.563 0.8152
0.648 0.2664
0.606 0.9209
0.360 0.6200
0.535 0.9434
0.254 0.2974
0.588 0.8623
0.673 0.3148
0.738 0.1663
0.424 0.8826
0.659 0.2622
0.414 0.7952
0.711 0.2461
0.698 0.3534
0.340 0.4350
0.762 0.1618
0.471 1.0096
0.682 0.4633
0.678 0.3409
0.282 0.3688
0.333 0.5598
0.547 0.9819
0.691 0.2295
0.244 0.3241
0.463 0.6338
0.314 0.4506
0.724 0.2549
0.774 0.1169
0.752 0.1664
0.249 0.2965
0.615 0.5999
0.323 0.6954
0.459 0.6574
0.671 0.4424
0.595 0.5301
0.582 0.9644
0.483 0.8089
0.534 1.0956
0.362 0.4329
0.464 0.9137
0.576 0.6902
0.441 0.9034
0.330 0.6440
0.703 0.2296
0.760 0.1569
0.467 1.6579
0.569 0.5760
0.414 1.0264
0.723 0.2685
0.714 0.1997
0.660 0.2308
0.538 0.9240
0.619 0.5605
0.274 0.4186
0.393 0.7952
0.500 0.7094
0.548 0.5477
0.454 0.6836
0.577 1.1898
0.661 0.4975
0.388 0.9451
0.613 0.5327
0.330 0.6337
0.581 0.7314
0.586 0.7361
0.368 0.6024
0.707 0.2232
0.497 1.0711
0.747 0.1730
0.762 0.0980
0.275 0.4184
0.241 0.2598
0.343 0.7015
0.499 1.2565
0.290 0.3105
0.735 0.2050
0.417 0.6926
0.509 0.8242
0.628 0.5790
0.381 0.8589
0.721 0.2126
0.239 0.2604
0.301 0.5269
0.295 0.3865
0.737 0.1207
0.433 0.7125
0.258 0.2097
0.410 1.1090
0.630 0.5429
0.298 0.3446
0.682 0.4393
0.602 0.7562
0.371 0.7303
0.310 0.7110
0.524 0.5028
0.350 0.6473
0.614 0.8075
0.364 0.7948
0.250 0.3342
0.612 0.5807
0.327 0.4395
0.770 0.0874
0.700 0.3535
0.694 0.3555
0.320 0.4638
0.221 0.1726
0.557 0.9592
0.750 0.1459
0.385 0.6857
0.389 0.9092
0.581 0.7599
0.391 1.0269
0.394 0.7201
0.293 0.3187
0.664 0.5232
0.655 0.3186
0.237 0.1373
0.303 0.7426
0.221 0.1621
0.773 0.1023
0.707 0.2063