c f
0.000 0.00000
0.050 0.04877
0.100 0.09516
0.150 0.13929
0.200 0.18127
0.250 0.22120
0.300 0.25918
0.350 0.29531
0.400 0.32968
0.450 0.36237
0.500 0.39347
0.550 0.42305
0.600 0.45119
0.650 0.47795
0.700 0.50341
0.750 0.52763
0.800 0.55067
0.850 0.57259
0.900 0.59343
0.950 0.61326
1.000 0.63212
1.050 0.65006
1.100 0.66713
1.150 0.68336
1.200 0.69881
1.250 0.71350
1.300 0.72747
1.350 0.74076
1.400 0.75340
1.450 0.76543
1.500 0.77687
1.550 0.78775
1.600 0.79810
1.650 0.80795
1.700 0.81732
1.750 0.82623
1.800 0.83470
1.850 0.84276
1.900 0.85043
1.950 0.85773
2.000 0.86466
2.050 0.87127
2.100 0.87754
2.150 0.88352
2.200 0.88920
2.250 0.89460
2.300 0.89974
2.350 0.90463
2.400 0.90928
2.450 0.91371
2.500 0.91792
2.550 0.92192
2.600 0.92573
2.650 0.92935
2.700 0.93279
2.750 0.93607
2.800 0.93919
2.850 0.94216
2.900 0.94498
2.950 0.94766
3.000 0.95021
3.050 0.95264
3.100 0.95495
3.150 0.95715
3.200 0.95924
3.250 0.96123
3.300 0.96312
3.350 0.96492
3.400 0.96663
3.450 0.96825
3.500 0.96980
3.550 0.97128
3.600 0.97268
3.650 0.97401
3.700 0.97528
3.750 0.97648
3.800 0.97763
3.850 0.97872
3.900 0.97976
3.950 0.98075
4.000 0.98168
4.050 0.98258
4.100 0.98343
4.150 0.98424
4.200 0.98500
4.250 0.98574
4.300 0.98643
4.350 0.98709
4.400 0.98772
4.450 0.98832
4.500 0.98889
4.550 0.98943
4.600 0.98995
4.650 0.99044
4.700 0.99090
4.750 0.99135
4.800 0.99177
4.850 0.99217
4.900 0.99255
4.950 0.99292
5.000 0.99326
5.050 0.99359
5.100 0.99390
5.150 0.99420
5.200 0.99448
5.250 0.99475
5.300 0.99501
5.350 0.99525
5.400 0.99548
5.450 0.99570
5.500 0.99591
5.550 0.99611
5.600 0.99630
5.650 0.99648
5.700 0.99665
5.750 0.99682
5.800 0.99697
5.850 0.99712
5.900 0.99726
5.950 0.99739
6.000 0.99752
6.050 0.99764
6.100 0.99776
6.150 0.99787
6.200 0.99797
6.250 0.99807
6.300 0.99816
6.350 0.99825
6.400 0.99834
6.450 0.99842
6.500 0.99850
6.550 0.99857
6.600 0.99864
6.650 0.99871
6.700 0.99877
6.750 0.99883
6.800 0.99889
6.850 0.99894
6.900 0.99899
6.950 0.99904
7.000 0.99909
7.050 0.99913
7.100 0.99917
7.150 0.99922
7.200 0.99925
7.250 0.99929
7.300 0.99932
7.350 0.99936
7.400 0.99939
7.450 0.99942
7.500 0.99945
7.550 0.99947
7.600 0.99950
7.650 0.99952
7.700 0.99955
7.750 0.99957
7.800 0.99959
7.850 0.99961
7.900 0.99963
7.950 0.99965
8.000 0.99966