c s1 s08 s05
0.000 0.00000 0.00000 0.00000
0.050 0.04756 0.04804 0.04877
0.100 0.09048 0.09231 0.09512
0.150 0.12911 0.13304 0.13916
0.200 0.16375 0.17043 0.18097
0.250 0.19470 0.20468 0.22062
0.300 0.22225 0.23599 0.25821
0.350 0.24664 0.26452 0.29381
0.400 0.26813 0.29046 0.32749
0.450 0.28693 0.31395 0.35933
0.500 0.30327 0.33516 0.38940
0.550 0.31732 0.35422 0.41776
0.600 0.32929 0.37127 0.44449
0.650 0.33933 0.38644 0.46964
0.700 0.34761 0.39985 0.49328
0.750 0.35427 0.41161 0.51547
0.800 0.35946 0.42183 0.53626
0.850 0.36330 0.43062 0.55570
0.900 0.36591 0.43808 0.57387
0.950 0.36740 0.44428 0.59079
1.000 0.36788 0.44933 0.60653
1.050 0.36743 0.45330 0.62113
1.100 0.36616 0.45626 0.63464
1.150 0.36413 0.45830 0.64711
1.200 0.36143 0.45947 0.65857
1.250 0.35813 0.45985 0.66908
1.300 0.35429 0.45949 0.67866
1.350 0.34997 0.45845 0.68736
1.400 0.34524 0.45679 0.69522
1.450 0.34013 0.45455 0.70227
1.500 0.33470 0.45179 0.70855
1.550 0.32898 0.44855 0.71409
1.600 0.32303 0.44486 0.71893
1.650 0.31688 0.44077 0.72309
1.700 0.31056 0.43632 0.72661
1.750 0.30410 0.43154 0.72951
1.800 0.29754 0.42647 0.73183
1.850 0.29089 0.42113 0.73358
1.900 0.28418 0.41555 0.73481
1.950 0.27743 0.40977 0.73553
2.000 0.27067 0.40379 0.73576
2.050 0.26391 0.39766 0.73553
2.100 0.25716 0.39139 0.73487
2.150 0.25044 0.38499 0.73379
2.200 0.24377 0.37850 0.73232
2.250 0.23715 0.37192 0.73047
2.300 0.23060 0.36528 0.72826
2.350 0.22412 0.35859 0.72572
2.400 0.21772 0.35186 0.72287
2.450 0.21142 0.34510 0.71971
2.500 0.20521 0.33834 0.71626
2.550 0.19911 0.33157 0.71255
2.600 0.19311 0.32482 0.70858
2.650 0.18723 0.31808 0.70438
2.700 0.18145 0.31138 0.69995
2.750 0.17580 0.30471 0.69531
2.800 0.17027 0.29808 0.69047
2.850 0.16486 0.29151 0.68545
2.900 0.15957 0.28499 0.68025
2.950 0.15440 0.27854 0.67490
3.000 0.14936 0.27215 0.66939
3.050 0.14444 0.26584 0.66374
3.100 0.13965 0.25960 0.65797
3.150 0.13498 0.25345 0.65207
3.200 0.13044 0.24738 0.64607
3.250 0.12602 0.24139 0.63996
3.300 0.12171 0.23549 0.63376
3.350 0.11753 0.22969 0.62748
3.400 0.11347 0.22397 0.62112
3.450 0.10952 0.21836 0.61470
3.500 0.10569 0.21284 0.60821
3.550 0.10197 0.20741 0.60167
3.600 0.09837 0.20209 0.59508
3.650 0.09487 0.19686 0.58844
3.700 0.09148 0.19173 0.58178
3.750 0.08819 0.18670 0.57508
3.800 0.08501 0.18177 0.56836
3.850 0.08193 0.17694 0.56162
3.900 0.07894 0.17221 0.55487
3.950 0.07606 0.16758 0.54811
4.000 0.07326 0.16305 0.54134
4.050 0.07056 0.15861 0.53458
4.100 0.06795 0.15428 0.52781
4.150 0.06542 0.15003 0.52106
4.200 0.06298 0.14589 0.51432
4.250 0.06062 0.14184 0.50759
4.300 0.05834 0.13788 0.50088
4.350 0.05614 0.13401 0.49420
4.400 0.05402 0.13024 0.48753
4.450 0.05197 0.12655 0.48090
4.500 0.04999 0.12296 0.47430
4.550 0.04808 0.11945 0.46773
4.600 0.04624 0.11603 0.46119
4.650 0.04446 0.11269 0.45469
4.700 0.04275 0.10943 0.44824
4.750 0.04110 0.10626 0.44182
4.800 0.03950 0.10317 0.43545
4.850 0.03797 0.10016 0.42912
4.900 0.03649 0.09722 0.42284
4.950 0.03506 0.09436 0.41661
5.000 0.03369 0.09158 0.41042
5.050 0.03237 0.08887 0.40429
5.100 0.03109 0.08623 0.39822
5.150 0.02987 0.08366 0.39219
5.200 0.02869 0.08116 0.38622
5.250 0.02755 0.07873 0.38031
5.300 0.02646 0.07636 0.37445
5.350 0.02540 0.07406 0.36865
5.400 0.02439 0.07182 0.36291
5.450 0.02341 0.06964 0.35723
5.500 0.02248 0.06753 0.35160
5.550 0.02158 0.06547 0.34604
5.600 0.02071 0.06347 0.34054
5.650 0.01987 0.06152 0.33509
5.700 0.01907 0.05963 0.32971
5.750 0.01830 0.05780 0.32439
5.800 0.01756 0.05601 0.31913
5.850 0.01685 0.05428 0.31394
5.900 0.01616 0.05260 0.30880
5.950 0.01550 0.05097 0.30373
6.000 0.01487 0.04938 0.29872
6.050 0.01427 0.04784 0.29377
6.100 0.01368 0.04634 0.28889
6.150 0.01312 0.04489 0.28407
6.200 0.01258 0.04348 0.27931
6.250 0.01207 0.04211 0.27461
6.300 0.01157 0.04078 0.26997
6.350 0.01109 0.03950 0.26539
6.400 0.01063 0.03825 0.26088
6.450 0.01019 0.03703 0.25642
6.500 0.00977 0.03586 0.25203
6.550 0.00937 0.03472 0.24770
6.600 0.00898 0.03361 0.24343
6.650 0.00861 0.03254 0.23922
6.700 0.00825 0.03150 0.23507
6.750 0.00790 0.03049 0.23097
6.800 0.00757 0.02951 0.22694
6.850 0.00726 0.02856 0.22296
6.900 0.00695 0.02764 0.21904
6.950 0.00666 0.02675 0.21518
7.000 0.00638 0.02589 0.21138
7.050 0.00612 0.02505 0.20764
7.100 0.00586 0.02424 0.20394
7.150 0.00561 0.02345 0.20031
7.200 0.00538 0.02269 0.19673
7.250 0.00515 0.02195 0.19321
7.300 0.00493 0.02123 0.18974
7.350 0.00472 0.02054 0.18632
7.400 0.00452 0.01987 0.18295
7.450 0.00433 0.01922 0.17964
7.500 0.00415 0.01859 0.17638
7.550 0.00397 0.01798 0.17318
7.600 0.00380 0.01739 0.17002
7.650 0.00364 0.01682 0.16691
7.700 0.00349 0.01626 0.16385
7.750 0.00334 0.01573 0.16085
7.800 0.00320 0.01521 0.15789
7.850 0.00306 0.01471 0.15498
7.900 0.00293 0.01422 0.15211
7.950 0.00280 0.01375 0.14930
8.000 0.00268 0.01329 0.14653