anio costo
2001.745 95263071.92
2002.460 74336305.35
2003.176 58006593.55
2003.892 45264085.69
2004.607 35320768.35
2005.323 27561733.71
2006.039 21507152.90
2006.755 16782602.67
2007.470 13095910.63
2008.186 10219086.91
2008.902 7974224.95
2009.617 6222499.54
2010.333 4855581.67
2011.049 3788939.35
2011.764 2956610.01
2012.480 2307121.33
2013.196 1800308.05
2013.912 1404828.19
2014.627 1096224.75
2015.343 855413.29
2016.059 667501.71
2016.774 520869.32
2017.490 406448.16
2018.206 317162.30
2018.921 247490.16
2019.637 193123.15
2020.353 150699.12
2021.069 117594.53
2021.784 91762.13
2022.500 71604.43