k pois nb
0 0.000000 0.000001
1 0.000000 0.000007
2 0.000000 0.000030
3 0.000000 0.000089
4 0.000000 0.000216
5 0.000000 0.000453
6 0.000000 0.000850
7 0.000000 0.001456
8 0.000002 0.002321
9 0.000005 0.003482
10 0.000015 0.004961
11 0.000042 0.006765
12 0.000104 0.008879
13 0.000240 0.011270
14 0.000513 0.013886
15 0.001027 0.016663
16 0.001925 0.019527
17 0.003397 0.022399
18 0.005662 0.025199
19 0.008941 0.027851
20 0.013411 0.030288
21 0.019159 0.032452
22 0.026126 0.034296
23 0.034077 0.035787
24 0.042596 0.036905
25 0.051115 0.037643
26 0.058979 0.038005
27 0.065532 0.038005
28 0.070213 0.037666
29 0.072635 0.037016
30 0.072635 0.036091
31 0.070291 0.034927
32 0.065898 0.033563
33 0.059908 0.032037
34 0.052860 0.030388
35 0.045308 0.028652
36 0.037757 0.026861
37 0.030614 0.025046
38 0.024169 0.023233
39 0.018591 0.021446
40 0.013943 0.019704
41 0.010203 0.018022
42 0.007288 0.016413
43 0.005084 0.014886
44 0.003467 0.013448
45 0.002311 0.012103
46 0.001507 0.010853
47 0.000962 0.009699
48 0.000601 0.008638
49 0.000368 0.007668
50 0.000221 0.006787
51 0.000130 0.005988
52 0.000075 0.005268
53 0.000042 0.004622
54 0.000024 0.004044
55 0.000013 0.003530
56 0.000007 0.003073
57 0.000004 0.002668
58 0.000002 0.002312
59 0.000001 0.001998
60 0.000000 0.001724
61 0.000000 0.001483
62 0.000000 0.001274
63 0.000000 0.001092
64 0.000000 0.000934
65 0.000000 0.000798
66 0.000000 0.000680
67 0.000000 0.000578
68 0.000000 0.000491
69 0.000000 0.000416
70 0.000000 0.000352
71 0.000000 0.000298
72 0.000000 0.000251
73 0.000000 0.000212
74 0.000000 0.000178
75 0.000000 0.000150
76 0.000000 0.000126
77 0.000000 0.000105
78 0.000000 0.000088
79 0.000000 0.000073
80 0.000000 0.000061