k c5 c10 c30
15 0.0149211 0.000222639 1.10358e-11
17 0.0165426 0.000273659 2.04942e-11
19 0.0183104 0.00033527 3.76863e-11
21 0.0202342 0.000409425 6.86313e-11
23 0.0223246 0.000498389 1.23795e-10
25 0.0245922 0.000604777 2.21201e-10
27 0.0270482 0.000731603 3.91585e-10
29 0.0297039 0.00088232 6.86875e-10
31 0.0325711 0.00106088 1.19398e-09
33 0.035662 0.00127178 2.05701e-09
35 0.038989 0.00152014 3.51279e-09
37 0.0425647 0.00181175 5.94696e-09
39 0.0464019 0.00215314 9.98199e-09
41 0.050514 0.00255167 1.66139e-08
43 0.0549142 0.00301557 2.74225e-08
45 0.059616 0.00355406 4.48926e-08
47 0.064633 0.00417742 7.28995e-08
49 0.069979 0.00489706 1.17437e-07
51 0.0756677 0.00572561 1.877e-07
53 0.0817131 0.00667703 2.97681e-07
55 0.0881289 0.0077667 4.68501e-07
57 0.0949289 0.00901149 7.31796e-07
59 0.102127 0.0104299 1.13458e-06
61 0.109736 0.012042 1.74619e-06
63 0.11777 0.0138697 2.66811e-06
65 0.126242 0.015937 4.04777e-06
67 0.135164 0.0182694 6.09778e-06
69 0.14455 0.0208948 9.1225e-06
71 0.154412 0.023843 1.35545e-05
73 0.164761 0.0271462 2.00044e-05
75 0.175609 0.0308385 2.93278e-05
77 0.186967 0.0349565 4.27155e-05
79 0.198845 0.0395392 6.18137e-05
81 0.211253 0.0446278 8.88826e-05
83 0.224201 0.0502659 0.000127005
85 0.237696 0.0564996 0.000180358
87 0.251748 0.0633772 0.000254565
89 0.266364 0.0709496 0.000357149
91 0.281549 0.0792699 0.000498109
93 0.29731 0.0883934 0.000690653
95 0.313652 0.0983778 0.000952121
97 0.33058 0.109283 0.00130514
99 0.348095 0.12117 0.00177906
101 0.366202 0.134104 0.00241172
103 0.384902 0.148149 0.00325162
105 0.404195 0.163374 0.00436059
107 0.424081 0.179845 0.00581696
109 0.44456 0.197634 0.00771941
111 0.46563 0.216811 0.0101916
113 0.487286 0.237448 0.0133877
115 0.509527 0.259618 0.0174986
117 0.532346 0.283393 0.0227597
119 0.555739 0.308846 0.0294596
121 0.579699 0.336051 0.0379503
123 0.604218 0.365079 0.0486588
125 0.629288 0.396003 0.0621006
127 0.654899 0.428893 0.0788946
