m obs het hom dup fit
1 3297024 0.97 0.00 0.00 0.97
2 75969 7.57 0.00 0.00 7.57
3 1534 39.31 0.00 0.00 39.31
4 166 153.13 0.00 0.00 153.13
5 640 477.20 0.01 0.00 477.21
6 1380 1239.42 0.03 0.00 1239.45
7 3006 2759.51 0.13 0.00 2759.64
8 5655 5376.47 0.49 0.00 5376.96
9 9326 9312.22 1.71 0.00 9313.93
10 14099 14517.61 5.31 0.00 14522.92
11 19988 20577.27 15.03 0.00 20592.30
12 26180 26738.39 39.00 0.00 26777.38
13 32874 32074.80 93.41 0.00 32168.21
14 36554 35731.50 207.80 0.00 35939.30
15 38459 37155.13 431.49 0.00 37586.62
16 37477 36224.38 840.05 0.00 37064.43
17 34931 33242.80 1539.41 0.00 34782.21
18 31139 28814.69 2664.56 0.01 31479.26
19 27734 23664.24 4369.76 0.02 28034.02
20 24593 18464.53 6808.59 0.05 25273.17
21 22962 13722.65 10104.41 0.11 23827.16
22 23641 9735.93 14315.44 0.23 24051.60
23 26097 6607.77 19401.55 0.47 26009.80
24 29010 4298.26 25201.61 0.92 29500.79
25 34628 2684.39 31429.29 1.72 34115.39
26 39724 1612.16 37692.15 3.08 39307.39
27 44465 932.44 43533.15 5.34 44470.93
28 49169 520.10 48488.45 8.90 49017.46
29 52028 280.13 52150.68 14.34 52445.15
30 54699 145.86 54225.25 22.35 54393.47
31 54885 73.51 54569.02 33.70 54676.23
32 52641 35.89 53204.17 49.25 53289.31
33 49677 16.99 50306.55 69.82 50393.37
34 45681 7.81 46172.32 96.12 46276.25
35 41183 3.49 41171.15 128.60 41303.24
36 35740 1.51 35695.48 167.41 35864.40
37 31101 0.64 30114.62 212.24 30327.50
38 25516 0.26 24740.19 262.30 25002.75
39 20451 0.11 19805.73 316.34 20122.18
40 16468 0.04 15460.61 372.73 15833.38
41 12582 0.02 11775.57 429.56 12205.14
42 9499 0.01 8756.18 484.89 9241.08
43 7015 0.00 6360.21 536.92 6897.14
44 5133 0.00 4515.31 584.23 5099.54
45 3626 0.00 3134.64 625.90 3760.54
46 2607 0.00 2129.04 661.69 2790.74
47 1917 0.00 1415.42 691.99 2107.41
48 1455 0.00 921.48 717.75 1639.23
49 1252 0.00 587.73 740.34 1328.06
50 1086 0.00 367.39 761.33 1128.72
51 1057 0.00 225.18 782.22 1007.40
52 1066 0.00 135.38 804.21 939.59
53 1005 0.00 79.86 828.03 907.89
54 993 0.00 46.24 853.75 899.99
55 990 0.00 26.29 880.79 907.08
56 876 0.00 14.68 907.95 922.63
57 1020 0.00 8.06 933.52 941.58
58 993 0.00 4.35 955.49 959.84
59 966 0.00 2.30 971.75 974.06
60 1033 0.00 1.20 980.33 981.53
61 1018 0.00 0.62 979.58 980.19
62 985 0.00 0.31 968.37 968.68
63 977 0.00 0.15 946.17 946.32
64 985 0.00 0.08 913.09 913.17
65 894 0.00 0.04 869.88 869.91
66 921 0.00 0.02 817.79 817.81
67 803 0.00 0.01 758.52 758.53
68 713 0.00 0.00 694.04 694.04
69 584 0.00 0.00 626.41 626.41
70 593 0.00 0.00 557.70 557.70
71 452 0.00 0.00 489.82 489.82
72 365 0.00 0.00 424.42 424.42
73 272 0.00 0.00 362.84 362.84
74 293 0.00 0.00 306.10 306.10
75 222 0.00 0.00 254.86 254.86
76 174 0.00 0.00 209.44 209.44
77 144 0.00 0.00 169.92 169.92
78 116 0.00 0.00 136.10 136.10
79 88 0.00 0.00 107.66 107.66
80 61 0.00 0.00 84.10 84.10
81 52 0.00 0.00 64.90 64.90
82 27 0.00 0.00 49.47 49.47
83 21 0.00 0.00 37.27 37.27
84 11 0.00 0.00 27.74 27.74
85 10 0.00 0.00 20.41 20.41
86 4 0.00 0.00 14.84 14.84
87 8 0.00 0.00 10.67 10.67
88 3 0.00 0.00 7.58 7.58
89 2 0.00 0.00 5.33 5.33
90 0 0.00 0.00 3.71 3.71
91 0 0.00 0.00 2.55 2.55
92 0 0.00 0.00 1.73 1.73
93 0 0.00 0.00 1.17 1.17
94 0 0.00 0.00 0.78 0.78
95 0 0.00 0.00 0.51 0.51
96 0 0.00 0.00 0.33 0.33
97 0 0.00 0.00 0.22 0.22
98 0 0.00 0.00 0.14 0.14
99 0 0.00 0.00 0.09 0.09
100 0 0.00 0.00 0.05 0.05
