k rep5M rep3G ok1 ok01 cov150
9 1.000000 1.000000 0.9135 0.9910 0.9467
10 0.999928 1.000000 0.9044 0.9900 0.9400
11 0.907836 1.000000 0.8953 0.9891 0.9333
12 0.449014 1.000000 0.8864 0.9881 0.9267
13 0.138441 1.000000 0.8775 0.9871 0.9200
14 0.036568 1.000000 0.8687 0.9861 0.9133
15 0.009270 0.996893 0.8601 0.9851 0.9067
16 0.002326 0.763912 0.8515 0.9841 0.9000
17 0.000582 0.302943 0.8429 0.9831 0.8933
18 0.000146 0.086272 0.8345 0.9822 0.8867
19 0.000036 0.022303 0.8262 0.9812 0.8800
20 0.000009 0.005623 0.8179 0.9802 0.8733
21 0.000002 0.001409 0.8097 0.9792 0.8667
22 0.000001 0.000352 0.8016 0.9782 0.8600
23 0.000000 0.000088 0.7936 0.9773 0.8533
24 0.000000 0.000022 0.7857 0.9763 0.8467
25 0.000000 0.000006 0.7778 0.9753 0.8400
26 0.000000 0.000001 0.7700 0.9743 0.8333
27 0.000000 0.000000 0.7623 0.9733 0.8267
28 0.000000 0.000000 0.7547 0.9724 0.8200
29 0.000000 0.000000 0.7472 0.9714 0.8133
30 0.000000 0.000000 0.7397 0.9704 0.8067
31 0.000000 0.000000 0.7323 0.9695 0.8000
32 0.000000 0.000000 0.7250 0.9685 0.7933
33 0.000000 0.000000 0.7177 0.9675 0.7867
34 0.000000 0.000000 0.7106 0.9666 0.7800
35 0.000000 0.000000 0.7034 0.9656 0.7733
36 0.000000 0.000000 0.6964 0.9646 0.7667
37 0.000000 0.000000 0.6894 0.9637 0.7600
38 0.000000 0.000000 0.6826 0.9627 0.7533
39 0.000000 0.000000 0.6757 0.9617 0.7467
40 0.000000 0.000000 0.6690 0.9608 0.7400
41 0.000000 0.000000 0.6623 0.9598 0.7333
42 0.000000 0.000000 0.6557 0.9588 0.7267
43 0.000000 0.000000 0.6491 0.9579 0.7200
44 0.000000 0.000000 0.6426 0.9569 0.7133
45 0.000000 0.000000 0.6362 0.9560 0.7067
46 0.000000 0.000000 0.6298 0.9550 0.7000
47 0.000000 0.000000 0.6235 0.9541 0.6933
48 0.000000 0.000000 0.6173 0.9531 0.6867
49 0.000000 0.000000 0.6111 0.9522 0.6800
50 0.000000 0.000000 0.6050 0.9512 0.6733
51 0.000000 0.000000 0.5990 0.9503 0.6667
52 0.000000 0.000000 0.5930 0.9493 0.6600
53 0.000000 0.000000 0.5870 0.9484 0.6533
54 0.000000 0.000000 0.5812 0.9474 0.6467
55 0.000000 0.000000 0.5754 0.9465 0.6400
56 0.000000 0.000000 0.5696 0.9455 0.6333
57 0.000000 0.000000 0.5639 0.9446 0.6267
58 0.000000 0.000000 0.5583 0.9436 0.6200
59 0.000000 0.000000 0.5527 0.9427 0.6133
60 0.000000 0.000000 0.5472 0.9417 0.6067
61 0.000000 0.000000 0.5417 0.9408 0.6000
62 0.000000 0.000000 0.5363 0.9399 0.5933
63 0.000000 0.000000 0.5309 0.9389 0.5867
