x A B AG BG
0 126.11 1407.84 126.11 1407.84
1 126.11 1407.84 126.11 1407.84
2 126.11 1407.84 126.11 1407.84
3 99.84 1407.84 99.84 1407.84
4 99.84 1407.84 99.84 1407.84
5 97.40 1407.84 97.40 1407.84
6 97.40 1407.84 97.40 1407.84
7 94.98 1407.84 94.98 1407.84
8 94.98 1407.84 94.98 1407.84
9 94.02 1407.84 94.02 1407.84
10 94.02 1407.84 94.02 1407.84
11 92.90 1407.84 92.90 1407.84
12 92.90 1407.84 92.90 1407.84
13 87.38 1407.84 87.38 1407.84
14 87.38 1407.84 79.68 1407.84
15 79.68 1407.84 79.68 1407.84
16 78.81 1407.84 78.81 1407.84
17 78.81 1407.84 78.81 1407.84
18 73.19 1407.84 73.19 1407.84
19 73.19 1407.84 71.13 1407.84
20 71.13 1407.84 64.22 1407.84
21 64.22 1407.84 64.22 1407.84
22 62.10 1407.84 62.10 1407.84
23 62.10 1407.84 61.53 1407.84
24 61.53 1407.84 60.37 1407.84
25 60.37 1407.84 57.40 1407.84
26 57.40 1407.84 57.40 1407.84
27 51.68 1407.84 51.68 1407.84
28 51.48 1407.84 51.48 1407.84
29 50.82 827.97 50.82 827.97
30 50.82 827.97 50.73 827.97
31 50.73 827.97 50.44 827.97
32 50.44 827.97 49.94 827.97
33 49.94 827.97 49.62 827.97
34 49.62 827.97 49.62 827.97
35 49.62 827.97 49.43 827.97
36 49.43 827.97 49.26 827.97
37 49.26 827.97 49.19 827.97
38 49.19 827.97 49.13 827.97
39 49.13 827.97 49.05 827.97
40 49.05 827.97 48.61 827.97
41 48.61 827.97 47.65 827.97
42 48.22 827.97 44.73 827.97
43 47.65 827.97 43.87 827.97
44 44.73 827.97 43.53 827.97
45 43.87 728.24 42.32 728.24
46 42.32 728.24 42.22 728.24
47 42.22 728.24 41.16 728.24
48 41.16 728.24 38.95 728.24
49 40.13 728.24 38.78 728.24
50 38.95 728.24 38.44 728.24
51 38.44 728.24 36.58 728.24
52 38.04 728.24 35.00 728.24
53 36.58 728.24 34.62 728.24
54 35.00 728.24 33.67 728.24
55 33.71 728.24 33.58 728.24
56 33.67 728.24 33.33 728.24
57 33.52 728.24 31.71 728.24
58 33.33 728.24 31.23 728.24
59 31.44 728.24 30.66 728.24
60 31.23 702.21 30.56 702.21
61 30.66 702.21 30.11 702.21
62 30.56 702.21 29.88 702.21
63 30.11 702.21 28.84 702.21
64 29.88 702.21 28.52 702.21
65 28.84 702.21 27.22 702.21
66 28.52 702.21 26.09 702.21
67 27.22 702.21 25.89 702.21
68 26.09 702.21 25.87 702.21
69 26.06 702.21 24.86 702.21
70 25.87 702.21 24.12 702.21
71 24.86 702.21 23.22 702.21
72 24.23 702.21 22.86 702.21
73 23.38 702.21 21.86 702.21
74 22.90 546.42 21.48 546.42
75 22.54 546.42 19.93 546.42
76 21.48 546.42 19.50 546.42
77 20.49 546.42 17.97 546.42
78 19.59 546.42 17.56 546.42
79 18.60 546.42 16.98 546.42
80 17.60 546.42 15.74 546.42
81 17.26 546.42 15.42 546.42
82 15.86 546.42 15.31 546.42
83 15.56 546.42 14.85 546.42
84 15.32 546.42 14.47 546.42
85 15.07 230.87 13.92 230.87
86 14.81 230.87 13.04 230.87
87 14.43 230.87 11.66 230.87
88 13.55 230.87 10.78 230.87
89 12.70 230.87 10.43 181.60
90 11.58 181.60 10.06 181.60
91 10.61 181.60 9.50 181.60
92 10.32 181.60 8.74 181.60
93 10.01 163.01 7.89 163.01
94 9.34 163.01 6.04 163.01
95 8.29 163.01 4.49 163.01
96 7.79 157.42 3.19 157.42
97 6.01 157.42 0.00 157.42
98 4.49 157.42 0.00 157.42
99 3.19 157.42 0.00 44.41
100 0.68 44.41 0.00 0.00
