x real bar
40 11645.0 16648.0
60 5198.0 6581.0
80 2532.0 2540.0
100 1355.0 1032.0
120 827.0 378.0
140 545.0 158.0
160 415.0 72.0
180 314.0 13.0
200 266.0 13.0
220 238.0 2.0
240 251.0 2.0
260 229.0 1.0
280 190.0 0.5
300 229.0 0.5
320 203.0 0.5
340 184.0 0.5
360 140.0 0.5
380 141.0 0.5
400 134.0 0.5
420 138.0 0.5
440 116.0 0.5
460 118.0 0.5
480 100.0 0.5
500 63.0 0.5
520 69.0 0.5
540 55.0 0.5
560 59.0 0.5
580 33.0 0.5
600 22.0 0.5
620 28.0 0.5
640 24.0 0.5
660 23.0 0.5
680 23.0 0.5
700 16.0 0.5
720 22.0 0.5
740 15.0 0.5
760 25.0 0.5
780 15.0 0.5
800 15.0 0.5
820 16.0 0.5
840 8.0 0.5
860 9.0 0.5
880 12.0 0.5
900 12.0 0.5
920 5.0 0.5
940 5.0 0.5
960 7.0 0.5
980 0.5 0.5
1000 3.0 0.5
