x teo
30 26554.517
35 21025.689
40 16648.000
45 13181.775
50 10437.241
55 8264.138
60 6543.489
65 5181.091
70 4102.353
75 3248.216
80 2571.916
85 2036.425
90 1612.428
95 1276.710
100 1010.890
105 800.416
110 633.764
115 501.810
120 397.330
125 314.603
130 249.101
135 197.236
140 156.170
145 123.655
150 97.909
155 77.524
160 61.383
165 48.602
170 38.483
175 30.471
180 24.126
185 19.103
190 15.126
195 11.976
200 9.483
205 7.508
210 5.945
215 4.707
220 3.727
225 2.951
230 2.337
235 1.850
240 1.465
245 1.160
250 0.918
255 0.727
260 0.576
265 0.456
270 0.361
275 0.286
280 0.226
285 0.179
290 0.142
295 0.112
300 0.089
305 0.070
310 0.056
315 0.044
320 0.035
325 0.028
330 0.022
335 0.017
340 0.014
345 0.011
350 0.009
355 0.007
360 0.005
365 0.004
370 0.003
375 0.003
380 0.002
385 0.002
390 0.001
395 0.001
