pos score
1 -23.823
2 -24.266
3 -19.920
4 -27.817
5 -6.634
6 -14.971
7 -9.221
8 -15.636
9 -5.132
10 -18.862
11 -15.834
12 -21.726
13 -27.712
14 -25.279
15 -27.559
16 -31.034
17 -31.192
18 -19.365
19 -17.439
20 -3.960
21 -7.711
22 -1.220
23 -25.745
24 -15.954
25 -32.191
26 -21.115
27 -19.137
28 -16.978
29 -12.442
30 -19.584
31 -11.848
32 -20.807
33 -28.133
34 -31.996
35 -29.856
36 -22.623
37 -15.566
38 -14.691
39 -22.992
40 -25.029
41 -17.289
42 -26.059
43 -27.954
44 -12.315
45 -22.140
46 -15.599
47 -12.920
48 -12.760
49 -17.712
50 -6.071
51 -24.756
52 -0.062
53 -5.687
54 -3.702
55 -2.876
56 -17.811
57 -15.430
58 -11.516
59 -22.521
60 -23.741
61 -12.882
62 -12.909
63 -11.258
64 -15.305
65 -7.957
66 -12.193
67 -24.005
68 -23.162
69 -30.792
70 -23.654
71 -27.392
72 -15.689
73 -17.281
74 -2.823
75 -8.170
76 -15.594
77 -15.014
78 -10.502
79 -22.444
80 -12.255
81 -15.389
82 -14.928
83 -3.616
84 -11.860
85 -14.626
86 -17.388
87 -17.493
88 -23.464
89 -12.068
90 -26.714
91 -19.967
92 -12.879
93 -5.586
94 -12.807
95 -8.531
96 -22.376
97 -6.165
98 -24.783
99 -11.053
100 -20.831
101 -17.172
102 -10.693
103 -14.208
104 -11.984
105 -21.771
106 -16.981
107 -32.260
108 -18.195
109 -34.256
110 -13.588
111 -11.449
112 1.655
113 -12.819
114 -10.776
115 -28.867
116 -18.990
117 -25.569
118 -17.634
119 -12.461
120 -10.972
121 4.200
122 -4.539
123 -7.715
124 0.132
125 -17.533
126 -9.857
127 -13.895
128 -20.019
129 -21.805
130 -15.923
131 -23.589
132 -17.581
133 -20.036
134 -8.327
135 -15.850
136 -29.589
137 -11.743
138 -20.498
139 -17.719
140 -9.974
141 -10.883
142 -24.693
143 -19.289
144 -28.485
145 -36.307
146 -31.294
147 -32.470
148 -29.256
149 -30.751
150 -26.964
151 -26.046
152 -18.312
153 -16.797
154 -7.372
155 -10.107
156 -6.192
157 -24.227
158 -14.552
159 -22.364
160 -15.533
161 -14.781
162 -14.661
163 -3.056
164 -19.542
165 -19.195
166 -17.454
167 -27.287
168 -37.563
169 -25.034
170 -26.277
171 -30.545
172 -23.922
173 -21.882
174 -25.655
175 -25.827
176 -15.695
177 -18.274
178 -15.677
179 -6.402
180 -16.495
181 -15.653
182 -15.529
183 -13.348
184 -15.308
185 -14.863
186 -27.425
187 -18.793
188 -15.864
189 -24.679
190 -13.630
191 -31.129
192 -24.005
193 -23.701
194 -26.895
195 -19.294
196 -13.669
197 -17.942
198 -14.702
199 -15.392
200 -11.915
201 -20.896
202 -32.919
203 -20.869
204 -27.816
205 -22.918
206 -27.545
207 -19.407
208 -26.150
209 -14.295
210 -12.724
211 -10.070
212 -4.294
213 -23.775
214 -19.297
215 -24.352
216 -30.913
217 -23.985
218 -32.531
219 -23.290
220 -26.289
221 -22.391
222 -23.701
223 -18.825
224 -28.729
225 -21.953
226 -19.220
227 -21.878
228 -20.785
229 -18.733
230 -27.557
231 -19.373
232 -36.616
233 -17.123
234 -24.133
235 -17.566
236 -4.293
237 -3.034
238 -2.838
239 -11.376
240 -5.015
241 -21.147
242 -12.721
243 -17.028
244 -23.657
245 -21.641
246 -14.693
247 -27.484
248 -25.334
249 -24.814
250 -28.555
251 -24.961
252 -28.572
253 -7.776
254 -11.614
255 -7.403
256 -17.492
257 -17.160
258 -30.355
259 -22.746
260 -31.689
261 -21.398
262 -25.837
263 -16.202
264 -24.693
265 -19.576
266 -30.480
267 -16.713
268 -31.192
269 -12.025
270 -29.633
271 -20.702
272 -21.883
273 -22.095
274 -18.715
275 -15.748
276 -18.979
277 -15.769
278 -25.237
279 -22.745
280 -26.603
281 -24.322
282 -16.703
283 -18.683
284 -22.608
285 -7.225
286 -16.647
287 -11.277
288 -3.612
289 -2.010
290 -9.963
291 10.542
292 -17.176
293 -5.824
294 -16.210
295 -18.864
296 -24.042
297 -17.670
298 -22.769
299 -26.480
300 -28.805
301 -12.569
302 -17.880
303 -9.695
304 -8.492
305 -8.049
306 -22.291
307 -12.407
308 -18.466
309 -9.042
310 -7.527
311 -6.523
312 -4.434
313 -10.401
314 -4.601
315 2.984
316 -13.909
317 -12.944
318 -22.411
319 -19.248
320 -27.355
321 -16.448
322 -29.250
323 -12.699
324 -16.860
325 -10.121
326 -16.364
327 -7.574
328 -24.504
329 -17.305
330 -18.424
331 -27.909
332 -28.086
333 -19.623
334 -36.355
335 -22.997
336 -25.813
337 -27.585
338 -16.099
339 -24.400
340 -19.500
341 -28.377
342 -18.630
343 -29.397
344 -28.865
345 -27.533
346 -26.363
347 -28.939
348 -16.365
349 -23.785
350 -10.847
351 -12.989
352 -17.101
353 -20.018
354 -19.330
355 -17.164
356 -20.004
357 -16.797
358 -20.522
359 -12.219
360 -19.433
361 -24.529
362 -22.242
363 -15.460
364 -27.600
365 -9.766
366 -16.616
367 -2.044
368 -17.542
369 -10.457
370 -28.806
371 -24.361
372 -24.619
373 -27.680
374 -22.807
375 -17.762
376 -11.779
377 -21.304
378 -8.000
379 -16.295
380 -11.855
381 -20.369
382 -10.613
383 -27.551
384 -18.058
385 -21.406
386 -22.960
