it ll aHH eHG
0 -9991.132 0.60000 0.30000
1 -9982.416 0.59829 0.29201
2 -9980.674 0.60228 0.29489
3 -9978.586 0.60677 0.29803
4 -9976.075 0.61180 0.30145
5 -9973.039 0.61747 0.30516
6 -9969.354 0.62384 0.30920
7 -9964.882 0.63101 0.31358
8 -9959.478 0.63906 0.31831
9 -9953.016 0.64804 0.32338
10 -9945.429 0.65800 0.32874
11 -9936.773 0.66891 0.33432
12 -9927.278 0.68068 0.33997
13 -9917.382 0.69311 0.34550
14 -9907.669 0.70593 0.35068
15 -9898.713 0.71882 0.35525
16 -9890.884 0.73148 0.35900
17 -9884.233 0.74369 0.36180
18 -9878.529 0.75539 0.36364
19 -9873.403 0.76661 0.36458
20 -9868.488 0.77746 0.36476
21 -9863.495 0.78810 0.36434
22 -9858.221 0.79866 0.36346
23 -9852.534 0.80927 0.36226
24 -9846.345 0.82001 0.36084
25 -9839.586 0.83094 0.35927
26 -9832.204 0.84207 0.35762
27 -9824.158 0.85340 0.35592
28 -9815.421 0.86490 0.35418
29 -9805.995 0.87652 0.35243
30 -9795.922 0.88816 0.35066
31 -9785.310 0.89969 0.34888
32 -9774.355 0.91097 0.34710
33 -9763.360 0.92180 0.34533
34 -9752.729 0.93196 0.34358
35 -9742.927 0.94123 0.34183
36 -9734.391 0.94943 0.34011
37 -9727.424 0.95643 0.33842
38 -9722.112 0.96220 0.33678
39 -9718.327 0.96680 0.33523
40 -9715.795 0.97037 0.33383
41 -9714.192 0.97307 0.33262
42 -9713.224 0.97508 0.33160
43 -9712.661 0.97656 0.33078
44 -9712.343 0.97763 0.33014
45 -9712.167 0.97842 0.32964
46 -9712.071 0.97899 0.32927
47 -9712.019 0.97940 0.32899
48 -9711.992 0.97970 0.32878
49 -9711.977 0.97991 0.32862
50 -9711.969 0.98007 0.32851
51 -9711.965 0.98018 0.32843
52 -9711.963 0.98026 0.32837
53 -9711.962 0.98032 0.32833
54 -9711.962 0.98036 0.32830
55 -9711.961 0.98039 0.32827
56 -9711.961 0.98041 0.32826
57 -9711.961 0.98043 0.32825
58 -9711.961 0.98044 0.32824
59 -9711.961 0.98045 0.32823
