x sitios fondo
-39.5 0.00000 0.00196
-38.5 0.00000 0.00196
-37.5 0.00000 0.00341
-36.5 0.00000 0.00451
-35.5 0.00000 0.00602
-34.5 0.00000 0.00817
-33.5 0.00000 0.00998
-32.5 0.00000 0.01163
-31.5 0.00000 0.01394
-30.5 0.00000 0.01880
-29.5 0.00000 0.01885
-28.5 0.00000 0.02226
-27.5 0.00000 0.02432
-26.5 0.00000 0.03138
-25.5 0.00000 0.03239
-24.5 0.00000 0.03695
-23.5 0.00000 0.04026
-22.5 0.00000 0.04297
-21.5 0.00000 0.04307
-20.5 0.00000 0.04166
-19.5 0.00000 0.04567
-18.5 0.00000 0.04442
-17.5 0.00000 0.04537
-16.5 0.00000 0.04377
-15.5 0.00000 0.04236
-14.5 0.00000 0.04377
-13.5 0.00000 0.04186
-12.5 0.00000 0.03815
-11.5 0.00000 0.03164
-10.5 0.00005 0.03389
-9.5 0.00000 0.02742
-8.5 0.00005 0.02497
-7.5 0.00005 0.02301
-6.5 0.00025 0.01955
-5.5 0.00045 0.01820
-4.5 0.00075 0.01314
-3.5 0.00135 0.01078
-2.5 0.00170 0.00953
-1.5 0.00315 0.00642
-0.5 0.00505 0.00526
0.5 0.00600 0.00496
1.5 0.00990 0.00351
2.5 0.01390 0.00306
3.5 0.02045 0.00140
4.5 0.02785 0.00090
5.5 0.03795 0.00065
6.5 0.05280 0.00055
7.5 0.06770 0.00055
8.5 0.08370 0.00040
9.5 0.10690 0.00010
10.5 0.11760 0.00010
11.5 0.12370 0.00005
12.5 0.13020 0.00005
13.5 0.10360 0.00005
14.5 0.06270 0.00000
15.5 0.02035 0.00000
16.5 0.00185 0.00000
17.5 0.00000 0.00000
18.5 0.00000 0.00000
19.5 0.00000 0.00000
20.5 0.00000 0.00000
