pos real post vit
1 1 0.7671 1
2 1 0.7629 1
3 1 0.7746 1
4 1 0.8112 1
5 1 0.8241 1
6 1 0.8620 1
7 1 0.8762 1
8 1 0.8778 1
9 1 0.8935 1
10 1 0.9355 1
11 1 0.9529 1
12 1 0.9590 1
13 1 0.9585 1
14 1 0.9509 1
15 1 0.9304 1
16 1 0.8815 1
17 1 0.7667 1
18 1 0.7191 1
19 1 0.7022 1
20 1 0.7031 1
21 1 0.7226 1
22 1 0.7244 1
23 1 0.7098 1
24 1 0.7125 1
25 1 0.6988 1
26 1 0.6582 1
27 1 0.5597 1
28 1 0.5196 1
29 1 0.5070 1
30 1 0.5125 1
31 1 0.5000 1
32 1 0.5056 1
33 0 0.4931 1
34 0 0.4986 1
35 0 0.5264 1
36 0 0.5977 1
37 1 0.6258 1
38 1 0.6975 1
39 1 0.7262 1
40 1 0.7988 1
41 1 0.8285 1
42 1 0.8381 1
43 1 0.8349 1
44 1 0.8164 1
45 1 0.7685 1
46 1 0.6546 1
47 1 0.6075 1
48 0 0.4942 1
49 0 0.4473 1
50 0 0.4312 1
51 0 0.3841 1
52 0 0.2701 1
53 0 0.2223 1
54 0 0.1072 0
55 0 0.0581 0
56 0 0.0374 0
57 0 0.0293 0
58 0 0.0276 0
59 0 0.0176 0
60 0 0.0140 0
61 0 0.0140 0
62 0 0.0177 0
63 0 0.0158 0
64 0 0.0175 0
65 0 0.0136 0
66 0 0.0134 0
67 0 0.0167 0
68 0 0.0260 0
69 0 0.0483 0
70 0 0.1006 0
71 0 0.2230 0
72 0 0.2740 0
73 0 0.3955 0
74 0 0.6800 1
75 0 0.8016 1
76 0 0.8530 1
77 0 0.8736 1
78 0 0.9265 1
79 1 0.9487 1
80 1 0.9570 1
81 1 0.9580 1
82 0 0.9524 1
83 1 0.9552 1
84 1 0.9514 1
85 1 0.9560 1
86 1 0.9725 1
87 1 0.9790 1
88 1 0.9802 1
89 1 0.9886 1
90 1 0.9918 1
91 1 0.9923 1
92 1 0.9904 1
93 1 0.9928 1
94 1 0.9929 1
95 1 0.9907 1
96 1 0.9927 1
97 1 0.9924 1
98 1 0.9897 1
99 1 0.9823 1
100 1 0.9648 1
101 1 0.9593 1
102 1 0.9436 1
103 1 0.9055 1
104 1 0.8162 1
105 0 0.6073 1
106 0 0.5188 1
107 0 0.3101 0
108 0 0.2213 0
109 0 0.1844 0
110 0 0.0944 0
111 0 0.0561 0
112 0 0.0402 0
113 0 0.0346 0
114 0 0.0169 0
115 0 0.0094 0
116 0 0.0065 0
117 0 0.0060 0
118 0 0.0074 0
119 0 0.0050 0
120 0 0.0044 0
121 0 0.0054 0
122 0 0.0029 0
123 0 0.0020 0
124 0 0.0018 0
125 0 0.0024 0
126 0 0.0041 0
127 0 0.0083 0
128 0 0.0182 0
129 0 0.0205 0
130 0 0.0168 0
131 0 0.0172 0
132 0 0.0218 0
133 0 0.0202 0
134 0 0.0113 0
135 0 0.0078 0
136 0 0.0071 0
137 0 0.0086 0
138 0 0.0133 0
139 0 0.0250 0
140 0 0.0278 0
141 0 0.0240 0
142 0 0.0106 0
143 0 0.0049 0
144 0 0.0024 0
145 0 0.0014 0
146 0 0.0009 0
147 0 0.0008 0
148 0 0.0008 0
149 0 0.0009 0
150 0 0.0013 0
151 0 0.0023 0
152 0 0.0047 0
153 0 0.0102 0
154 0 0.0106 0
155 0 0.0142 0
156 0 0.0237 0
157 0 0.0464 0
158 0 0.0996 0
159 0 0.2239 0
160 0 0.2757 0
161 0 0.3990 0
162 1 0.6880 1
163 1 0.8114 1
164 1 0.8637 1
165 1 0.8849 1
166 1 0.9386 1
167 1 0.9614 1
168 1 0.9704 1
169 1 0.9727 1
170 1 0.9700 1
171 1 0.9742 1
172 1 0.9884 1
173 1 0.9945 1
174 1 0.9970 1
175 1 0.9980 1
176 1 0.9981 1
177 1 0.9975 1
178 1 0.9957 1
179 1 0.9971 1
180 1 0.9973 1
181 1 0.9964 1
182 1 0.9939 1
183 1 0.9877 1
184 1 0.9732 1
185 1 0.9690 1
186 1 0.9563 1
187 1 0.9539 1
188 1 0.9598 1
189 1 0.9592 1
190 1 0.9516 1
191 1 0.9528 1
192 1 0.9469 1
193 1 0.9499 1
194 1 0.9458 1
195 1 0.9506 1
196 1 0.9483 1
197 1 0.9549 1
198 1 0.9752 1
199 1 0.9836 1
200 1 0.9864 1
201 1 0.9858 1
202 1 0.9814 1
203 1 0.9697 1
204 1 0.9417 1
205 1 0.8762 1
206 1 0.8499 1
207 0 0.8427 1
208 0 0.8178 1
209 1 0.8118 1
210 1 0.7881 1
211 1 0.7286 1
212 1 0.7059 1
213 1 0.6473 1
214 1 0.5077 0
215 1 0.4493 0
216 1 0.4275 0
217 1 0.3689 0
218 1 0.3467 0
219 1 0.2875 0
220 1 0.2646 0
221 1 0.2045 0
222 0 0.1805 0
223 0 0.1742 0
224 0 0.1490 0
225 0 0.0854 0
226 0 0.0586 0
227 0 0.0481 0
228 0 0.0460 0
229 0 0.0338 0
230 0 0.0299 0
231 0 0.0314 0
232 0 0.0393 0
233 0 0.0598 0
234 0 0.0660 0
235 0 0.0848 0
236 0 0.0893 0
237 0 0.0829 0
238 0 0.0607 0
239 0 0.0526 0
240 0 0.0524 0
241 0 0.0425 0
242 0 0.0405 0
243 0 0.0288 0
244 0 0.0250 0
245 0 0.0114 0
246 0 0.0056 0
247 0 0.0032 0
248 0 0.0024 0
249 0 0.0026 0
250 0 0.0037 0
251 0 0.0069 0
252 0 0.0143 0
253 0 0.0318 0
254 0 0.0374 0
255 0 0.0353 0
256 0 0.0390 0
257 0 0.0351 0
258 0 0.0369 0
259 0 0.0312 0
260 0 0.0312 0
261 0 0.0236 0
262 0 0.0217 0
263 0 0.0122 0
264 0 0.0084 0
265 0 0.0076 0
266 0 0.0091 0
267 0 0.0139 0
268 0 0.0258 0
269 0 0.0288 0
270 0 0.0250 0
271 0 0.0260 0
272 0 0.0203 0
273 0 0.0195 0
274 0 0.0229 0
275 0 0.0202 0
276 0 0.0092 0
277 0 0.0046 0
278 0 0.0027 0
279 0 0.0020 0
280 0 0.0022 0
281 0 0.0032 0
282 0 0.0059 0
283 0 0.0124 0
284 0 0.0132 0
285 0 0.0177 0
286 0 0.0166 0
287 0 0.0089 0
288 0 0.0058 0
289 0 0.0050 0
290 0 0.0059 0
291 0 0.0031 0
292 0 0.0021 0
293 0 0.0019 0
294 0 0.0024 0
295 0 0.0040 0
296 0 0.0079 0
297 0 0.0172 0
298 0 0.0389 0
299 0 0.0463 0
300 0 0.0662 0
301 0 0.1138 0
302 0 0.2254 0
303 0 0.2717 0
304 0 0.3823 0
305 0 0.4279 0
306 0 0.5382 0
307 1 0.7973 1
308 1 0.9082 1
309 1 0.9556 1
310 1 0.9758 1
311 1 0.9841 1
312 1 0.9869 1
313 1 0.9864 1
314 1 0.9912 1
315 1 0.9926 1
316 1 0.9918 1
317 1 0.9951 1
318 1 0.9963 1
319 1 0.9960 1
320 1 0.9942 1
321 1 0.9895 1
322 1 0.9781 1
323 1 0.9516 1
324 1 0.8895 1
325 1 0.8646 1
326 1 0.8041 1
327 1 0.6616 1
328 0 0.3283 0
329 0 0.1858 0
330 0 0.1251 0
331 0 0.1001 0
332 0 0.0916 0
333 0 0.0650 0
334 0 0.0548 0
335 0 0.0264 0
336 0 0.0144 0
337 0 0.0096 0
338 0 0.0082 0
339 0 0.0092 0
340 0 0.0133 0
341 0 0.0124 0
342 0 0.0146 0
343 0 0.0216 0
344 0 0.0390 0
345 0 0.0442 0
346 0 0.0597 0
347 0 0.0631 0
348 0 0.0768 0
349 0 0.0786 0
350 0 0.0906 0
351 0 0.0907 0
352 0 0.0788 0
353 0 0.0773 0
354 0 0.0637 0
355 0 0.0278 0
356 0 0.0124 0
357 0 0.0059 0
358 0 0.0031 0
359 0 0.0020 0
360 0 0.0018 0
361 0 0.0022 0
362 0 0.0036 0
363 0 0.0072 0
364 0 0.0155 0
365 0 0.0171 0
366 0 0.0236 0
367 0 0.0397 0
368 0 0.0780 0
369 0 0.0924 0
370 0 0.1290 0
371 0 0.2158 0
372 0 0.2512 0
373 0 0.3369 0
374 0 0.3714 0
375 0 0.4565 0
376 0 0.4907 0
377 0 0.5000 0
378 0 0.5341 0
379 0 0.6192 0
380 0 0.8203 1
381 0 0.9063 1
382 1 0.9428 1
383 1 0.9579 1
384 1 0.9629 1
385 1 0.9798 1
386 1 0.9867 1
387 1 0.9890 1
388 1 0.9882 1
389 1 0.9840 1
390 1 0.9731 1
391 1 0.9470 1
392 1 0.9379 1
393 1 0.9136 1
394 1 0.9062 1
395 1 0.9099 1
396 1 0.9041 1
397 1 0.9095 1
398 1 0.9053 1
399 1 0.8883 1
400 1 0.8857 1
