ep train val
1 0.68849 0.68993
2 0.66132 0.66374
3 0.5872 0.59035
4 0.49592 0.50463
5 0.43356 0.44124
6 0.40083 0.41261
7 0.38452 0.39596
8 0.37644 0.39021
9 0.36863 0.38874
10 0.36563 0.39252
11 0.36211 0.39206
12 0.35915 0.39081
13 0.36008 0.38858
14 0.35543 0.38954
15 0.35308 0.39185
16 0.35789 0.39399
17 0.34968 0.39704
18 0.34779 0.39805
19 0.347 0.40153
20 0.34533 0.39791
21 0.34321 0.40067
22 0.34438 0.40928
23 0.34483 0.4145
24 0.34178 0.41174
25 0.33833 0.40772
26 0.33772 0.40739
27 0.33708 0.40861
28 0.3354 0.40967
29 0.33421 0.41375
30 0.33436 0.41815
31 0.33279 0.41762
32 0.33187 0.41945
33 0.33476 0.42769
34 0.3323 0.42525
35 0.32929 0.42197
36 0.32972 0.42565
37 0.33631 0.43879
38 0.32813 0.42752
39 0.33145 0.43506
40 0.32725 0.42639
