gc oe clase
0.50057 0.22593 0
0.45861 0.50736 0
0.4103 0.20219 0
0.37069 0.70843 0
0.3358 0.15143 0
0.44103 0.55251 0
0.39542 0.25235 0
0.39203 0.34613 0
0.42779 0.35213 0
0.43715 0.28173 0
0.31478 0.62741 0
0.49088 0.37139 0
0.32852 0.20147 0
0.54228 0.43759 0
0.47248 0.44549 0
0.41405 0.2223 0
0.51386 0.42427 0
0.44114 0.36827 0
0.478 0.45844 0
0.4459 0.44546 0
0.50031 0.35899 0
0.49838 0.31101 0
0.3901 0.46924 0
0.40631 0.39758 0
0.45888 0.18129 0
0.42845 0.29462 0
0.31433 0.302 0
0.55144 0.32854 0
0.32038 0.63412 0
0.32552 0.31473 0
0.36981 0.41728 0
0.47107 0.55864 0
0.53878 0.42044 0
0.42705 0.41183 0
0.41849 0.51576 0
0.44956 0.38368 0
0.41982 0.38232 0
0.44453 0.44265 0
0.3773 0.40945 0
0.4641 0.27836 0
0.46159 0.22009 0
0.30605 0.3464 0
0.43394 0.52776 0
0.44896 0.33283 0
0.47087 0.49781 0
0.39512 0.40951 0
0.36696 0.32293 0
0.38771 0.043993 0
0.47014 0.38666 0
0.39315 0.32677 0
0.39797 0.16794 0
0.50291 0.42174 0
0.39676 0.35695 0
0.39058 0.40501 0
0.43498 0.28747 0
0.45092 0.38424 0
0.49707 0.30321 0
0.39164 0.48779 0
0.35375 0.37492 0
0.43326 0.1917 0
0.4754 0.38572 0
0.35852 0.36812 0
0.4132 0.33559 0
0.45684 0.19804 0
0.45271 0.48714 0
0.44458 0.27221 0
0.42587 0.54992 0
0.39604 0.28081 0
0.38895 0.3639 0
0.50359 0.35462 0
0.56831 0.60395 1
0.70539 0.63202 1
0.53259 0.56558 1
0.67382 0.73151 1
0.59429 0.65952 1
0.52177 0.59399 1
0.62906 0.62791 1
0.60625 0.56521 1
0.61249 0.64215 1
0.48663 0.61613 1
0.58765 0.40777 1
0.53786 0.89066 1
0.55218 0.5977 1
0.55277 0.566 1
0.56224 0.70206 1
0.64747 0.36751 1
0.58081 0.6043 1
0.45854 0.70289 1
0.62858 0.62294 1
0.56482 0.66893 1
0.56723 0.59777 1
0.45953 0.6084 1
0.58199 0.65428 1
0.53256 0.68122 1
0.61256 0.50666 1
0.58509 0.69904 1
0.60552 0.70162 1
0.53948 0.57336 1
0.45939 0.57978 1
0.61328 0.67635 1
0.58312 0.8228 1
0.54182 0.81224 1
0.52936 0.54349 1
0.51129 0.58411 1
0.46306 0.58124 1
0.49525 0.71326 1
0.55614 0.63738 1
0.64852 0.7044 1
0.58492 0.83403 1
0.64826 0.68933 1
0.50446 0.71495 1
0.62912 0.70647 1
0.53711 0.55039 1
0.64065 0.63522 1
0.62756 0.62356 1
0.56194 0.58445 1
0.5674 0.86708 1
0.62696 0.73391 1
0.51623 0.27871 1
0.44104 0.54032 1
0.60493 0.64067 1
0.67985 0.65372 1
0.45571 0.53869 1
0.57153 0.60805 1
0.49498 0.59881 1
0.54405 0.588 1
0.505 0.74225 1
0.60812 0.64671 1
0.53001 0.5744 1
0.54939 0.61263 1
0.50039 0.65342 1
0.60031 0.50004 1
0.53196 0.57702 1
0.53919 0.73893 1
0.55584 0.79405 1
0.48015 0.32532 1
0.55885 0.99882 1
0.47135 0.56895 1
0.548 0.76995 1
0.54791 0.46708 1
