rec prec
1 0.5
1 0.50226
1 0.50454
1 0.50684
1 0.50929
1 0.51164
0.9995 0.51375
0.9995 0.51614
0.9995 0.51868
0.9985 0.52059
0.998 0.52279
0.998 0.52526
0.997 0.52737
0.997 0.5299
0.997 0.53244
0.9965 0.53475
0.996 0.53722
0.995 0.5393
0.995 0.54194
0.994 0.54421
0.992 0.5458
0.9915 0.54824
0.99 0.55015
0.9885 0.55223
0.987 0.55418
0.986 0.55643
0.985 0.55871
0.9835 0.56088
0.9835 0.56377
0.983 0.56641
0.982 0.56878
0.9815 0.57164
0.981 0.57436
0.9805 0.5771
0.9795 0.57976
0.9785 0.58227
0.9775 0.5848
0.9765 0.58737
0.9755 0.59014
0.974 0.59246
0.9725 0.5948
0.9695 0.59625
0.967 0.59821
0.965 0.60031
0.964 0.60307
0.9625 0.60554
0.9595 0.60728
0.958 0.6098
0.9575 0.613
0.9535 0.61397
0.952 0.61678
0.95 0.61909
0.949 0.62209
0.9465 0.62434
0.945 0.62707
0.944 0.63017
0.94 0.6313
0.9375 0.63366
0.936 0.63652
0.935 0.63975
0.933 0.64234
0.931 0.64518
0.9295 0.64819
0.927 0.65053
0.9235 0.65219
0.922 0.65553
0.9195 0.65796
0.917 0.66042
0.9145 0.66316
0.9125 0.66606
0.909 0.66789
0.9065 0.67049
0.903 0.67263
0.9015 0.67604
0.8985 0.67837
0.8945 0.67997
0.89 0.68147
0.888 0.68466
0.8845 0.68672
0.8815 0.68921
0.878 0.69161
0.8745 0.69377
0.873 0.69756
0.869 0.6994
0.866 0.70235
0.8625 0.70466
0.86 0.70782
0.857 0.71091
0.8525 0.71249
0.849 0.71495
0.847 0.71871
0.843 0.72113
0.8395 0.72371
0.8365 0.72676
0.8315 0.72811
0.827 0.73024
0.8225 0.73209
0.819 0.73486
0.816 0.73813
0.812 0.74088
0.8085 0.74379
0.8045 0.74629
0.802 0.75058
0.7965 0.75177
0.7925 0.7544
0.7905 0.759
0.785 0.76066
0.781 0.76344
0.776 0.76529
0.772 0.76816
0.7685 0.77197
0.7635 0.77395
0.7565 0.77391
0.752 0.77646
0.748 0.77998
0.7445 0.78368
0.7405 0.78693
0.735 0.78863
0.73 0.79133
0.7235 0.79201
0.7185 0.79436
0.7115 0.79497
0.7055 0.79628
0.7005 0.79875
0.6955 0.80127
0.6905 0.80431
0.6875 0.8093
0.6835 0.81321
0.678 0.81539
0.6725 0.81813
0.6665 0.8198
0.661 0.82214
0.655 0.8239
0.649 0.82623
0.644 0.82936
0.638 0.83127
0.631 0.83245
0.625 0.83445
0.6195 0.83716
0.6135 0.83926
0.6085 0.84338
0.6025 0.84561
0.598 0.85004
0.5905 0.85025
0.5845 0.85328
0.578 0.85503
0.573 0.85907
0.5665 0.86094
0.559 0.86199
0.5535 0.86552
0.5465 0.86677
0.54 0.86887
0.5325 0.8701
0.527 0.87396
0.5225 0.87963
0.515 0.88109
0.5085 0.88358
0.503 0.88791
0.4955 0.88879
0.488 0.89051
0.4815 0.89332
0.4745 0.89528
0.4685 0.89923
0.461 0.90127
0.4525 0.9005
0.4445 0.90071
0.438 0.90402
0.43 0.90526
0.424 0.90987
0.4165 0.91138
0.4105 0.91732
0.404 0.92132
0.396 0.922
0.3875 0.92152
0.379 0.92214
0.372 0.92537
0.3645 0.92748
0.356 0.92708
0.349 0.93191
0.3405 0.9316
0.332 0.93128
0.323 0.9295
0.316 0.93491
0.307 0.93313
0.299 0.93437
0.291 0.93569
0.283 0.93864
0.2755 0.94188
0.2675 0.94356
0.2595 0.94708
0.2515 0.94906
0.2435 0.95117
0.235 0.95142
0.227 0.95579
0.218 0.95405
0.2095 0.95444
0.2015 0.95724
0.192 0.95522
0.1835 0.95573
0.1755 0.95902
0.1665 0.9569
0.159 0.96657
0.15 0.96463
0.141 0.96246
0.1325 0.96715
0.1235 0.96484
0.1145 0.96218
0.106 0.96364
0.0975 0.97015
0.0885 0.96721
0.0795 0.96364
0.0715 0.97279
0.062 0.96875
0.0535 0.97273
0.0445 0.96739
0.036 0.97297
0.027 0.98182
0.018 0.97297
0.0095 1
0 1
