rec prec
1 0.01
1 0.010046
1 0.010092
1 0.010138
1 0.010186
1 0.010233
1 0.010281
1 0.01033
1 0.010379
1 0.010428
1 0.010478
1 0.010529
1 0.010579
1 0.010631
1 0.010683
1 0.010735
1 0.010788
1 0.010841
1 0.010895
1 0.01095
1 0.011005
1 0.01106
1 0.011117
1 0.011173
1 0.01123
1 0.011289
1 0.011347
1 0.011406
1 0.011466
1 0.011526
1 0.011587
1 0.011649
1 0.011711
1 0.011774
1 0.011838
1 0.011902
1 0.011967
1 0.012032
1 0.012099
1 0.012166
1 0.012234
1 0.012303
1 0.012372
1 0.012442
1 0.012514
0.995 0.012523
0.995 0.012595
0.995 0.012669
0.995 0.012743
0.995 0.012817
0.995 0.012894
0.995 0.01297
0.99 0.012982
0.99 0.013061
0.985 0.013073
0.985 0.013153
0.985 0.013234
0.985 0.013315
0.985 0.013398
0.985 0.013482
0.985 0.013567
0.985 0.013652
0.985 0.01374
0.985 0.013827
0.985 0.013916
0.975 0.013865
0.975 0.013955
0.975 0.014047
0.975 0.014141
0.97 0.014162
0.97 0.014256
0.97 0.014353
0.97 0.014451
0.97 0.014549
0.97 0.014649
0.97 0.014752
0.97 0.014855
0.97 0.014959
0.97 0.015066
0.97 0.015173
0.97 0.015282
0.97 0.015393
0.97 0.015505
0.97 0.015619
0.97 0.015735
0.97 0.015852
0.97 0.015971
0.97 0.016093
0.97 0.016215
0.97 0.01634
0.965 0.016382
0.965 0.01651
0.965 0.016639
0.965 0.016772
0.96 0.016819
0.96 0.016954
0.96 0.017092
0.96 0.017232
0.96 0.017374
0.96 0.01752
0.96 0.017667
0.96 0.017816
0.96 0.017969
0.96 0.018123
0.96 0.01828
0.96 0.018442
0.96 0.018605
0.96 0.01877
0.96 0.018941
0.96 0.019112
0.96 0.019287
0.96 0.019465
0.96 0.019648
0.96 0.019833
0.955 0.019917
0.955 0.020109
0.955 0.020304
0.955 0.020502
0.95 0.020598
0.95 0.020804
0.95 0.021013
0.95 0.021229
0.95 0.021447
0.945 0.021556
0.945 0.021784
0.945 0.022015
0.94 0.022133
0.935 0.022257
0.935 0.0225
0.93 0.022628
0.925 0.022761
0.925 0.023019
0.925 0.023282
0.925 0.023555
0.925 0.023831
0.925 0.024114
0.925 0.024406
0.92 0.024569
0.92 0.024872
0.915 0.025048
0.915 0.025364
0.915 0.025688
0.915 0.026024
0.915 0.026365
0.915 0.026715
0.915 0.027079
0.915 0.027449
0.915 0.027828
0.91 0.028065
0.905 0.028312
0.905 0.028721
0.905 0.029142
0.9 0.029417
0.9 0.029861
0.9 0.030318
0.9 0.030796
0.9 0.031283
0.9 0.031785
0.9 0.03231
0.9 0.032847
0.9 0.033401
0.895 0.033793
0.885 0.033999
0.88 0.034409
0.875 0.03484
0.875 0.035483
0.87 0.035943
0.87 0.036639
0.845 0.036282
0.84 0.036786
0.835 0.037318
0.83 0.037865
0.83 0.038668
0.825 0.039276
0.815 0.039659
0.805 0.04006
0.8 0.040744
0.79 0.041189
0.785 0.041923
0.78 0.042705
0.77 0.043234
0.76 0.043791
0.745 0.044096
0.715 0.043491
0.71 0.044417
0.705 0.045396
0.705 0.046782
0.705 0.048238
0.695 0.049082
0.695 0.05073
0.685 0.051718
0.68 0.053167
0.675 0.054745
0.675 0.056842
0.655 0.057356
0.64 0.058394
0.62 0.05902
0.61 0.060697
0.595 0.062044
0.59 0.064587
0.58 0.06682
0.57 0.069343
0.56 0.072118
0.54 0.073871
0.54 0.078832
0.52 0.081314
0.505 0.085017
0.485 0.088504
0.47 0.093532
0.45 0.098468
0.41 0.099757
0.4 0.10944
0.38 0.11875
0.355 0.12956
0.31 0.13567
0.28 0.15301
0.245 0.17883
0.19 0.20765
0.12 0.26087
0 1
