fpr tpr
0 0
0 0.01
0.00025253 0.015
0.00035354 0.02
0.00055556 0.025
0.00065657 0.04
0.00085859 0.05
0.0011616 0.055
0.0021717 0.065
0.0024747 0.07
0.0025253 0.085
0.0027273 0.105
0.0029798 0.115
0.0031313 0.12
0.0038384 0.13
0.0041919 0.135
0.0042424 0.14
0.0044949 0.145
0.004596 0.155
0.004798 0.16
0.0050505 0.165
0.0058586 0.17
0.0063636 0.175
0.0067172 0.18
0.0067677 0.19
0.0078788 0.195
0.0080303 0.2
0.0087879 0.205
0.0088889 0.21
0.0089899 0.215
0.0091414 0.225
0.0093939 0.23
0.010404 0.235
0.01101 0.24
0.011667 0.245
0.011717 0.25
0.011818 0.26
0.012172 0.27
0.013333 0.275
0.016818 0.28
0.018081 0.29
0.01899 0.295
0.019949 0.315
0.020051 0.32
0.020606 0.325
0.021818 0.33
0.022071 0.335
0.022172 0.34
0.022475 0.35
0.02404 0.355
0.025253 0.36
0.025859 0.365
0.026667 0.37
0.026768 0.375
0.029141 0.385
0.030253 0.39
0.030354 0.395
0.034192 0.4
0.034495 0.405
0.037475 0.41
0.037525 0.42
0.037879 0.425
0.037929 0.43
0.039495 0.435
0.040657 0.44
0.04101 0.445
0.042626 0.455
0.044141 0.46
0.045606 0.465
0.047273 0.47
0.047323 0.475
0.048586 0.48
0.050556 0.49
0.051869 0.495
0.052525 0.5
0.055606 0.505
0.055707 0.51
0.058485 0.515
0.060303 0.525
0.06197 0.53
0.062273 0.535
0.071162 0.54
0.07197 0.545
0.072677 0.55
0.072727 0.56
0.075101 0.565
0.076768 0.57
0.080909 0.575
0.082071 0.58
0.082525 0.585
0.089747 0.595
0.091768 0.6
0.094747 0.605
0.095354 0.61
0.098687 0.615
0.10146 0.62
0.10152 0.63
0.10298 0.635
0.10369 0.64
0.10707 0.645
0.10843 0.65
0.1096 0.655
0.11005 0.665
0.11076 0.67
0.11106 0.675
0.12561 0.68
0.12995 0.685
0.1301 0.69
0.13747 0.7
0.14025 0.705
0.15318 0.71
0.15894 0.715
0.15965 0.72
0.16157 0.725
0.16162 0.735
0.16192 0.74
0.16242 0.745
0.16424 0.75
0.16561 0.755
0.17101 0.76
0.17126 0.77
0.17258 0.775
0.17439 0.78
0.18278 0.785
0.18652 0.79
0.18742 0.795
0.19268 0.805
0.19606 0.81
0.19763 0.815
0.20131 0.82
0.20823 0.825
0.21707 0.83
0.2197 0.84
0.22323 0.845
0.22687 0.85
0.22924 0.855
0.23096 0.865
0.23616 0.87
0.24818 0.88
0.25288 0.885
0.25626 0.89
0.26061 0.895
0.30217 0.9
0.3149 0.905
0.32247 0.915
0.36389 0.92
0.36939 0.925
0.40747 0.93
0.41924 0.935
0.42177 0.94
0.43722 0.95
0.45995 0.955
0.47535 0.96
0.58571 0.965
0.68586 0.97
0.70076 0.975
0.70333 0.985
0.75212 0.99
0.76404 0.995
1 1
