fpr tpr
0 0
0.0015 0.062
0.004 0.1105
0.006 0.1615
0.009 0.2065
0.011 0.231
0.013 0.246
0.0155 0.2675
0.0175 0.279
0.0195 0.2905
0.0215 0.305
0.0235 0.318
0.0255 0.35
0.0285 0.3655
0.0315 0.378
0.034 0.402
0.036 0.4065
0.038 0.4125
0.041 0.4175
0.045 0.4295
0.0475 0.4405
0.05 0.45
0.052 0.4635
0.0545 0.4695
0.0575 0.4795
0.0595 0.485
0.062 0.495
0.066 0.507
0.07 0.516
0.072 0.5225
0.076 0.526
0.078 0.5295
0.081 0.5365
0.083 0.543
0.0855 0.5515
0.088 0.557
0.0905 0.5645
0.093 0.573
0.098 0.58
0.1 0.584
0.103 0.5905
0.106 0.599
0.109 0.6025
0.1115 0.6075
0.115 0.61
0.1185 0.615
0.1205 0.6195
0.123 0.6245
0.126 0.6285
0.128 0.6335
0.13 0.6405
0.1325 0.644
0.135 0.6475
0.138 0.6505
0.1415 0.655
0.144 0.662
0.1465 0.6665
0.1495 0.6715
0.1525 0.675
0.156 0.68
0.1605 0.684
0.1635 0.688
0.167 0.69
0.171 0.6935
0.1745 0.6965
0.1775 0.702
0.1805 0.7045
0.1835 0.711
0.186 0.7165
0.1885 0.722
0.191 0.7265
0.193 0.7305
0.196 0.7345
0.1985 0.739
0.203 0.743
0.208 0.746
0.2105 0.748
0.215 0.7515
0.2175 0.754
0.2225 0.7595
0.2245 0.766
0.231 0.7715
0.2365 0.7755
0.239 0.7795
0.245 0.7825
0.247 0.7865
0.254 0.791
0.26 0.7935
0.264 0.7995
0.272 0.803
0.2765 0.8065
0.2795 0.8095
0.284 0.812
0.289 0.8155
0.292 0.818
0.3 0.8215
0.303 0.8245
0.309 0.828
0.312 0.832
0.315 0.8365
0.32 0.8385
0.323 0.8415
0.3285 0.8445
0.332 0.847
0.3405 0.8495
0.345 0.8535
0.349 0.8585
0.355 0.8605
0.363 0.8635
0.3675 0.8675
0.375 0.872
0.383 0.8745
0.388 0.8775
0.394 0.881
0.4005 0.884
0.405 0.886
0.412 0.889
0.4165 0.891
0.421 0.8945
0.4245 0.898
0.431 0.901
0.44 0.9035
0.445 0.9065
0.449 0.909
0.457 0.9115
0.471 0.9155
0.4775 0.9185
0.484 0.9215
0.4935 0.924
0.503 0.9285
0.5095 0.9305
0.5185 0.9325
0.528 0.935
0.5365 0.937
0.5475 0.939
0.552 0.943
0.564 0.9455
0.5735 0.9475
0.589 0.95
0.5995 0.953
0.613 0.958
0.6235 0.96
0.6275 0.963
0.643 0.9655
0.651 0.9675
0.6565 0.9705
0.665 0.973
0.671 0.975
0.692 0.977
0.703 0.979
0.721 0.981
0.7485 0.983
0.7765 0.985
0.79 0.987
0.803 0.989
0.812 0.991
0.8305 0.993
0.853 0.9955
0.8985 0.998
1 1
