pos val
1 0
2 0
3 0
4 0
5 0
6 0
7 0
8 0
9 0
10 0
11 0
12 0
13 0
14 0
15 0
16 0
17 0.13518
18 0.092945
19 -0.1317
20 -0.067773
21 -0.4602
22 -0.010704
23 -0.29297
24 -0.48133
25 -0.079597
26 -0.013183
27 -0.33036
28 0.014567
29 0
30 0
31 0
32 0
33 0
34 0
35 0
36 0
37 1.5998
38 1.3692
39 1.4114
40 0.78945
41 1.4625
42 1.3984
43 1.259
44 0.18096
45 -0.35505
46 -0.17533
47 -0.074615
48 -0.27557
49 -0.35232
50 0.41595
51 -0.20005
52 -0.29541
53 0
54 0
55 0
56 0
57 0
58 0
59 0
60 0.20573
61 -0.16982
62 -0.14622
63 -0.21173
64 0.012607
65 -0.0013186
66 0.1323
67 -0.37883
68 -0.44757
69 -0.57164
70 0.11587
71 -0.2788
72 -0.095862
73 0.21741
74 0.062734
75 -0.10523
76 -0.10354
77 -0.24764
78 0
79 0
80 0
81 0
82 0
83 0
84 0
85 0
86 0
87 -0.26841
88 -0.044328
89 -0.41897
90 0.12011
91 -0.12793
92 -0.47988
93 0.45428
94 -0.50631
95 -0.10557
96 -0.021205
97 -0.26415
98 0
99 0
100 0
