gc cov len
68.79 133.23 60.5
68.12 133.52 24.7
67.61 147.63 5.1
71.21 122.49 17.5
73.10 119.42 3.0
66.55 160.72 12.9
63.98 121.55 18.9
57.51 141.52 8.0
68.52 182.86 10.7
60.48 125.51 7.7
74.25 137.43 39.6
70.87 151.74 8.9
69.80 117.03 23.8
72.14 139.14 7.4
68.11 134.02 188.1
66.26 173.66 10.4
69.55 137.18 18.9
61.17 145.92 31.1
65.71 125.44 13.7
67.43 135.47 6.3
68.97 135.52 12.1
66.05 145.77 13.8
65.74 122.49 19.8
63.02 108.33 4.5
71.01 129.92 25.0
68.15 148.52 11.0
83.70 143.19 13.8
67.80 121.97 3.1
58.76 85.54 2.5
74.09 143.48 15.6
69.02 140.12 40.7
72.40 136.33 25.6
65.52 151.67 41.1
56.83 117.66 13.5
88.91 129.88 6.7
66.37 154.04 31.2
68.62 134.64 11.7
65.91 132.42 37.8
68.07 135.20 23.3
53.64 125.55 7.9
67.04 132.12 33.3
68.21 131.09 27.8
62.68 148.60 18.8
70.15 150.11 12.4
64.90 154.65 10.4
76.57 138.75 4.7
69.10 136.42 53.9
68.71 144.04 67.4
70.96 148.61 10.9