gc cov len
49.78 44.21 6.5
47.95 62.39 24.9
51.97 48.62 12.2
60.14 73.40 8.3
51.30 57.26 125.5
52.15 65.76 58.2
54.21 66.92 25.6
48.82 56.13 7.5
48.18 67.93 67.4
58.26 63.92 5.6
56.67 65.02 15.3
56.44 70.59 12.7
44.33 51.43 7.7
43.96 52.46 4.7
53.46 67.60 21.8
52.00 63.42 11.6
43.03 71.13 19.0
53.18 59.27 22.1
45.20 63.20 7.4
49.54 55.05 56.1
42.63 54.19 15.2
56.13 56.13 23.9
48.57 57.25 95.7
52.45 62.73 32.9
48.97 51.40 12.7
66.12 74.90 4.3
51.62 61.48 11.1
55.43 59.33 5.9
52.38 56.71 20.2
54.26 62.61 107.0
52.67 66.79 25.3
51.40 55.94 64.2
50.90 50.36 6.7
48.83 59.57 61.6
54.29 55.83 6.3
48.10 42.39 8.6
37.30 38.00 4.5
51.05 51.33 10.9
37.68 52.95 7.6
45.19 66.14 13.0
47.95 63.07 31.6
47.40 50.93 26.9
53.48 55.99 28.4
54.52 73.67 16.1
41.82 64.55 11.2
48.97 57.65 35.0
52.90 65.08 42.6
48.77 66.20 15.3
44.94 58.42 25.1
52.13 62.79 9.5
54.92 50.35 14.9
49.43 54.11 9.2
75.46 62.50 3.2
59.59 47.20 11.9
38.06 71.59 16.1
45.17 62.90 14.5
48.80 62.70 22.8
46.28 78.59 17.7
51.26 51.06 50.3