gc cov len
40.36 19.43 96.3
46.88 22.97 17.1
45.92 17.73 29.9
39.44 16.93 20.7
35.88 16.26 13.5
54.79 20.10 12.3
43.36 20.90 21.8
45.73 19.03 32.5
44.20 22.19 23.9
42.51 14.36 6.3
39.22 20.18 12.8
45.28 24.32 10.4
45.49 16.59 8.1
44.98 19.81 9.4
42.22 21.52 39.4
44.53 24.27 38.7
43.30 22.22 65.8
39.94 26.65 9.3
41.77 20.10 8.0
30.38 29.21 8.3
41.47 28.75 8.2
45.85 28.49 10.8
42.99 20.05 8.5
46.69 19.70 22.6
46.08 16.71 21.1
54.14 16.38 24.7
45.50 23.24 6.9
35.36 24.90 21.2
43.01 11.75 19.8
46.01 22.65 7.1
41.76 26.50 8.3
40.09 15.43 12.2
47.63 33.42 10.1
37.24 24.15 28.6
34.91 22.42 7.0
24.26 18.91 3.9
43.38 24.69 76.9
35.10 22.29 7.2
43.90 22.30 24.3
49.31 26.77 7.0
44.14 24.87 16.2
44.06 24.74 10.3
39.29 25.99 55.5
44.81 18.71 61.3