gc cov len
59.52 13.60 29.7
58.97 13.17 33.0
55.67 18.72 4.3
57.82 14.89 23.2
65.47 8.28 7.0
56.70 15.76 42.4
48.07 9.53 6.1
45.15 14.48 19.4
58.92 22.24 6.2
44.57 17.80 5.1
52.21 12.02 10.0
54.32 12.45 20.0
53.02 18.10 19.4
45.16 27.10 12.3
61.20 9.53 8.5
58.37 16.86 17.1
48.99 10.31 2.5
58.47 12.20 34.6
61.10 16.39 31.8
60.09 8.49 13.0
57.31 13.57 53.8
60.63 15.83 8.1
55.34 12.23 17.3
65.93 11.62 3.2
40.50 15.11 6.6
61.84 14.12 42.7
66.60 7.95 2.8
47.82 7.63 3.2
61.30 17.97 16.2
60.39 11.69 7.3
56.32 17.10 32.4
60.26 18.15 34.3
70.78 20.92 10.5
58.58 14.55 25.0
62.04 14.44 45.8
62.59 17.14 28.8
58.68 13.40 9.1
60.80 12.71 16.6
53.08 17.14 16.4
50.74 14.40 24.4
61.46 12.87 30.8
56.73 16.03 69.8
54.04 10.64 32.4
60.64 19.41 11.1
54.79 12.47 12.2
45.03 7.45 6.5
53.62 13.69 55.9
52.59 15.97 30.3
53.37 19.37 25.3
66.56 22.11 8.4
57.95 13.04 9.7
50.12 15.39 25.9
50.73 7.60 10.2
53.03 15.08 13.6
63.72 15.26 18.4
54.15 15.73 27.9
61.98 14.87 27.5
55.82 13.42 10.7
61.71 15.74 16.1