gc cov len
34.83 6.67 11.3
31.41 6.91 45.1
38.45 9.38 23.7
32.34 10.28 63.1
34.96 8.17 58.7
24.15 11.14 9.2
36.77 10.30 14.3
33.55 7.47 93.7
31.81 7.61 38.3
29.69 9.34 8.8
42.76 8.11 15.5
25.52 7.26 44.4
23.74 5.94 10.9
32.07 6.72 21.5
33.52 8.54 19.5
26.83 12.68 8.1
36.12 8.23 39.4
29.64 12.91 14.2
36.03 9.22 15.0
35.21 12.23 38.7
34.27 7.96 26.3
35.84 7.77 48.4
33.09 6.61 11.0
26.74 8.66 23.1
39.92 7.77 32.9
31.27 6.29 24.6
26.27 9.12 34.9
33.81 6.94 14.9
46.22 3.84 6.0
31.77 6.80 47.0
36.22 12.26 7.5
31.47 8.40 12.1
31.81 10.75 12.7
39.51 17.54 4.3
29.31 6.62 23.2
43.90 7.90 11.1
25.65 9.68 5.6
36.14 6.12 14.5
41.28 4.66 21.5
38.40 6.10 13.7
26.12 8.41 11.9
17.22 8.43 7.9
35.21 8.20 13.5
33.27 4.34 22.0
35.97 6.36 31.8
27.37 10.73 12.5
33.47 9.38 10.1
32.07 10.37 4.5
30.55 8.60 30.3