d a
1.216 1
0.893 3
1.165 4
2.149 1
2.047 1
0.931 1
0.848 3
0.915 3
0.952 3
1.869 1
0.752 2
0.915 2
0.958 3
1.957 1
0.733 4
0.863 2
1.267 3
0.950 7
2.805 1
1.106 3
1.211 3
0.995 2
0.814 2
1.887 1
0.804 4
1.214 2
1.228 3
2.045 1
1.142 1
0.855 2
2.123 1
1.867 1
1.072 1
0.925 3
0.784 2
0.943 1
1.250 3
1.762 1
1.073 2
1.260 1
0.774 3
0.958 2
0.969 2
1.182 2
0.830 1
0.901 1
0.994 3
0.749 3
0.931 1
1.231 5
0.865 2
1.062 4
1.031 2
1.039 2
2.269 1
1.793 1
1.983 1
0.780 3
1.844 1
2.034 1
1.107 5
1.051 1
1.117 1
1.216 2
1.084 1
1.008 2
0.862 1
1.731 1
0.778 2
2.068 1
0.799 5
2.224 1
0.844 5
0.951 4
1.064 4
1.729 1
0.956 2
1.018 1
1.235 6
1.259 4
0.996 3
1.102 2
1.096 6
1.191 3
1.062 5
1.133 1
0.803 2
0.837 1
2.250 1
0.956 2
1.155 3
0.868 3
2.010 1
1.106 6
0.950 3
0.973 3
1.998 1
1.271 2
1.939 1
0.772 2
2.001 1
2.225 1
1.047 4
0.939 4
1.166 3
0.928 3
1.106 3
0.827 1
0.805 3
0.933 3
4.060 1
1.266 1
0.930 3
0.850 2
2.163 1
2.008 1
1.062 4
1.021 4
2.071 1
0.867 3
0.918 9
1.097 5
1.723 1
1.204 1
0.919 1
0.899 3
0.971 2
1.040 3
0.950 1
1.815 1
1.028 1
0.957 1
1.275 3
0.842 1
0.831 2
1.927 1
1.735 1
1.262 4
1.263 4
1.262 6
2.844 1
0.906 1
0.807 5
1.972 1
1.145 2
0.749 3
1.129 3
2.185 1
1.191 5
1.139 2
1.231 3
1.049 1
1.007 1
0.903 3
3.142 1
0.757 3
1.046 3
1.224 2
0.860 7
2.220 1
1.825 1
0.943 3
1.211 2
1.167 2
1.029 7
0.994 1
2.132 1
0.910 4
2.148 1
1.812 1
0.989 4
0.964 4
0.823 1
2.200 1
1.778 1
1.222 2
1.186 3
1.729 1
0.735 1
1.133 3
2.020 1
1.829 1
1.088 2
0.798 4
1.954 1
0.880 5
0.784 1
0.884 3
2.168 1
1.239 4
1.077 1
3.261 1
1.249 5
2.088 1
1.172 4
0.834 3
0.871 4
1.797 1
0.781 2
0.813 2
1.781 1
1.095 3
3.113 1
0.797 3
1.837 1
2.012 1
2.967 1
1.166 2
1.020 3
0.928 4
3.160 1
1.837 1
0.853 4
1.210 3
1.063 4
1.123 4
0.914 1
1.083 6
1.141 2
1.154 4
0.751 2
1.116 3
0.960 3
1.112 2
0.808 2
1.803 1
2.196 1
1.072 2
0.767 1
1.260 3
1.990 1
1.800 1
1.228 4
2.132 1
1.793 1
1.827 1
0.890 3
1.228 3
1.151 4
1.106 4
1.165 1
1.097 4
1.278 1
0.746 5
1.853 1
3.148 1
2.203 1
0.726 2
1.997 1
1.870 1
1.919 1
0.944 3
0.941 2
0.969 2
2.251 1
0.729 2
3.117 1
1.084 2
1.231 3
1.119 5
2.240 1
1.107 1
0.874 1
1.052 3
0.969 1
0.738 4
1.957 1
0.857 1
1.156 2
1.277 3
1.230 2
1.915 1
0.902 5
1.215 3
1.248 4
1.940 1
1.092 2
0.787 3
1.907 1
0.760 2
1.254 3
1.047 1
0.782 1
0.935 2
0.936 2
1.047 2
2.255 1
1.077 2
2.053 1
1.058 2
0.765 1
1.908 1
0.983 6
1.010 2
2.192 2
1.017 4
1.738 1
0.922 2
1.859 1
1.245 1
0.924 6
0.731 4
1.034 6
0.741 2
2.086 1
2.225 1
1.091 4
0.951 1
1.144 4
1.228 2
1.225 2
1.070 1
1.935 1
0.977 5
0.763 3
1.931 1
0.923 4
1.054 3
1.112 2
0.937 4
2.060 1
0.869 1
1.080 2
1.032 3
0.891 2
0.974 4
1.179 4
3.161 1
0.868 3
1.218 1
0.965 3
1.967 1
1.201 1
0.960 4
0.807 1
1.090 5
3.125 1
1.802 1
0.909 1
2.139 1
1.048 4
1.254 2
2.264 1
3.019 1
0.780 4
0.972 2
1.169 4
1.167 6
3.908 1
2.247 1
1.969 1
0.882 2
1.977 1
1.066 1
1.052 3
1.112 3
1.011 2
1.040 3
1.239 3
1.928 1
0.741 2
0.888 3
1.200 3
1.825 1
1.138 4
1.186 6
2.181 1
2.096 1
0.977 2
2.724 1
1.275 2
0.900 2
1.962 1
0.840 5
1.012 4
2.792 1
1.016 1
1.177 2
2.073 1
0.986 1
0.766 2
2.003 1
0.736 5
1.170 3
1.961 1
0.738 2
2.049 1
3.953 1
2.151 1
0.938 4
0.882 2
1.122 1
0.754 3
1.106 2
0.739 5
0.990 1
0.803 2
0.772 3
0.794 4
2.943 1
1.085 1
0.743 2
2.243 1
1.044 3
0.753 3
1.276 3
0.912 2
2.145 1
2.225 1
2.163 1
0.868 2
3.069 1
1.742 1
1.989 1
1.821 1
1.088 3
0.730 1
3.170 1
1.793 1
0.766 1
1.138 3
1.138 2
1.216 4
1.212 3
2.091 1
1.138 2
0.927 1
3.141 1
0.939 6
1.130 1
1.871 1
2.257 1
2.274 1
1.185 2
0.889 2
1.017 2
1.904 1
1.821 1
1.143 4
2.234 1
1.036 3
1.060 1
0.909 1
1.895 1
1.817 1
1.172 3
1.229 1
0.912 1
1.090 2
1.082 4
1.927 1
2.200 1
0.989 1
1.037 2
1.100 2
1.119 1
1.275 2
1.036 2
3.063 1
1.018 2
1.265 2
2.048 1
0.995 2
0.805 2
1.209 1
1.953 1
0.885 3
1.852 1
0.739 1
1.126 3
1.866 1
1.136 1
0.844 2
0.777 3
1.792 1
1.082 1
1.260 3
1.882 1
2.079 1
1.172 2
0.993 1
2.135 1
0.810 2
1.206 2
1.209 4
1.093 2
2.249 1
1.233 2
0.792 3
2.185 1
0.892 2
2.848 1
1.074 3
1.119 1
0.891 1
1.884 1
1.194 4
1.262 6
2.761 1
2.816 1
1.239 3
2.242 1
1.753 1
1.050 3
1.253 1
2.219 1
3.111 1
1.763 1
1.959 1
2.036 1
1.904 1
2.232 1
1.000 2
0.850 3
1.165 3
0.767 2
1.956 1
0.949 1
1.784 1
1.138 1
1.154 4
0.996 1
1.733 1
1.169 2
2.022 1
0.843 2
2.200 1
2.016 1
1.251 5
2.108 1
1.900 1
0.775 3
1.818 1
0.831 3
1.177 1
1.005 4
2.812 1
1.073 3
1.161 3
1.017 2
1.824 1
2.018 1
1.223 3
2.070 1
1.074 1
1.906 1
0.731 4
1.113 4
1.139 4
2.174 1
0.861 4
1.850 1
2.196 1
1.181 1
2.972 1
0.815 1
1.209 3
2.181 1
0.770 4
0.956 1
0.852 3
1.087 2
1.867 1
0.908 1
2.910 1
1.138 2
0.836 1
0.901 2
0.741 4
0.813 3
2.211 1
1.268 1
0.952 2
1.016 4
1.245 2
0.857 4
2.192 1
0.785 2
2.017 1
0.972 5
0.822 1
1.784 1
1.225 6
2.088 1
0.801 3
1.110 1
1.090 2
1.773 1
1.186 3
0.833 2
1.222 1
2.853 1
1.205 3
0.770 4
1.060 1
0.802 2
4.252 1
0.915 2
1.203 2
1.981 1
1.939 1
0.986 2
1.984 1
1.168 1
1.025 1
2.903 1
1.017 2
1.194 1
1.880 1
1.180 1
0.960 1
1.799 1
0.759 2
0.850 2
1.242 3
1.268 4
1.979 1
2.172 1
1.025 2
0.837 2
1.041 4
0.792 1
2.157 1
1.220 1
1.024 3
1.171 3
1.172 4
2.815 1
0.867 2
0.838 2
1.730 1
2.087 1
0.943 1
2.109 1
1.144 1
2.081 1
1.976 1
1.725 1
2.210 1
1.255 3
2.250 1
1.748 1
0.789 1
0.935 2
0.831 2
3.133 1
0.958 5
0.937 1
1.220 2
1.010 2
1.277 2
1.069 1
0.848 1
1.938 1
2.013 1
1.095 2
1.030 2
1.046 1
0.823 1
1.799 1
1.940 1
1.908 1
1.041 2
1.278 3
1.101 1
2.737 1
2.898 1
3.084 1
1.265 2
2.130 1
0.739 1
0.771 4
0.865 6
1.843 1
2.250 1
1.156 1
1.935 1
2.238 1
1.169 1
0.815 1
0.990 1
1.024 3
0.908 2
2.752 1
4.223 1
3.279 1
3.171 1
1.886 1
0.829 1
0.938 2
1.260 2
1.204 1
1.200 1
1.953 1
1.168 1
0.973 2
2.127 1
1.941 1
1.889 1
1.237 3
4.184 1
1.093 1
0.915 3
1.161 1
1.263 3
0.818 1
0.829 3
0.913 3
0.880 2
1.064 2
1.969 1
0.966 2
1.127 2
1.906 1
0.882 2
3.261 1
0.791 1
1.150 2
2.177 1
1.005 4
1.966 1
1.139 2
1.127 1
0.829 1
1.188 1
2.072 1
1.245 1
1.095 3
1.857 1
1.795 1
0.950 3
1.852 1
0.981 3
1.815 1
1.862 1
0.869 4
1.001 2
2.263 1
1.984 1
1.977 1
2.278 1
1.755 1
1.866 1
1.127 3
1.099 3
1.049 2
0.861 1
1.059 1
1.079 1
2.086 1
0.981 2
2.107 1
2.202 1
2.014 1
2.083 1
0.830 1
0.966 2
2.831 1
3.020 1
0.804 1
1.032 2
3.091 1
1.224 4
0.834 3
2.097 1
0.778 1
1.225 2
1.064 2
2.236 1
2.169 1
1.225 1
1.027 2
1.762 1
1.247 3
2.122 1
1.119 1
1.070 2
1.995 1
1.159 1
1.959 1
2.166 1
3.087 1
1.267 3
2.152 1
0.845 1
1.279 3
1.854 1
1.759 1
2.067 1
1.888 1
0.811 1
0.723 2
2.169 1
1.990 1
0.906 1
1.032 1
3.944 1
0.775 3
2.043 1
1.268 3
1.026 1
1.205 1
0.848 1
2.276 1
0.881 2
1.968 1
1.069 2
1.123 2
0.945 1
2.254 1
2.036 1
2.154 1
0.888 1
1.807 1
1.244 3
1.757 1
0.779 1
0.905 2
0.883 3
0.906 1
1.043 3
1.892 1
3.145 1
1.901 1
1.054 2
0.847 3
1.725 1
0.985 1
2.087 1
1.016 2
0.744 1
4.187 1
3.198 1
0.944 2
1.229 2
1.231 1
1.249 2
1.886 1
2.231 1
1.022 1
1.232 4
1.208 2
4.118 1
2.049 1
2.198 1
1.191 1
2.007 1
0.769 1
2.248 1
3.016 1
1.252 2
0.812 3
0.972 2
1.951 1
0.913 1
0.903 2
1.917 1
0.818 1
1.923 1
2.107 1
1.874 1
0.930 1
2.077 1
2.256 1
1.084 3
0.747 1
1.033 1
2.839 1
1.938 1
1.189 1
1.958 1
4.026 1
2.133 1
1.787 1
2.234 1
1.224 1
2.771 1
2.230 1
1.077 3
2.086 1
1.266 2
2.909 1
3.120 1
2.177 1
0.730 1
1.040 2
1.759 1
1.205 1
2.053 1
1.840 1
2.191 1
1.224 1
1.830 1
2.149 1
1.044 1
1.262 1
1.823 1
1.218 1
1.860 1
1.867 1
1.145 1
1.756 1
1.255 1
0.778 4
2.089 1
2.003 1
1.246 1
1.881 1
1.782 1
1.743 1
0.793 1
0.862 2
1.936 1
2.217 1
0.972 1
1.926 1
1.779 1
1.912 1
0.782 1
1.015 2
1.770 1
1.155 1
1.110 2
1.275 2
0.879 3
0.936 1
2.157 1
2.022 1
2.792 1
1.147 1
2.211 1
1.730 1
0.774 1
0.891 1
0.842 3
2.181 1
0.741 2
0.922 1
2.152 1
3.261 1
0.857 1
2.049 1
2.271 1
1.804 1
2.152 1
0.965 1
0.857 1
1.205 1
1.229 3
2.803 1
2.179 1
1.080 1
2.214 1
2.174 1
1.758 1
0.913 1
1.054 1
2.090 1
2.195 1
0.907 1
0.961 1
1.223 1
0.910 1
1.115 2
2.131 1
0.836 1
1.787 1
0.824 3
2.050 1
0.758 1
0.789 2
2.928 1
1.081 1
2.071 1
1.963 1
0.823 1
2.183 1
1.174 1
2.142 1
0.873 1
1.947 1
0.758 1
1.265 1
0.841 1
0.816 2
1.940 1
3.086 1
1.814 1
2.155 1
2.779 1
2.270 1
2.094 1
1.849 1
0.894 1
2.183 1
1.188 1
1.184 1
3.138 1
2.139 1
3.017 1
1.133 1
2.154 1
1.015 1
1.789 1
1.274 1
1.737 1
2.152 1
3.214 1
2.215 1
0.747 1
2.245 1
2.096 1
2.090 1
1.762 1
3.266 1
2.080 1
2.011 1
4.202 1
3.028 1
2.270 1
1.724 1
0.804 1
1.912 1
1.839 1
2.074 1
1.822 1
3.167 1
1.916 1
2.228 1
0.901 1
2.247 1
0.911 1
1.937 1
3.018 1
1.060 1
1.195 2
1.827 1
1.972 1
2.093 1
1.933 1
0.726 1
1.141 1
0.893 1
1.081 1
1.093 1
0.782 1
1.795 1
1.146 1
2.129 1
1.858 1
2.000 1
0.893 1
2.795 1
1.776 1
0.885 1
0.968 1
1.816 1
0.940 1
4.124 1
1.780 1
1.272 1
2.060 1
0.818 1
1.050 1
2.199 1
2.268 1
0.778 1
1.869 1
1.850 1
2.075 1
1.023 1
3.102 1
0.769 1
1.003 1
1.834 1
2.882 1
2.147 1
1.255 1
2.260 1
1.258 1
1.261 2
1.975 1
1.214 1
1.168 1
1.940 1
0.995 1
0.962 1
2.164 1
1.091 1
0.758 1
3.071 1
2.113 1
0.751 1
1.242 1
0.921 1
0.767 2
0.901 3
0.730 1
0.827 1
1.057 1
1.270 1
0.967 1
0.804 1
0.992 1
1.199 2
0.995 2
1.918 1
1.128 1
1.187 1
1.106 2
1.173 2
0.769 1
0.767 1
1.096 2
0.958 1
2.273 1
1.052 1
0.748 3
1.177 1
0.932 2
0.774 1
1.021 2
2.935 1
0.971 1
1.136 1
0.795 1
2.135 1
0.922 1
0.946 2
1.110 1
2.114 1
1.130 2
1.040 1
0.792 1
2.131 1
1.868 1
2.194 1
2.011 1
0.887 1
1.243 1
1.141 1
0.741 2
1.218 1
1.030 1
2.248 1
0.867 3
0.868 1
0.955 1
0.788 1
1.005 1
1.770 1
0.840 1
0.880 2
1.141 1
1.729 1
1.238 1
1.211 1
0.973 1
0.870 1
1.106 1
1.230 1
0.780 1
2.280 1
1.184 1
1.135 1
0.986 1
1.038 4
1.734 1
0.841 1
0.907 1
0.771 1
1.105 1
0.790 1
1.011 1
1.883 1
0.892 1
1.270 1
0.814 4
1.247 1
0.819 2
0.847 1
1.033 2
0.816 1
0.954 1
0.802 1
0.822 1
1.087 2
0.981 2
1.064 1
1.235 1
0.967 1
1.725 1
0.989 2
2.158 1
0.854 2
1.191 1
0.997 1
1.125 1
1.029 1
1.014 2
1.901 1
1.215 1
0.996 1
0.819 1
1.189 1
1.115 1
0.844 1
0.800 1
0.770 2
0.996 1
1.250 1
1.887 1
1.005 1
0.752 2
0.757 1
1.992 1
1.042 1
1.031 1
2.214 1
2.136 1
1.023 1
1.200 2
0.948 1
1.035 1
0.852 1
0.870 2
1.101 1
2.240 1
0.864 2
1.102 1
1.036 1
1.101 1
0.953 1
1.041 1
0.821 1
1.083 1
1.170 1
1.961 1
1.062 1
0.943 1
1.130 1
0.881 2
1.127 1
1.086 1
0.885 2
1.021 2
1.975 1
0.813 1
1.030 1
1.062 1
3.029 1
1.744 1
1.799 1
1.242 2
0.993 1
1.241 1
1.200 1
0.987 1
1.095 1
1.862 1
0.817 1
1.871 1
0.778 1
1.279 1
0.790 1
1.164 1
0.722 1
0.961 1
0.940 2
1.252 1
1.142 1
2.250 1
0.992 1
1.150 1
1.052 1
1.074 1
1.166 1
1.062 1
1.929 1
0.967 1
0.939 2
0.827 1
2.244 1
0.906 1
0.893 1
1.026 1
1.192 1
1.169 1
2.236 1
1.275 1
1.122 1
1.183 1
2.026 1
0.869 1
1.226 1
1.201 1
0.769 1
1.190 1
0.736 1
0.889 1
0.775 1
1.251 1
0.847 1
1.909 1
0.858 1
0.800 1
2.238 1
2.197 1
1.029 2
1.871 1
0.907 1
0.807 1
1.103 1
2.125 1
1.729 1
0.828 1
2.135 1
2.160 1
1.061 1
1.134 1
1.207 1
1.182 1
0.735 1
0.960 1
2.037 1
1.279 1
0.772 1
0.904 1
1.972 1
0.777 1
0.852 1
1.784 1
1.075 1
1.206 1
1.086 1
1.201 1
1.251 1
0.961 1
1.044 1
1.244 1
2.830 1
1.245 1
4.126 1
2.043 1
2.027 1
0.994 1
1.072 1
1.032 1
1.857 1
1.834 1
1.085 1
0.840 2
1.819 1
2.112 1
3.042 1
0.965 1
0.885 1
2.091 1
0.939 1
0.821 1
1.203 1
0.839 1
1.087 1
0.865 1
2.195 1
2.132 1
0.764 1
1.100 1
0.877 1
1.066 1
0.744 1
2.226 1
1.743 1
2.246 1
0.981 1
0.946 1
2.181 1
0.837 1
0.918 3
1.968 1
2.022 1
1.271 2
2.090 1
1.163 1
1.098 1
1.004 1
0.976 3
1.118 2
0.875 1
0.808 2
1.108 2
1.084 2
0.824 2
1.032 2
1.232 2
1.267 1
0.895 3
0.921 3
2.215 1
1.150 1
0.866 1
0.733 1
0.891 3
1.222 2
1.745 1
1.276 1
1.229 1
0.825 2
1.759 1
1.125 1
1.043 2
2.006 1
1.243 2
1.169 1
1.107 1
0.943 2
0.725 1
0.841 1
1.760 1
1.156 3
2.271 1
0.814 1
1.218 2
0.938 1
2.056 1
0.766 2
0.827 2
0.925 1
0.825 2
2.001 1
2.753 1
1.217 2
1.255 3
3.187 1
0.852 1
0.774 3
0.883 4
1.263 1
0.905 1
0.956 3
1.149 2
3.229 1
1.226 1
1.052 1
0.842 1
1.220 1
0.863 5
1.271 1
2.192 1
2.231 1
0.796 2
1.906 1
0.928 2
0.940 1
0.879 1
2.154 1
2.064 1
0.935 2
0.867 1
2.086 1
1.257 2
0.860 1
0.875 3
0.782 1
1.149 1
2.109 1
1.905 1
1.956 1
0.959 2
2.268 1
1.155 3
1.028 2
0.998 3
1.206 1
1.180 1
1.211 1
1.033 1
1.137 1
1.006 1
1.210 1
1.008 1
1.186 1
2.242 1
0.858 1
1.215 1
1.094 2
2.247 1
1.253 1
3.841 1
0.914 2
1.173 1
1.923 1
2.975 1
1.068 3
0.830 2
2.249 1
2.101 1
0.873 1
2.092 1
1.034 2
1.071 2
0.879 2
1.090 2
0.987 2
0.867 1
1.879 1
0.887 1
0.956 2
1.851 1
1.895 1
0.930 1
0.815 1
1.208 3
1.238 1
1.095 2
1.094 2
0.757 1
1.248 1
1.220 2
0.744 1
1.218 3
0.876 2
1.810 1
1.204 1
1.194 1
0.866 1
2.828 1
0.746 1
1.002 3
1.167 1
0.769 4
0.856 2
0.935 1
0.992 1
1.840 1
1.216 3
0.811 2
0.950 1
3.140 1
3.066 1
0.919 1
2.135 1
0.806 1
1.759 1
0.960 2
0.982 2
1.839 1
1.191 1
0.771 1
0.843 2
1.759 1
1.270 1
1.020 2
0.903 2
1.860 1
0.859 1
1.140 1
0.758 1
1.868 1
1.179 2
0.815 1
0.809 3
1.267 2
0.892 1
1.013 1
0.952 1
0.911 2
1.850 1
1.933 1
1.051 1
1.210 2
2.862 1
1.072 1
0.991 1
1.237 2
1.008 1
2.122 1
0.800 2
0.974 1
3.148 1
0.744 2
1.230 2
0.998 4
0.763 3
1.031 1
2.064 1
2.110 1
0.894 1
1.046 1
0.991 1
1.189 2
1.200 2
1.065 2
0.842 1
1.009 3
3.211 1
0.793 2
1.104 1
0.831 2
1.016 3
0.830 1
2.087 1
1.219 3
1.080 2
2.265 1
1.065 1
1.139 2
0.960 2
1.924 1
0.876 2
0.979 1
1.047 2
0.915 2
1.069 1
0.735 2
0.958 2
0.884 2
2.143 1
0.843 1
1.156 2
0.893 1
0.944 1
2.138 1
1.209 2
0.825 1
1.271 4
2.937 1
2.075 1
1.135 2
1.185 3
1.067 1
1.275 1
1.824 1
0.784 1
1.894 1
0.950 1
1.199 3
1.831 1
1.209 2
2.193 1
1.163 1
1.264 1
2.128 1
2.173 1
1.214 1
0.762 1
0.738 3
0.723 1
3.142 1
2.192 1
0.730 1
0.949 1
1.138 1
0.971 1
1.071 1
1.757 1
0.944 1
1.008 3
0.795 2
2.128 1
0.966 2
1.202 1
1.036 1
2.234 1
1.093 1
2.090 1
0.859 1
2.070 1
1.215 1
2.127 1
0.789 2
1.145 1
1.013 1
1.780 1
0.963 1
1.231 1
1.245 2
0.846 1
0.913 1
0.871 2
1.268 2
0.845 2
0.892 1
1.938 1
1.210 1
0.867 1
2.854 1
0.941 2
1.266 2
1.124 1
0.819 2
0.992 2
0.811 3
2.067 1
1.017 2
2.016 1
1.873 1
2.009 1
0.742 1
2.051 1
2.161 1
1.159 1
2.253 1
0.991 1
1.823 1
0.770 1
0.910 1
1.011 1
1.069 1
1.897 1
0.793 2
1.060 2
2.241 1
0.750 1
4.279 1
0.860 1
0.925 1
1.077 2
3.196 1
0.827 1
1.062 2
0.892 1
0.736 1
1.082 2
2.172 1
0.918 3
0.965 1
3.196 1
1.813 1
0.758 2
1.142 1
1.167 2
1.000 1
1.112 1
2.006 1
1.254 2
1.953 1
0.727 1
0.917 1
3.272 1
0.861 1
0.760 1
0.881 1
2.770 1
3.016 1
2.016 1
0.826 2
2.217 1
1.076 3
1.840 1
0.917 2
1.216 2
1.186 1
1.151 1
1.030 2
2.126 1
2.915 1
3.151 1
1.016 1
1.736 1
0.747 1
1.889 1
1.806 1
1.145 2
1.178 1
0.859 2
0.843 1
0.773 1
1.220 1
1.826 1
0.759 1
0.762 1
2.188 1
1.204 1
1.052 2
1.197 1
0.810 1
1.051 1
1.234 1
0.976 2
1.156 1
1.240 1
1.150 2
0.752 1
0.957 1
2.970 1
1.011 1
0.918 3
0.754 1
1.891 1
1.052 1
1.743 1
1.230 1
1.996 1
1.878 1
1.049 1
0.847 2
0.767 2
1.909 1
3.153 1
2.101 1
1.159 1
2.182 1
0.903 1
1.122 1
1.269 1
1.060 1
1.245 1
1.875 1
0.802 1
0.952 1
1.972 1
3.231 1
1.846 1
1.082 1
1.254 2
0.942 1
1.029 2
0.936 1
1.268 1
0.983 1
1.102 2
1.056 1
1.079 1
2.005 1
1.018 1
1.914 1
0.886 2
2.153 1
0.940 1
2.198 1
0.758 1
1.724 1
1.725 1
0.732 1
0.952 1
2.102 1
2.256 1
0.994 2
1.062 2
0.987 1
1.269 1
0.978 1
1.028 1
0.758 1
0.732 1
1.727 1
2.201 1
2.189 1
2.245 1
1.057 1
0.726 1
1.092 1
1.119 2
1.101 1
0.943 1
1.276 1
1.133 1
0.883 1
1.968 1
1.032 1
2.133 1
0.811 1
1.201 1
2.008 1
1.214 1
1.974 1
1.817 1
1.176 1
2.218 1
1.042 1
1.101 1
1.213 1
3.021 1
0.906 1
1.175 1
1.951 1
1.139 1
1.158 1
1.121 1
1.183 2
1.012 1
0.846 1
0.920 1
2.169 1
0.950 1
2.231 1
3.844 1
1.070 1
0.885 1
1.940 1
0.740 1
0.773 1
1.930 1
1.059 1
2.140 1
1.890 1
1.740 1
1.778 1
1.258 1
1.729 1
1.848 1
0.835 2
2.054 1
2.148 1
1.141 2
3.052 1
0.901 1
1.848 1
2.149 1
1.063 1
2.275 1
1.032 1
1.050 1
1.205 1
0.835 1
0.790 1
2.082 1
3.065 1
1.018 1
2.018 1
0.761 1
1.267 1
0.905 1
2.126 1
2.866 1
1.054 1
0.826 1
1.055 1
0.794 1
3.261 1
1.232 1
1.209 1
0.742 1
1.002 1
3.208 1
1.129 1
0.981 1
0.848 1
3.102 1
1.118 1
1.036 1
0.881 1
2.280 1
1.172 1
1.766 1
0.921 1
1.257 1
0.817 1
2.229 1
1.154 1
1.102 1
2.088 1
0.762 1
0.733 1
2.743 1
0.862 1
0.757 1
0.726 1
0.746 1
1.003 1
1.204 1
1.018 2
1.096 1
0.855 1
1.199 1
0.990 1
0.768 1
0.834 1
1.786 1
2.025 1
1.163 1
1.166 2
1.237 1
1.141 2
0.929 2
0.866 1
0.887 1
1.867 1
0.819 1
1.103 1
0.930 2
0.860 1
1.901 1
1.052 1
1.027 1
0.836 1
1.253 1
1.159 1
1.136 2
0.870 1
0.736 1
0.854 2
1.106 1
0.837 1
1.124 1
0.991 1
1.068 1
2.257 1
1.224 1
1.117 1
1.210 1
1.204 1
2.010 1
1.218 1
1.927 1
0.988 1
0.952 1
1.179 1
1.782 1
1.246 1
2.093 1
0.863 1
0.901 2
1.072 1
1.225 1
1.198 1
2.172 1
1.077 1
0.896 1
0.721 1
0.791 2
1.838 1
1.213 1
1.071 1
2.228 1
1.210 1
3.169 1
1.864 1
1.036 1
1.080 1
1.079 1
0.738 1
0.893 1
1.277 1
2.238 1
0.917 1
0.982 1
0.821 1
0.722 1
1.776 1
0.924 1
2.045 1
1.112 1
1.152 1
2.120 1
0.943 1
0.852 1
1.111 1
0.802 1
0.830 1
1.981 1
3.062 1
1.744 1
1.163 1
1.116 1
2.221 1
0.984 1
0.727 2
2.208 1
1.116 1
0.990 1
0.809 1
1.010 1
1.149 1
0.788 1
2.127 1
0.737 1
3.200 1
2.943 1
2.254 1
1.129 1
1.066 1
2.010 1
0.793 1
0.797 1
1.007 2
0.747 1
0.772 1
0.841 1
1.995 1
2.797 1
1.205 1
1.076 1
1.062 1
1.206 1
0.817 1
0.940 1
0.736 1
1.928 1
1.208 1
1.130 1
1.074 1
1.069 1
2.790 1
0.873 1
1.112 1
0.984 1
1.072 2
1.897 1
1.816 1
1.100 1
1.108 1
1.024 1
0.807 1
0.778 1
1.758 1
2.260 1
0.842 1
3.090 1
1.267 1
0.982 1
0.877 1
0.740 1
1.038 1
1.274 1
1.178 1
2.137 1
0.936 1
2.017 1
0.757 1
1.004 1
2.183 1
1.262 1
0.907 1
0.848 1
0.823 1
1.880 1
0.726 1
1.762 1
1.190 1
0.875 1
1.169 1
0.916 1
1.037 1
1.202 2
0.848 1
4.133 1
0.858 1
1.132 1
1.170 1
1.864 1
1.965 1
1.166 1
1.725 1
0.859 1
1.872 1
2.225 1
1.239 1
1.058 1
1.088 1
1.145 1
1.151 1
2.116 1
0.946 1
1.182 1
0.849 1
0.995 1
0.887 1
1.223 1
1.081 1
0.738 1
1.895 1
0.982 1
0.888 1
0.891 1
0.916 1
1.238 1
1.053 1
0.862 1
0.935 1
1.741 1
1.161 1