q A B C
0.0 60.0000 20.0000 40.0000
0.05 58.6668 20.0000 38.4345
0.1 57.2622 20.0000 36.8840
0.15 55.7837 20.0000 35.3521
0.2 54.2296 20.0000 33.8424
0.25 52.5986 20.0000 32.3588
0.3 50.8903 20.0000 30.9048
0.35 49.1058 20.0000 29.4844
0.4 47.2473 20.0000 28.1011
0.45 45.3187 20.0000 26.7584
0.5 43.3260 20.0000 25.4596
0.55 41.2770 20.0000 24.2076
0.6 39.1822 20.0000 23.0049
0.65 37.0539 20.0000 21.8536
0.7 34.9071 20.0000 20.7555
0.75 32.7585 20.0000 19.7115
0.8 30.6261 20.0000 18.7223
0.85 28.5291 20.0000 17.7880
0.9 26.4866 20.0000 16.9081
0.95 24.5166 20.0000 16.0819
1.0 22.6358 20.0000 15.3079
1.05 20.8581 20.0000 14.5846
1.1 19.1942 20.0000 13.9099
1.15 17.6513 20.0000 13.2818
1.2 16.2331 20.0000 12.6978
1.25 14.9398 20.0000 12.1555
1.3 13.7685 20.0000 11.6523
1.35 12.7140 20.0000 11.1858
1.4 11.7692 20.0000 10.7534
1.45 10.9260 20.0000 10.3527
1.5 10.1755 20.0000 9.9814
1.55 9.5088 20.0000 9.6373
1.6 8.9169 20.0000 9.3181
1.65 8.3918 20.0000 9.0220
1.7 7.9255 20.0000 8.7471
1.75 7.5112 20.0000 8.4916
1.8 7.1424 20.0000 8.2540
1.85 6.8136 20.0000 8.0328
1.9 6.5198 20.0000 7.8267
1.95 6.2567 20.0000 7.6344
2.0 6.0204 20.0000 7.4548
2.05 5.8077 20.0000 7.2868
2.1 5.6158 20.0000 7.1296
2.15 5.4420 20.0000 6.9822
2.2 5.2844 20.0000 6.8439
2.25 5.1409 20.0000 6.7140
2.3 5.0100 20.0000 6.5918
2.35 4.8903 20.0000 6.4767
2.4 4.7805 20.0000 6.3682
2.45 4.6795 20.0000 6.2657
2.5 4.5865 20.0000 6.1689
2.55 4.5005 20.0000 6.0773
2.6 4.4209 20.0000 5.9906
2.65 4.3471 20.0000 5.9084
2.7 4.2784 20.0000 5.8304
2.75 4.2144 20.0000 5.7562
2.8 4.1546 20.0000 5.6858
2.85 4.0987 20.0000 5.6187
2.9 4.0463 20.0000 5.5548
2.95 3.9972 20.0000 5.4938
3.0 3.9509 20.0000 5.4357
3.05 3.9074 20.0000 5.3801
3.1 3.8663 20.0000 5.3270
3.15 3.8275 20.0000 5.2762
3.2 3.7908 20.0000 5.2276
3.25 3.7560 20.0000 5.1810
3.3 3.7230 20.0000 5.1363
3.35 3.6917 20.0000 5.0934
3.4 3.6619 20.0000 5.0522
3.45 3.6336 20.0000 5.0126
3.5 3.6065 20.0000 4.9746
3.55 3.5807 20.0000 4.9380
3.6 3.5561 20.0000 4.9028
3.65 3.5326 20.0000 4.8689
3.7 3.5100 20.0000 4.8362
3.75 3.4885 20.0000 4.8046
3.8 3.4678 20.0000 4.7742
3.85 3.4480 20.0000 4.7448
3.9 3.4289 20.0000 4.7164
3.95 3.4106 20.0000 4.6890
4.0 3.3930 20.0000 4.6625