n s
1 1.000
2 1.978
3 2.935
4 3.872
5 4.789
6 5.687
8 7.430
9 8.276
11 9.920
13 11.503
16 13.772
19 15.927
23 18.639
27 21.188
32 24.171
39 28.025
46 31.558
55 35.712
66 40.304
78 44.820
93 49.888
111 55.299
133 61.132
158 66.947
189 73.227
225 79.519
268 85.960
319 92.454
380 99.004
452 105.485
539 112.014
642 118.435
764 124.750
910 131.024
1084 137.233
1291 143.374
1538 149.469
1832 155.500
2182 161.457
2598 167.316
3094 173.073
3685 178.705
4389 184.194
5227 189.531
6225 194.719
7414 199.764
8829 204.671
10515 209.456
12522 214.127
14913 218.711
17761 223.239
21152 227.760
25190 232.332
30000 237.000