n s
1 1.000
2 1.986
3 2.959
4 3.920
5 4.867
6 5.801
7 6.724
8 7.634
10 9.419
12 11.159
14 12.854
16 14.508
19 16.912
23 19.983
27 22.911
32 26.384
38 30.301
45 34.556
53 39.052
63 44.186
75 49.736
88 55.111
104 60.972
123 67.048
145 73.125
172 79.487
203 85.650
239 91.655
283 97.751
334 103.572
394 109.191
466 114.683
550 119.871
649 124.798
767 129.495
905 133.855
1069 137.937
1262 141.690
1490 145.128
1760 148.263
2078 151.088
2453 153.622
2896 155.885
3420 157.897
4037 159.667
4767 161.230
5628 162.610
6645 163.838
7846 164.943
9263 165.947
10937 166.864
12912 167.692
15245 168.415
18000 169.000