n s
1 1.000
2 1.984
3 2.951
4 3.903
5 4.839
6 5.761
7 6.667
8 7.559
9 8.436
11 10.150
13 11.810
15 13.419
18 15.739
21 17.954
24 20.070
28 22.746
33 25.875
38 28.784
45 32.524
52 35.917
61 39.836
71 43.684
82 47.397
96 51.469
112 55.398
130 59.087
152 62.785
177 66.170
206 69.295
240 72.167
280 74.775
326 77.061
380 79.085
442 80.823
515 82.340
600 83.640
699 84.749
814 85.691
948 86.491
1104 87.168
1286 87.738
1497 88.211
1744 88.601
2030 88.916
2365 89.172
2754 89.378
3207 89.548
3735 89.691
4349 89.809
5065 89.901
5899 89.964
6869 89.994
8000 90.000