k p real
1 2.735e-05 1
2 7.036e-05 1
3 1.119e-04 1
4 1.165e-04 1
5 2.118e-04 1
6 3.476e-04 1
7 9.002e-04 1
8 1.803e-03 1
9 2.431e-03 1
10 3.667e-03 1
11 4.193e-03 1
12 7.104e-03 0
13 7.259e-03 1
14 1.210e-02 1
15 1.246e-02 0
16 1.362e-02 1
17 1.544e-02 1
18 1.691e-02 1
19 2.580e-02 1
20 3.073e-02 0
21 3.703e-02 0
22 4.105e-02 0
23 4.697e-02 1
24 4.864e-02 0
25 4.919e-02 0
26 5.022e-02 0
27 5.109e-02 0
28 5.500e-02 0
29 5.567e-02 0
30 6.109e-02 0
31 6.287e-02 0
32 7.416e-02 0
33 7.995e-02 0
34 8.350e-02 1
35 9.001e-02 0
36 9.217e-02 0
37 9.887e-02 0
38 1.064e-01 0
39 1.136e-01 0
40 1.218e-01 1
41 1.246e-01 0
42 1.446e-01 0
43 1.489e-01 0
44 1.509e-01 0
45 1.520e-01 0
46 1.553e-01 0
47 1.688e-01 0
48 1.702e-01 0
49 1.821e-01 0
50 1.837e-01 0
51 1.897e-01 0
52 1.940e-01 0
53 1.954e-01 0
54 1.977e-01 0
55 2.020e-01 0
56 2.054e-01 0
57 2.065e-01 0
58 2.191e-01 0
59 2.212e-01 0
60 2.342e-01 0