x t5 t20 t50 t100
0.00 0.0000 0.1220 0.5290 0.3655
0.05 0.0025 0.2940 0.7275 0.5205
0.10 0.0095 0.6030 0.9525 0.6425
0.15 0.0355 0.5560 0.6735 0.4380
0.20 0.1555 0.9200 0.8575 0.5625
0.25 0.5960 1.3945 1.0475 0.6570
0.30 1.0825 1.3595 0.9400 0.5735
0.35 1.5980 1.1845 0.7765 0.4385
0.40 2.7875 1.6140 0.9570 0.5470
0.45 3.4350 1.6690 0.9545 0.5520
0.50 3.4295 1.7040 0.9690 0.5670
0.55 3.3680 1.9355 1.1715 0.6685
0.60 1.5635 1.2515 0.7760 0.4470
0.65 1.3130 1.5975 1.1075 0.6800
0.70 0.3795 0.9475 0.7265 0.4095
0.75 0.1900 0.9530 0.8770 0.5380
0.80 0.0500 0.8270 1.0220 0.6655
0.85 0.0040 0.4120 0.6195 0.4420
0.90 0.0005 0.4070 0.8785 0.6570
0.95 0.0000 0.1350 0.5175 0.3885
1.00 0.0000 0.1350 0.5175 0.3885