t N10 N25 N100
0 0.5000 0.5000 0.5000
2 0.4496 0.4805 0.4951
4 0.4043 0.4627 0.4904
6 0.3630 0.4472 0.4857
8 0.3278 0.4298 0.4811
10 0.2947 0.4108 0.4771
12 0.2643 0.3955 0.4723
14 0.2398 0.3806 0.4676
16 0.2152 0.3660 0.4637
18 0.1946 0.3516 0.4589
20 0.1752 0.3388 0.4551
22 0.1576 0.3260 0.4502
24 0.1421 0.3130 0.4450
26 0.1278 0.2986 0.4396
28 0.1162 0.2862 0.4357
30 0.1048 0.2743 0.4311
32 0.0947 0.2615 0.4273
34 0.0869 0.2519 0.4224
36 0.0786 0.2420 0.4176
38 0.0705 0.2317 0.4137
40 0.0637 0.2225 0.4095
42 0.0569 0.2126 0.4045
44 0.0512 0.2041 0.4004
46 0.0457 0.1976 0.3956
48 0.0412 0.1888 0.3918
50 0.0378 0.1818 0.3886
52 0.0342 0.1748 0.3846
54 0.0311 0.1690 0.3803
56 0.0276 0.1634 0.3766
58 0.0255 0.1561 0.3732
60 0.0225 0.1499 0.3693
62 0.0198 0.1450 0.3644
64 0.0173 0.1397 0.3602
66 0.0150 0.1349 0.3569
68 0.0135 0.1297 0.3542
70 0.0123 0.1260 0.3494
72 0.0112 0.1212 0.3460
74 0.0094 0.1168 0.3430
76 0.0089 0.1123 0.3383
78 0.0081 0.1069 0.3340
80 0.0069 0.1026 0.3303
82 0.0062 0.0980 0.3281
84 0.0057 0.0954 0.3258
86 0.0054 0.0926 0.3237
88 0.0049 0.0884 0.3201
90 0.0042 0.0840 0.3173
92 0.0038 0.0807 0.3130
94 0.0032 0.0758 0.3101
96 0.0027 0.0723 0.3077
98 0.0025 0.0695 0.3049
100 0.0023 0.0666 0.3022