p AA Aa aa
0.00 0.0000 0.0000 1.0000
0.01 0.0001 0.0198 0.9801
0.02 0.0004 0.0392 0.9604
0.03 0.0009 0.0582 0.9409
0.04 0.0016 0.0768 0.9216
0.05 0.0025 0.0950 0.9025
0.06 0.0036 0.1128 0.8836
0.07 0.0049 0.1302 0.8649
0.08 0.0064 0.1472 0.8464
0.09 0.0081 0.1638 0.8281
0.10 0.0100 0.1800 0.8100
0.11 0.0121 0.1958 0.7921
0.12 0.0144 0.2112 0.7744
0.13 0.0169 0.2262 0.7569
0.14 0.0196 0.2408 0.7396
0.15 0.0225 0.2550 0.7225
0.16 0.0256 0.2688 0.7056
0.17 0.0289 0.2822 0.6889
0.18 0.0324 0.2952 0.6724
0.19 0.0361 0.3078 0.6561
0.20 0.0400 0.3200 0.6400
0.21 0.0441 0.3318 0.6241
0.22 0.0484 0.3432 0.6084
0.23 0.0529 0.3542 0.5929
0.24 0.0576 0.3648 0.5776
0.25 0.0625 0.3750 0.5625
0.26 0.0676 0.3848 0.5476
0.27 0.0729 0.3942 0.5329
0.28 0.0784 0.4032 0.5184
0.29 0.0841 0.4118 0.5041
0.30 0.0900 0.4200 0.4900
0.31 0.0961 0.4278 0.4761
0.32 0.1024 0.4352 0.4624
0.33 0.1089 0.4422 0.4489
0.34 0.1156 0.4488 0.4356
0.35 0.1225 0.4550 0.4225
0.36 0.1296 0.4608 0.4096
0.37 0.1369 0.4662 0.3969
0.38 0.1444 0.4712 0.3844
0.39 0.1521 0.4758 0.3721
0.40 0.1600 0.4800 0.3600
0.41 0.1681 0.4838 0.3481
0.42 0.1764 0.4872 0.3364
0.43 0.1849 0.4902 0.3249
0.44 0.1936 0.4928 0.3136
0.45 0.2025 0.4950 0.3025
0.46 0.2116 0.4968 0.2916
0.47 0.2209 0.4982 0.2809
0.48 0.2304 0.4992 0.2704
0.49 0.2401 0.4998 0.2601
0.50 0.2500 0.5000 0.2500
0.51 0.2601 0.4998 0.2401
0.52 0.2704 0.4992 0.2304
0.53 0.2809 0.4982 0.2209
0.54 0.2916 0.4968 0.2116
0.55 0.3025 0.4950 0.2025
0.56 0.3136 0.4928 0.1936
0.57 0.3249 0.4902 0.1849
0.58 0.3364 0.4872 0.1764
0.59 0.3481 0.4838 0.1681
0.60 0.3600 0.4800 0.1600
0.61 0.3721 0.4758 0.1521
0.62 0.3844 0.4712 0.1444
0.63 0.3969 0.4662 0.1369
0.64 0.4096 0.4608 0.1296
0.65 0.4225 0.4550 0.1225
0.66 0.4356 0.4488 0.1156
0.67 0.4489 0.4422 0.1089
0.68 0.4624 0.4352 0.1024
0.69 0.4761 0.4278 0.0961
0.70 0.4900 0.4200 0.0900
0.71 0.5041 0.4118 0.0841
0.72 0.5184 0.4032 0.0784
0.73 0.5329 0.3942 0.0729
0.74 0.5476 0.3848 0.0676
0.75 0.5625 0.3750 0.0625
0.76 0.5776 0.3648 0.0576
0.77 0.5929 0.3542 0.0529
0.78 0.6084 0.3432 0.0484
0.79 0.6241 0.3318 0.0441
0.80 0.6400 0.3200 0.0400
0.81 0.6561 0.3078 0.0361
0.82 0.6724 0.2952 0.0324
0.83 0.6889 0.2822 0.0289
0.84 0.7056 0.2688 0.0256
0.85 0.7225 0.2550 0.0225
0.86 0.7396 0.2408 0.0196
0.87 0.7569 0.2262 0.0169
0.88 0.7744 0.2112 0.0144
0.89 0.7921 0.1958 0.0121
0.90 0.8100 0.1800 0.0100
0.91 0.8281 0.1638 0.0081
0.92 0.8464 0.1472 0.0064
0.93 0.8649 0.1302 0.0049
0.94 0.8836 0.1128 0.0036
0.95 0.9025 0.0950 0.0025
0.96 0.9216 0.0768 0.0016
0.97 0.9409 0.0582 0.0009
0.98 0.9604 0.0392 0.0004
0.99 0.9801 0.0198 0.0001
1.00 1.0000 0.0000 0.0000