kb Ne1e3 Ne1e4 Ne1e5
0.1000 0.99602 0.96154 0.71429
0.1122 0.99553 0.95705 0.69022
0.1259 0.99499 0.95206 0.66508
0.1413 0.99438 0.94652 0.63897
0.1585 0.99370 0.94038 0.61201
0.1778 0.99294 0.93359 0.58435
0.1995 0.99208 0.92609 0.55614
0.2239 0.99112 0.91781 0.52757
0.2512 0.99005 0.90870 0.49881
0.2818 0.98885 0.89869 0.47007
0.3162 0.98751 0.88771 0.44152
0.3548 0.98601 0.87571 0.41335
0.3981 0.98433 0.86263 0.38574
0.4467 0.98245 0.84841 0.35884
0.5012 0.98035 0.83300 0.33281
0.5623 0.97800 0.81637 0.30775
0.6310 0.97538 0.79848 0.28378
0.7079 0.97246 0.77931 0.26098
0.7943 0.96921 0.75888 0.23939
0.8913 0.96558 0.73719 0.21906
1.0000 0.96154 0.71429 0.20000
1.1220 0.95705 0.69022 0.18221
1.2589 0.95206 0.66508 0.16568
1.4125 0.94652 0.63897 0.15037
1.5849 0.94038 0.61201 0.13625
1.7783 0.93359 0.58435 0.12326
1.9953 0.92609 0.55614 0.11135
2.2387 0.91781 0.52757 0.10045
2.5119 0.90870 0.49881 0.09052
2.8184 0.89869 0.47007 0.08148
3.1623 0.88771 0.44152 0.07326
3.5481 0.87571 0.41335 0.06582
3.9811 0.86263 0.38574 0.05909
4.4668 0.84841 0.35884 0.05300
5.0119 0.83300 0.33281 0.04751
5.6234 0.81637 0.30775 0.04256
6.3096 0.79848 0.28378 0.03811
7.0795 0.77931 0.26098 0.03411
7.9433 0.75888 0.23939 0.03051
8.9125 0.73719 0.21906 0.02729
10.0000 0.71429 0.20000 0.02439
11.2202 0.69022 0.18221 0.02180
12.5893 0.66508 0.16568 0.01947
14.1254 0.63897 0.15037 0.01739
15.8489 0.61201 0.13625 0.01553
17.7828 0.58435 0.12326 0.01386
19.9526 0.55614 0.11135 0.01237
22.3872 0.52757 0.10045 0.01104
25.1189 0.49881 0.09052 0.00985
28.1838 0.47007 0.08148 0.00879
31.6228 0.44152 0.07326 0.00784
35.4813 0.41335 0.06582 0.00700
39.8107 0.38574 0.05909 0.00624
44.6684 0.35884 0.05300 0.00557
50.1187 0.33281 0.04751 0.00496
56.2341 0.30775 0.04256 0.00443
63.0957 0.28378 0.03811 0.00395
70.7946 0.26098 0.03411 0.00352
79.4328 0.23939 0.03051 0.00314
89.1251 0.21906 0.02729 0.00280
100.0000 0.20000 0.02439 0.00249
112.2018 0.18221 0.02180 0.00222
125.8925 0.16568 0.01947 0.00198
141.2538 0.15037 0.01739 0.00177
158.4893 0.13625 0.01553 0.00157
177.8279 0.12326 0.01386 0.00140
199.5262 0.11135 0.01237 0.00125
223.8721 0.10045 0.01104 0.00112
251.1886 0.09052 0.00985 0.00099
281.8383 0.08148 0.00879 0.00089
316.2278 0.07326 0.00784 0.00079
354.8134 0.06582 0.00700 0.00070
398.1072 0.05909 0.00624 0.00063
446.6836 0.05300 0.00557 0.00056
501.1872 0.04751 0.00496 0.00050
562.3413 0.04256 0.00443 0.00044
630.9573 0.03811 0.00395 0.00040
707.9458 0.03411 0.00352 0.00035
794.3282 0.03051 0.00314 0.00031
891.2509 0.02729 0.00280 0.00028
1000.0000 0.02439 0.00249 0.00025