t c05 c01 c001 c0001
0 1.00000 1.00000 1.00000 1.00000
1 0.50000 0.90000 0.99000 0.99900
2 0.25000 0.81000 0.98010 0.99800
3 0.12500 0.72900 0.97030 0.99700
4 0.06250 0.65610 0.96060 0.99601
5 0.03125 0.59049 0.95099 0.99501
6 0.01562 0.53144 0.94148 0.99401
7 0.00781 0.47830 0.93207 0.99302
8 0.00391 0.43047 0.92274 0.99203
9 0.00195 0.38742 0.91352 0.99104
10 0.00098 0.34868 0.90438 0.99004
11 0.00049 0.31381 0.89534 0.98905
12 0.00024 0.28243 0.88638 0.98807
13 0.00012 0.25419 0.87752 0.98708
14 0.00006 0.22877 0.86875 0.98609
15 0.00003 0.20589 0.86006 0.98510
16 0.00002 0.18530 0.85146 0.98412
17 0.00001 0.16677 0.84294 0.98314
18 0.00000 0.15009 0.83451 0.98215
19 0.00000 0.13509 0.82617 0.98117
20 0.00000 0.12158 0.81791 0.98019
21 0.00000 0.10942 0.80973 0.97921
22 0.00000 0.09848 0.80163 0.97823
23 0.00000 0.08863 0.79361 0.97725
24 0.00000 0.07977 0.78568 0.97627
25 0.00000 0.07179 0.77782 0.97530
26 0.00000 0.06461 0.77004 0.97432
27 0.00000 0.05815 0.76234 0.97335
28 0.00000 0.05233 0.75472 0.97237
29 0.00000 0.04710 0.74717 0.97140
30 0.00000 0.04239 0.73970 0.97043
31 0.00000 0.03815 0.73230 0.96946
32 0.00000 0.03434 0.72498 0.96849
33 0.00000 0.03090 0.71773 0.96752
34 0.00000 0.02781 0.71055 0.96656
35 0.00000 0.02503 0.70345 0.96559
36 0.00000 0.02253 0.69641 0.96462
37 0.00000 0.02028 0.68945 0.96366
38 0.00000 0.01825 0.68255 0.96269
39 0.00000 0.01642 0.67573 0.96173
40 0.00000 0.01478 0.66897 0.96077
41 0.00000 0.01330 0.66228 0.95981
42 0.00000 0.01197 0.65566 0.95885
43 0.00000 0.01078 0.64910 0.95789
44 0.00000 0.00970 0.64261 0.95693
45 0.00000 0.00873 0.63619 0.95598
46 0.00000 0.00786 0.62982 0.95502
47 0.00000 0.00707 0.62353 0.95406
48 0.00000 0.00636 0.61729 0.95311
49 0.00000 0.00573 0.61112 0.95216
50 0.00000 0.00515 0.60501 0.95121
51 0.00000 0.00464 0.59896 0.95025
52 0.00000 0.00417 0.59297 0.94930
53 0.00000 0.00376 0.58704 0.94835
54 0.00000 0.00338 0.58117 0.94741
55 0.00000 0.00304 0.57535 0.94646
56 0.00000 0.00274 0.56960 0.94551
57 0.00000 0.00247 0.56391 0.94457
58 0.00000 0.00222 0.55827 0.94362
59 0.00000 0.00200 0.55268 0.94268
60 0.00000 0.00180 0.54716 0.94174
61 0.00000 0.00162 0.54169 0.94079
62 0.00000 0.00146 0.53627 0.93985
63 0.00000 0.00131 0.53091 0.93891
64 0.00000 0.00118 0.52560 0.93797
65 0.00000 0.00106 0.52034 0.93704
66 0.00000 0.00096 0.51514 0.93610
67 0.00000 0.00086 0.50999 0.93516
68 0.00000 0.00077 0.50489 0.93423
69 0.00000 0.00070 0.49984 0.93329
70 0.00000 0.00063 0.49484 0.93236
71 0.00000 0.00056 0.48989 0.93143
72 0.00000 0.00051 0.48499 0.93050
73 0.00000 0.00046 0.48014 0.92957
74 0.00000 0.00041 0.47534 0.92864
75 0.00000 0.00037 0.47059 0.92771
76 0.00000 0.00033 0.46588 0.92678
77 0.00000 0.00030 0.46122 0.92585
78 0.00000 0.00027 0.45661 0.92493
79 0.00000 0.00024 0.45204 0.92400
80 0.00000 0.00022 0.44752 0.92308
81 0.00000 0.00020 0.44305 0.92216
82 0.00000 0.00018 0.43862 0.92123
83 0.00000 0.00016 0.43423 0.92031
84 0.00000 0.00014 0.42989 0.91939
85 0.00000 0.00013 0.42559 0.91847
86 0.00000 0.00012 0.42133 0.91755
87 0.00000 0.00010 0.41712 0.91664
88 0.00000 0.00009 0.41295 0.91572
89 0.00000 0.00008 0.40882 0.91480
90 0.00000 0.00008 0.40473 0.91389
91 0.00000 0.00007 0.40068 0.91298
92 0.00000 0.00006 0.39668 0.91206
93 0.00000 0.00006 0.39271 0.91115
94 0.00000 0.00005 0.38878 0.91024
95 0.00000 0.00004 0.38490 0.90933
96 0.00000 0.00004 0.38105 0.90842
97 0.00000 0.00004 0.37724 0.90751
98 0.00000 0.00003 0.37346 0.90660
99 0.00000 0.00003 0.36973 0.90570
100 0.00000 0.00003 0.36603 0.90479
101 0.00000 0.00002 0.36237 0.90389
102 0.00000 0.00002 0.35875 0.90298
103 0.00000 0.00002 0.35516 0.90208
104 0.00000 0.00002 0.35161 0.90118
105 0.00000 0.00002 0.34809 0.90028
106 0.00000 0.00001 0.34461 0.89938
107 0.00000 0.00001 0.34117 0.89848
108 0.00000 0.00001 0.33775 0.89758
109 0.00000 0.00001 0.33438 0.89668
110 0.00000 0.00001 0.33103 0.89578
111 0.00000 0.00001 0.32772 0.89489
112 0.00000 0.00001 0.32445 0.89399
113 0.00000 0.00001 0.32120 0.89310
114 0.00000 0.00001 0.31799 0.89221
115 0.00000 0.00001 0.31481 0.89131
116 0.00000 0.00000 0.31166 0.89042
117 0.00000 0.00000 0.30854 0.88953
118 0.00000 0.00000 0.30546 0.88864
119 0.00000 0.00000 0.30240 0.88775
120 0.00000 0.00000 0.29938 0.88687
121 0.00000 0.00000 0.29639 0.88598
122 0.00000 0.00000 0.29342 0.88509
123 0.00000 0.00000 0.29049 0.88421
124 0.00000 0.00000 0.28758 0.88333
125 0.00000 0.00000 0.28471 0.88244
126 0.00000 0.00000 0.28186 0.88156
127 0.00000 0.00000 0.27904 0.88068
128 0.00000 0.00000 0.27625 0.87980
129 0.00000 0.00000 0.27349 0.87892
130 0.00000 0.00000 0.27075 0.87804
131 0.00000 0.00000 0.26805 0.87716
132 0.00000 0.00000 0.26537 0.87628
133 0.00000 0.00000 0.26271 0.87541
134 0.00000 0.00000 0.26009 0.87453
135 0.00000 0.00000 0.25748 0.87366
136 0.00000 0.00000 0.25491 0.87278
137 0.00000 0.00000 0.25236 0.87191
138 0.00000 0.00000 0.24984 0.87104
139 0.00000 0.00000 0.24734 0.87017
140 0.00000 0.00000 0.24487 0.86930
141 0.00000 0.00000 0.24242 0.86843
142 0.00000 0.00000 0.23999 0.86756
143 0.00000 0.00000 0.23759 0.86669
144 0.00000 0.00000 0.23522 0.86583
145 0.00000 0.00000 0.23286 0.86496
146 0.00000 0.00000 0.23054 0.86409
147 0.00000 0.00000 0.22823 0.86323
148 0.00000 0.00000 0.22595 0.86237
149 0.00000 0.00000 0.22369 0.86150
150 0.00000 0.00000 0.22145 0.86064
151 0.00000 0.00000 0.21924 0.85978
152 0.00000 0.00000 0.21704 0.85892
153 0.00000 0.00000 0.21487 0.85806
154 0.00000 0.00000 0.21273 0.85721
155 0.00000 0.00000 0.21060 0.85635
156 0.00000 0.00000 0.20849 0.85549
157 0.00000 0.00000 0.20641 0.85464
158 0.00000 0.00000 0.20434 0.85378
159 0.00000 0.00000 0.20230 0.85293
160 0.00000 0.00000 0.20028 0.85208
161 0.00000 0.00000 0.19827 0.85122
162 0.00000 0.00000 0.19629 0.85037
163 0.00000 0.00000 0.19433 0.84952
164 0.00000 0.00000 0.19239 0.84867
165 0.00000 0.00000 0.19046 0.84782
166 0.00000 0.00000 0.18856 0.84698
167 0.00000 0.00000 0.18667 0.84613
168 0.00000 0.00000 0.18480 0.84528
169 0.00000 0.00000 0.18296 0.84444
170 0.00000 0.00000 0.18113 0.84359
171 0.00000 0.00000 0.17932 0.84275
172 0.00000 0.00000 0.17752 0.84191
173 0.00000 0.00000 0.17575 0.84106
174 0.00000 0.00000 0.17399 0.84022
175 0.00000 0.00000 0.17225 0.83938
176 0.00000 0.00000 0.17053 0.83854
177 0.00000 0.00000 0.16882 0.83771
178 0.00000 0.00000 0.16713 0.83687
179 0.00000 0.00000 0.16546 0.83603
180 0.00000 0.00000 0.16381 0.83519
181 0.00000 0.00000 0.16217 0.83436
182 0.00000 0.00000 0.16055 0.83353
183 0.00000 0.00000 0.15894 0.83269
184 0.00000 0.00000 0.15735 0.83186
185 0.00000 0.00000 0.15578 0.83103
186 0.00000 0.00000 0.15422 0.83020
187 0.00000 0.00000 0.15268 0.82937
188 0.00000 0.00000 0.15115 0.82854
189 0.00000 0.00000 0.14964 0.82771
190 0.00000 0.00000 0.14814 0.82688
191 0.00000 0.00000 0.14666 0.82605
192 0.00000 0.00000 0.14520 0.82523
193 0.00000 0.00000 0.14374 0.82440
194 0.00000 0.00000 0.14231 0.82358
195 0.00000 0.00000 0.14088 0.82275
196 0.00000 0.00000 0.13948 0.82193
197 0.00000 0.00000 0.13808 0.82111
198 0.00000 0.00000 0.13670 0.82029
199 0.00000 0.00000 0.13533 0.81947
200 0.00000 0.00000 0.13398 0.81865