pc1 pc2
-0.105 -0.084
-0.105 0.013
-0.107 -0.021
-0.111 -0.012
-0.093 -0.115
-0.128 0.098
-0.116 -0.011
-0.126 0.011
-0.113 0.012
-0.123 0.132
-0.107 -0.063
-0.101 0.098
-0.087 0.074
-0.123 -0.043
-0.117 0.107
-0.129 0.074
-0.112 -0.117
-0.112 -0.075
-0.102 -0.094
-0.120 0.069
-0.096 -0.032
-0.112 -0.095
-0.123 -0.037
-0.127 -0.103
-0.119 -0.039
-0.101 0.001
-0.128 0.020
-0.115 0.098
-0.088 -0.048
-0.103 -0.059
-0.118 -0.034
-0.140 0.115
-0.102 0.083
-0.098 -0.106
-0.133 0.095
-0.117 -0.119
-0.089 0.031
-0.104 0.110
-0.093 0.070
-0.103 0.150
-0.111 0.057
-0.108 -0.028
-0.102 -0.116
-0.106 -0.131
-0.105 0.009
-0.116 0.059
-0.105 0.026
-0.113 0.046
-0.122 0.029
-0.122 -0.087
-0.106 -0.098
-0.136 0.113
-0.097 0.002
-0.096 0.044
-0.078 -0.065
-0.110 -0.099
-0.108 0.140
-0.132 0.067
-0.094 0.009
-0.096 0.108