pc1 pc2
0.264 0.020
0.295 -0.003
0.273 0.010
0.251 0.023
0.287 0.002
0.269 0.028
0.295 0.001
0.263 0.022
0.276 0.013
0.273 0.012
0.278 -0.003
0.293 -0.001
0.263 0.002
0.277 -0.020
0.259 0.010
0.284 0.016
0.257 -0.016
0.272 0.026
0.295 -0.003
0.269 -0.004
0.248 -0.030
0.281 0.013
0.274 -0.011
0.286 -0.029
0.253 0.008
0.277 0.014
0.257 0.008
0.274 0.018
0.273 0.026
0.266 -0.005
0.255 -0.001
0.268 -0.010
0.290 0.005
0.281 -0.004
0.274 0.027
0.246 -0.008
0.282 -0.006
0.291 0.015
0.244 -0.010
0.274 -0.021
0.278 0.020
0.275 -0.005
0.272 0.022
0.266 -0.035
0.277 -0.010
0.253 0.012
0.292 0.027
0.294 0.004
0.295 0.002
0.287 0.007
0.257 -0.008
0.254 -0.028
0.279 -0.004
0.280 0.011
0.284 0.001
0.279 0.006
0.290 0.010
0.283 -0.012
0.273 0.024
0.248 -0.002
0.295 -0.011
0.274 0.011
0.273 -0.023
0.283 0.002
0.270 -0.008
0.276 -0.014
0.280 0.014
0.256 0.010
0.262 0.026
0.261 -0.002
0.274 -0.005
0.291 0.009
0.284 0.008
0.278 0.006
0.252 0.008
0.265 0.005
0.269 0.021
0.272 -0.001
0.246 -0.016
0.249 -0.004
0.269 0.015
0.279 0.007
0.275 0.006
0.274 0.031
0.267 -0.006
0.274 -0.001
0.282 0.033
0.264 0.012
0.272 -0.005
0.249 0.009
0.268 -0.002
0.255 -0.009
0.247 0.010
0.261 -0.021
0.264 -0.015
0.249 -0.010
0.277 0.012
0.277 0.010
0.280 0.024
0.253 -0.001
0.281 0.022
0.270 -0.013
0.248 -0.016
0.266 -0.009
0.265 0.012
0.276 0.026
0.243 -0.016
0.252 0.014
0.271 -0.026
0.267 0.021
0.283 -0.010
0.292 -0.001
0.263 0.011
0.255 0.021
0.270 0.005
0.294 -0.002
0.279 -0.018
0.279 -0.008
0.277 0.012
0.274 0.007
0.265 -0.021
0.263 -0.008
0.278 0.027
0.277 0.015
0.278 0.024
0.271 -0.015
0.286 -0.007
0.261 -0.011
0.285 -0.005
0.283 0.026