pc1 pc2
-0.111 0.140
-0.101 0.140
-0.116 0.136
-0.100 0.150
-0.115 0.162
-0.113 0.131
-0.110 0.159
-0.117 0.147
-0.110 0.111
-0.130 0.180
-0.109 0.179
-0.118 0.165
-0.088 0.115
-0.105 0.152
-0.125 0.145
-0.117 0.167
-0.135 0.113
-0.113 0.148
-0.111 0.123
-0.114 0.142
-0.118 0.164
-0.113 0.155
-0.105 0.131
-0.109 0.165
-0.118 0.158
-0.113 0.154
-0.120 0.165
-0.148 0.153
-0.122 0.128
-0.130 0.151
-0.124 0.139
-0.107 0.142
-0.118 0.132
-0.120 0.157
-0.093 0.135
-0.113 0.121
-0.111 0.184
-0.124 0.151
-0.130 0.140
-0.121 0.148
-0.099 0.175
-0.099 0.127
-0.115 0.126
-0.100 0.138
-0.101 0.153
-0.113 0.158
-0.110 0.157
-0.135 0.134
-0.122 0.180
-0.143 0.152
-0.106 0.153
-0.113 0.153
-0.116 0.143
-0.118 0.165
-0.092 0.140
-0.138 0.125
-0.121 0.167
-0.108 0.146
-0.105 0.165
-0.116 0.142
-0.113 0.156
-0.097 0.156
-0.114 0.139
-0.121 0.169
-0.124 0.167
-0.148 0.127
-0.097 0.124
-0.135 0.167
-0.128 0.176
-0.117 0.144
-0.104 0.145
-0.116 0.154
-0.129 0.168
-0.106 0.167
-0.127 0.160
-0.113 0.156
-0.100 0.126
-0.104 0.140
-0.130 0.184
-0.127 0.147
-0.115 0.146
-0.079 0.146
-0.134 0.161
-0.098 0.181
-0.131 0.179
-0.105 0.157
-0.110 0.163
-0.106 0.138
-0.087 0.150
-0.097 0.138
-0.128 0.137
-0.120 0.156
-0.091 0.165
-0.113 0.158
-0.103 0.160
-0.132 0.166
-0.126 0.131
-0.128 0.124
-0.085 0.157
-0.103 0.153
-0.096 0.137
-0.115 0.154
-0.079 0.161
-0.087 0.146
-0.098 0.153
-0.115 0.140
-0.118 0.173
-0.104 0.163
-0.120 0.136
-0.116 0.153
-0.116 0.151
-0.104 0.138
-0.114 0.154
-0.084 0.143
-0.160 0.142
-0.126 0.151
-0.091 0.155
-0.135 0.151
-0.123 0.140
-0.115 0.159
-0.125 0.144
-0.120 0.144
-0.109 0.163
-0.124 0.124
-0.109 0.140
-0.135 0.168
-0.121 0.163
-0.081 0.136
-0.098 0.149
-0.110 0.163