pc1 pc2
-0.129 -0.159
-0.067 -0.162
-0.096 -0.147
-0.104 -0.168
-0.084 -0.189
-0.128 -0.178
-0.110 -0.138
-0.102 -0.119
-0.088 -0.193
-0.111 -0.158
-0.137 -0.155
-0.110 -0.155
-0.089 -0.135
-0.119 -0.153
-0.090 -0.162
-0.096 -0.129
-0.095 -0.157
-0.111 -0.116
-0.109 -0.156
-0.110 -0.150
-0.088 -0.134
-0.112 -0.160
-0.112 -0.176
-0.109 -0.172
-0.127 -0.159
-0.107 -0.116
-0.104 -0.144
-0.088 -0.165
-0.106 -0.156
-0.113 -0.166
-0.122 -0.150
-0.120 -0.134
-0.105 -0.162
-0.086 -0.139
-0.102 -0.158
-0.110 -0.130
-0.112 -0.154
-0.106 -0.154
-0.113 -0.184
-0.100 -0.165
-0.124 -0.164
-0.127 -0.166
-0.120 -0.176
-0.102 -0.166
-0.128 -0.162
-0.094 -0.175
-0.094 -0.130
-0.107 -0.163
-0.108 -0.158
-0.098 -0.141
-0.108 -0.134
-0.109 -0.160
-0.105 -0.148
-0.101 -0.181
-0.117 -0.162
-0.123 -0.155
-0.113 -0.131
-0.123 -0.166
-0.124 -0.145
-0.103 -0.150
-0.094 -0.139
-0.123 -0.163
-0.103 -0.162
-0.090 -0.148
-0.103 -0.151
-0.101 -0.184
-0.101 -0.134
-0.122 -0.158
-0.086 -0.151
-0.114 -0.159
-0.115 -0.156
-0.086 -0.190
-0.115 -0.138
-0.109 -0.166
-0.107 -0.153
-0.109 -0.164
-0.106 -0.138
-0.074 -0.169
-0.095 -0.175
-0.092 -0.134
-0.112 -0.155
-0.101 -0.173
-0.120 -0.120
-0.102 -0.151
-0.115 -0.138
-0.116 -0.151
-0.105 -0.141
-0.104 -0.134
-0.101 -0.166
-0.121 -0.142
-0.099 -0.157
-0.113 -0.160
-0.101 -0.156
-0.102 -0.148
-0.120 -0.170
-0.097 -0.154
-0.082 -0.154
-0.102 -0.145
-0.100 -0.136
-0.111 -0.138
-0.127 -0.157
-0.100 -0.175
-0.075 -0.154
-0.091 -0.161
-0.124 -0.158
-0.126 -0.165
-0.110 -0.152
-0.100 -0.148
-0.129 -0.143
-0.103 -0.149
-0.104 -0.147
-0.113 -0.181
-0.119 -0.147
-0.120 -0.161
-0.097 -0.140
-0.103 -0.177
-0.107 -0.139
-0.102 -0.174
-0.125 -0.187
-0.093 -0.150
-0.110 -0.171
-0.111 -0.129
-0.126 -0.170
-0.109 -0.151
-0.119 -0.141
-0.116 -0.161
-0.105 -0.139
-0.097 -0.151
-0.105 -0.177
-0.123 -0.154