n q0005 q001 q002 q005
1000 1.0479e-06 4.2774e-06 2.7222e-05 0.00066453
1122 1.2877e-06 5.6279e-06 3.8783e-05 0.0010462
1258.9 1.5988e-06 7.4986e-06 5.6014e-05 0.0016618
1412.5 2.0067e-06 1.0121e-05 8.2007e-05 0.0026594
1584.9 2.5469e-06 1.384e-05 0.00012168 0.0042793
1778.3 3.2701e-06 1.9182e-05 0.00018295 0.0069086
1995.3 4.2489e-06 2.6947e-05 0.00027855 0.011161
2238.7 5.5887e-06 3.8375e-05 0.00042927 0.017987
2511.9 7.4439e-06 5.5403e-05 0.00066903 0.028816
2818.4 1.0044e-05 8.108e-05 0.0010534 0.045708
3162.3 1.373e-05 0.00012026 0.0016735 0.071463
3548.1 1.9023e-05 0.00018074 0.0026784 0.10958
3981.1 2.6715e-05 0.0002751 0.0043101 0.1639
4466.8 3.8032e-05 0.0004238 0.0069586 0.23775
5011.9 5.4888e-05 0.00066029 0.011241 0.33257
5623.4 8.0301e-05 0.0010394 0.018116 0.44613
6309.6 0.00011907 0.0016508 0.029019 0.57124
7079.5 0.00017888 0.0026415 0.046022 0.69609
7943.3 0.00027219 0.0042502 0.071936 0.80692
8912.5 0.0004192 0.0068615 0.11027 0.89269
10000 0.00065294 0.011085 0.16486 0.94924
11220 0.0010275 0.017865 0.23903 0.98018
12589 0.0016317 0.028625 0.33416 0.99383
14125 0.0026105 0.045413 0.44795 0.99853
15849 0.0041999 0.071019 0.57316 0.99974
17783 0.0067799 0.10893 0.69789 0.99997
19953 0.010953 0.16299 0.80842 1
22387 0.017655 0.23655 0.89376 1
25119 0.028293 0.33108 0.94988 1
28184 0.0449 0.44441 0.98049 1
31623 0.070246 0.56943 0.99395 1
35481 0.1078 0.69438 0.99856 1
39811 0.16142 0.8055 0.99975 1
44668 0.23446 0.89167 0.99997 1
50119 0.32848 0.94863 1 1
56234 0.4414 0.97989 1 1
63096 0.56625 0.99372 1 1
70795 0.69137 0.9985 1 1
79433 0.80299 0.99974 1 1
89125 0.88988 0.99997 1 1
1e+05 0.94755 1 1 1
1.122e+05 0.97936 1 1 1
1.2589e+05 0.99351 1 1 1
1.4125e+05 0.99844 1 1 1
1.5849e+05 0.99972 1 1 1
1.7783e+05 0.99997 1 1 1
1.9953e+05 1 1 1 1
2.2387e+05 1 1 1 1
2.5119e+05 1 1 1 1
2.8184e+05 1 1 1 1
3.1623e+05 1 1 1 1
3.5481e+05 1 1 1 1
3.9811e+05 1 1 1 1
4.4668e+05 1 1 1 1
5.0119e+05 1 1 1 1
5.6234e+05 1 1 1 1
6.3096e+05 1 1 1 1
7.0795e+05 1 1 1 1
7.9433e+05 1 1 1 1
8.9125e+05 1 1 1 1
1e+06 1 1 1 1