e lo hi
4.3010 3.4332 5.5966
3.8239 3.2541 4.6158
3.6021 3.1413 4.2085
3.4559 3.0573 3.9626
3.3468 2.9898 3.7895
3.2596 2.9331 3.6571
3.1871 2.8842 3.5506
3.1249 2.8411 3.4616
3.0706 2.8025 3.3855
3.0223 2.7676 3.3191
2.9788 2.7356 3.2602
2.9393 2.7061 3.2075
2.9031 2.6788 3.1597
2.8697 2.6533 3.1160
2.8386 2.6293 3.0758
2.8097 2.6068 3.0387
2.7570 2.5654 2.9718
2.7328 2.5462 2.9415
2.7100 2.5279 2.9129
2.6676 2.4937 2.8604
2.6289 2.4623 2.8130
2.5935 2.4332 2.7698
2.5607 2.4061 2.7302
2.5302 2.3807 2.6936
2.4881 2.3454 2.6435
2.4622 2.3235 2.6128
2.4260 2.2927 2.5702
2.3925 2.2642 2.5311
2.3615 2.2375 2.4950
2.3233 2.2045 2.4508
2.2882 2.1739 2.4105
2.2557 2.1455 2.3734
2.2255 2.1190 2.3390
2.1904 2.0880 2.2993
2.1518 2.0537 2.2558
2.1221 2.0272 2.2224
2.0888 1.9975 2.1853
2.0531 1.9653 2.1455
2.0200 1.9355 2.1089
1.9851 1.9039 2.0703
1.9527 1.8745 2.0348
1.9190 1.8437 1.9978
1.8844 1.8120 1.9600
1.8492 1.7797 1.9218
1.8167 1.7497 1.8865
1.7838 1.7193 1.8509
1.7484 1.6864 1.8127
1.7156 1.6559 1.7774
1.6809 1.6236 1.7403
1.6488 1.5936 1.7059
1.6135 1.5605 1.6683
1.5809 1.5299 1.6335
1.5474 1.4984 1.5980
1.5136 1.4664 1.5622
1.4795 1.4342 1.5261
1.4455 1.4020 1.4903
1.4129 1.3710 1.4559
1.3783 1.3381 1.4196
1.3453 1.3067 1.3850
1.3111 1.2740 1.3492
1.2778 1.2421 1.3143
1.2437 1.2095 1.2788
1.2108 1.1779 1.2444
1.1769 1.1453 1.2091
1.1430 1.1127 1.1739
1.1093 1.0803 1.1389
1.0760 1.0481 1.1044
1.0422 1.0155 1.0694
1.0086 0.9830 1.0346
0.9749 0.9504 0.9999
0.9414 0.9179 0.9653
0.9078 0.8854 0.9307
0.8740 0.8526 0.8959
0.8406 0.8200 0.8615
0.8067 0.7871 0.8267
0.7733 0.7545 0.7923
0.7396 0.7217 0.7578
0.7061 0.6890 0.7234
0.6723 0.6561 0.6889
0.6387 0.6233 0.6545
0.6051 0.5904 0.6200
0.5715 0.5575 0.5856
0.5378 0.5246 0.5513
0.5042 0.4917 0.5170
0.4706 0.4588 0.4826
0.4371 0.4259 0.4484
0.4035 0.3930 0.4141
0.3698 0.3601 0.3798
0.3362 0.3270 0.3454
0.3026 0.2941 0.3112
0.2689 0.2611 0.2769
0.2353 0.2282 0.2426
0.2017 0.1953 0.2083
0.1681 0.1623 0.1740
0.1345 0.1295 0.1397
0.1009 0.0966 0.1053
0.0672 0.0638 0.0708
0.0336 0.0313 0.0361
0.0000 0.0000 0.0002