e lo hi
5.2553 4.3874 6.5508
4.7781 4.2083 5.5700
4.5563 4.0954 5.1628
4.4102 4.0114 4.9169
4.3010 3.9439 4.7438
4.2139 3.8872 4.6114
4.1413 3.8383 4.5048
4.0792 3.7952 4.4159
4.0248 3.7566 4.3398
3.9765 3.7216 4.2734
3.9330 3.6897 4.2146
3.8935 3.6602 4.1618
3.8573 3.6328 4.1140
3.7929 3.5834 4.0302
3.7639 3.5609 3.9930
3.7112 3.5194 3.9261
3.6642 3.4819 3.8673
3.6425 3.4645 3.8403
3.5832 3.4163 3.7673
3.5477 3.3872 3.7242
3.4994 3.3472 3.6659
3.4559 3.3108 3.6140
3.4164 3.2775 3.5672
3.3802 3.2467 3.5246
3.3362 3.2090 3.4732
3.2962 3.1746 3.4269
3.2509 3.1353 3.3747
3.2099 3.0994 3.3278
3.1654 3.0602 3.2772
3.1249 3.0244 3.2315
3.0821 2.9863 3.1834
3.0431 2.9514 3.1398
2.9976 2.9104 3.0893
2.9564 2.8732 3.0438
2.9148 2.8354 2.9980
2.8733 2.7975 2.9524
2.8320 2.7597 2.9075
2.7914 2.7223 2.8633
2.7488 2.6829 2.8172
2.7075 2.6447 2.7727
2.6653 2.6054 2.7273
2.6248 2.5676 2.6840
2.5822 2.5277 2.6385
2.5401 2.4881 2.5937
2.4986 2.4491 2.5497
2.4566 2.4094 2.5052
2.4158 2.3707 2.4621
2.3739 2.3309 2.4180
2.3315 2.2905 2.3735
2.2901 2.2510 2.3300
2.2488 2.2115 2.2869
2.2072 2.1717 2.2435
2.1650 2.1312 2.1995
2.1233 2.0911 2.1562
2.0818 2.0510 2.1131
2.0402 2.0108 2.0700
1.9988 1.9708 2.0272
1.9571 1.9304 1.9841
1.9154 1.8900 1.9412
1.8738 1.8496 1.8983
1.8319 1.8088 1.8552
1.7903 1.7684 1.8126
1.7486 1.7277 1.7698
1.7071 1.6872 1.7273
1.6654 1.6464 1.6846
1.6237 1.6056 1.6420
1.5822 1.5649 1.5996
1.5405 1.5241 1.5571
1.4989 1.4833 1.5146
1.4572 1.4424 1.4722
1.4156 1.4015 1.4299
1.3739 1.3605 1.3875
1.3323 1.3195 1.3452
1.2907 1.2785 1.3029
1.2490 1.2375 1.2607
1.2074 1.1964 1.2185
1.1658 1.1553 1.1763
1.1241 1.1142 1.1341
1.0825 1.0730 1.0919
1.0408 1.0319 1.0498
0.9992 0.9907 1.0077
0.9576 0.9495 0.9657
0.9159 0.9083 0.9236
0.8743 0.8671 0.8815
0.8327 0.8258 0.8395
0.7910 0.7846 0.7975
0.7494 0.7433 0.7555
0.7078 0.7020 0.7135
0.6661 0.6607 0.6716
0.6245 0.6194 0.6296
0.5829 0.5781 0.5876
0.5412 0.5368 0.5457
0.4996 0.4954 0.5038
0.4580 0.4541 0.4619
0.4163 0.4127 0.4199
0.3747 0.3714 0.3780
0.3331 0.3300 0.3361
0.2914 0.2887 0.2942
0.2498 0.2473 0.2523
0.2082 0.2060 0.2104
0.1665 0.1646 0.1685
0.1249 0.1233 0.1265
0.0833 0.0820 0.0846
0.0416 0.0407 0.0425
0.0000 0.0000 0.0000