e o
5.2553 31.8485
4.7781 30.2883
4.5563 27.5300
4.4102 21.2182
4.3010 19.8451
4.2139 19.0852
4.1413 18.8959
4.0792 18.6241
4.0248 16.7574
3.9765 15.3115
3.9330 14.5368
3.8935 14.3683
3.8573 13.6493
3.8239 13.0844
3.7929 12.6900
3.7639 12.3641
3.7368 11.8985
3.7112 11.8794
3.6871 11.8571
3.6642 11.5780
3.6425 10.7867
3.6218 10.7203
3.6021 10.0841
3.5832 10.0382
3.5651 9.8729
3.5477 9.8053
3.5310 9.4451
3.5149 9.1616
3.4994 8.9956
3.4844 8.5959
3.4699 8.0375
3.4559 7.8429
3.4424 7.7850
3.4292 7.7473
3.4164 7.5666
3.4040 7.1517
3.3919 6.9795
3.3802 6.6264
3.3688 6.1233
3.3576 6.0347
3.3468 6.0173
3.3362 6.0068
3.3258 5.8706
3.3157 5.5578
3.3059 5.4795
3.2962 5.4371
3.2868 5.4280
3.2775 5.3918
3.2685 5.3276
3.2596 5.2303
3.2509 5.2279
3.2424 5.1596
3.2341 5.1517
3.2259 5.1226
3.2178 5.0809
3.2099 5.0569
3.2022 5.0135
3.1946 4.9653
3.1871 4.9237
3.1797 4.8731
3.1725 4.8177
3.1654 4.7715
3.1584 4.7607
3.1515 4.7414
3.1447 4.7162
3.1380 4.5017
3.1314 4.4930
3.1249 4.4870
3.1185 4.2945
3.1123 4.2693
3.1060 4.2197
3.0999 4.2064
3.0939 4.1691
3.0880 4.1577
3.0821 4.1237
3.0763 4.0960
3.0706 4.0662
3.0649 4.0341
3.0594 3.9951
3.0539 3.9732
3.0484 3.9612
3.0431 3.9345
3.0378 3.8990
3.0326 3.8868
3.0274 3.8840
3.0223 3.8632
3.0172 3.8472
3.0122 3.8136
3.0073 3.8086
3.0024 3.7914
2.9976 3.7885
2.9928 3.7805
2.9881 3.7770
2.9834 3.7638
2.9788 3.7588
2.9742 3.7576
2.9697 3.7369
2.9652 3.7331
2.9608 3.7273
2.9564 3.7225
2.9521 3.7213
2.9478 3.6917
2.9435 3.6186
2.9393 3.5820
2.9351 3.5639
2.9310 3.5637
2.9269 3.5576
2.9228 3.5508
2.9188 3.5309
2.9148 3.5019
2.9109 3.4900
2.9070 3.4866
2.9031 3.4810
2.8992 3.4763
2.8954 3.4716
2.8917 3.4716
2.8879 3.4629
2.8842 3.4563
2.8805 3.4507
2.8769 3.4497
2.8733 3.4362
2.8697 3.4290
2.8661 3.4249
2.8626 3.4139
2.8591 3.4091
2.8556 3.3974
2.8521 3.3881
2.8487 3.3834
2.8453 3.3669
2.8420 3.3660
2.8386 3.3470
2.8353 3.3470
2.8320 3.3313
2.8288 3.3277
2.8255 3.3096
2.8223 3.3051
2.8191 3.2990
2.8159 3.2884
2.8128 3.2884
2.8097 3.2768
2.8066 3.2707
2.8035 3.2616
2.8004 3.2606
2.7974 3.2532
2.7944 3.2428
2.7914 3.2408
2.7884 3.2350
2.7854 3.2348
2.7825 3.2325
2.7796 3.2201
2.7767 3.2195
2.7738 3.2175
2.7710 3.2157
2.7681 3.2144
2.7653 3.1982
2.7625 3.1968
2.7597 3.1933
2.7570 3.1922
2.7542 3.1825
2.7515 3.1768
2.7488 3.1638
2.7461 3.1583
2.7434 3.1578
2.7407 3.1507
2.7381 3.1486
2.7354 3.1424
2.7328 3.1393
2.7302 3.1344
2.7276 3.1289
2.7251 3.1284
2.7225 3.1221
2.7200 3.1136
2.7174 3.1076
2.7149 3.1036
2.7124 3.0999
2.7100 3.0934
2.7075 3.0886
2.7050 3.0852
2.7026 3.0803
2.7002 3.0794
2.6978 3.0784
2.6954 3.0701
2.6930 3.0660
2.6906 3.0656
2.6882 3.0633
2.6859 3.0415
2.6836 3.0389
2.6812 3.0369
2.6789 3.0358
2.6766 3.0336
2.6743 3.0292
2.6721 3.0244
2.6698 3.0230
2.6676 3.0221
2.6653 3.0194
2.6631 3.0186
2.6609 3.0183
2.6587 3.0180
2.6565 3.0171
2.6543 3.0170
2.6521 3.0146
2.6500 3.0081
2.6478 3.0062
2.6457 2.9971
2.6435 2.9957
2.6414 2.9931
2.6393 2.9867
2.6372 2.9850
2.6351 2.9829
2.6331 2.9824
2.6310 2.9727
2.6289 2.9710
2.6269 2.9696
2.6248 2.9676
2.6228 2.9617
2.6208 2.9508
2.6188 2.9459
2.6168 2.9409
2.6148 2.9359
2.6128 2.9356
2.6108 2.9355
2.6089 2.9325
2.6069 2.9227
2.6050 2.9213
2.6030 2.9162
2.6011 2.9134
2.5992 2.9110
2.5973 2.9071
2.5954 2.9060
2.5935 2.8998
2.5916 2.8895
2.5897 2.8894
2.5878 2.8866
2.5860 2.8842
2.5841 2.8800
2.5822 2.8778
2.5804 2.8696
2.5786 2.8696
2.5767 2.8690
2.5749 2.8682
2.5731 2.8674
2.5713 2.8640
2.5695 2.8633
2.5677 2.8627
2.5660 2.8625
2.5642 2.8559
2.5624 2.8501
2.5607 2.8485
2.5589 2.8461
2.5572 2.8428
2.5554 2.8426
2.5537 2.8347
2.5520 2.8331
2.5503 2.8328
2.5485 2.8282
2.5468 2.8277
2.5452 2.8254
2.5435 2.8242
2.5418 2.8179
2.5401 2.8062
2.5384 2.8054
2.5368 2.8036
2.5351 2.8035
2.5335 2.8021
2.5318 2.7987
2.5302 2.7951
2.5285 2.7885
2.5269 2.7882
2.5253 2.7866
2.5237 2.7807
2.5221 2.7770
2.5205 2.7764
2.5189 2.7748
2.5173 2.7628
2.5157 2.7605
2.5141 2.7596
2.5125 2.7583
2.5110 2.7579
2.5094 2.7552
2.5079 2.7537
2.5063 2.7522
2.5048 2.7439
2.5032 2.7415
2.5017 2.7410
2.5002 2.7386
2.4986 2.7365
2.4971 2.7359
2.4956 2.7358
2.4941 2.7357
2.4926 2.7309
2.4911 2.7304
2.4896 2.7265
2.4881 2.7263
2.4866 2.7240
2.4852 2.7210
2.4837 2.7185
2.4822 2.7171
2.4808 2.7141
2.4793 2.7130
2.4778 2.7121
2.4764 2.7106
2.4750 2.7069
2.4735 2.7068
2.4721 2.7059
2.4707 2.7054
2.4692 2.7051
2.4678 2.7044
2.4664 2.7035
2.4650 2.7026
2.4636 2.7007
2.4622 2.7005
2.4608 2.6998
2.4594 2.6989
2.4580 2.6984
2.4566 2.6908
2.4552 2.6882
2.4539 2.6878
2.4525 2.6855
2.4511 2.6838
2.4498 2.6826
2.4484 2.6825
2.4471 2.6812
2.4457 2.6763
2.4444 2.6738
2.4430 2.6684
2.4417 2.6677
2.4404 2.6675
2.4390 2.6672
2.4377 2.6671
2.4364 2.6642
2.4351 2.6637
2.4338 2.6625
2.4324 2.6616
2.4311 2.6605
2.4298 2.6578
2.4285 2.6550
2.4273 2.6541
2.4260 2.6535
2.4247 2.6521
2.4234 2.6516
2.4221 2.6492
2.4208 2.6481
2.4196 2.6359
2.4183 2.6342
2.4170 2.6309
2.4158 2.6300
2.4145 2.6290
2.4133 2.6226
2.4120 2.6209
2.4108 2.6180
2.4095 2.6175
2.4083 2.6158
2.4071 2.6144
2.4058 2.6083
2.4046 2.6076
2.4034 2.6075
2.4022 2.6053
2.4010 2.6045
2.3997 2.6024
2.3985 2.6021
2.3973 2.5998
2.3961 2.5993
2.3949 2.5987
2.3937 2.5978
2.3925 2.5976
2.3914 2.5970
2.3902 2.5961
2.3890 2.5948
2.3878 2.5943
2.3866 2.5924
2.3854 2.5922
2.3843 2.5918
2.3831 2.5915
2.3819 2.5910
2.3808 2.5907
2.3796 2.5901
2.3785 2.5897
2.3773 2.5895
2.3762 2.5891
2.3750 2.5874
2.3739 2.5826
2.3727 2.5775
2.3716 2.5774
2.3705 2.5758
2.3693 2.5752
2.3682 2.5742
2.3671 2.5671
2.3660 2.5668
2.3648 2.5665
2.3637 2.5636
2.3626 2.5575
2.3615 2.5568
2.3604 2.5564
2.3593 2.5554
2.3582 2.5551
2.3571 2.5542
2.3560 2.5537
2.3549 2.5532
2.3538 2.5531
2.3527 2.5522
2.3516 2.5517
2.3473 2.5508
2.3441 2.5490
2.3399 2.5475
2.3357 2.5309
2.3315 2.5290
2.3284 2.5215
2.3243 2.5157
2.3203 2.5082
2.3162 2.5014
2.3123 2.4944
2.3083 2.4835
2.3044 2.4779
2.3005 2.4699
2.2967 2.4596
2.2929 2.4561
2.2891 2.4489
2.2845 2.4420
2.2808 2.4365
2.2771 2.4312
2.2734 2.4250
2.2689 2.4205
2.2654 2.4145
2.2610 2.4111
2.2574 2.4064
2.2531 2.3994
2.2497 2.3966
2.2454 2.3884
2.2420 2.3855
2.2378 2.3759
2.2337 2.3695
2.2296 2.3597
2.2263 2.3559
2.2222 2.3508
2.2182 2.3469
2.2143 2.3440
2.2103 2.3392
2.2064 2.3332
2.2026 2.3296
2.1987 2.3216
2.1942 2.3168
2.1904 2.3121
2.1867 2.3105
2.1830 2.3042
2.1786 2.2977
2.1750 2.2930
2.1707 2.2825
2.1671 2.2749
2.1629 2.2710
2.1594 2.2665
2.1552 2.2604
2.1511 2.2538
2.1470 2.2494
2.1437 2.2432
2.1397 2.2358
2.1357 2.2344
2.1317 2.2307
2.1278 2.2255
2.1240 2.2219
2.1201 2.2170
2.1157 2.2131
2.1119 2.2106
2.1082 2.2048
2.1039 2.1979
2.1002 2.1910
2.0960 2.1868
2.0924 2.1846
2.0882 2.1781
2.0847 2.1754
2.0806 2.1689
2.0766 2.1653
2.0726 2.1627
2.0686 2.1588
2.0647 2.1545
2.0608 2.1460
2.0569 2.1413
2.0531 2.1379
2.0493 2.1337
2.0449 2.1284
2.0412 2.1255
2.0375 2.1213
2.0333 2.1149
2.0297 2.1076
2.0256 2.1040
2.0215 2.0997
2.0175 2.0952
2.0140 2.0902
2.0100 2.0853
2.0061 2.0790
2.0022 2.0743
1.9983 2.0686
1.9940 2.0628
1.9902 2.0581
1.9865 2.0512
1.9823 2.0419
1.9786 2.0366
1.9745 2.0316
1.9704 2.0244
1.9668 2.0179
1.9628 2.0133
1.9588 2.0047
1.9549 2.0012
1.9510 1.9963
1.9471 1.9922
1.9433 1.9866
1.9391 1.9798
1.9353 1.9764
1.9312 1.9714
1.9275 1.9686
1.9234 1.9627
1.9194 1.9603
1.9154 1.9564
1.9119 1.9527
1.9079 1.9481
1.9037 1.9449
1.8998 1.9399
1.8960 1.9323
1.8922 1.9299
1.8881 1.9245
1.8840 1.9204
1.8803 1.9183
1.8763 1.9151
1.8724 1.9104
1.8684 1.9067
1.8645 1.9025
1.8606 1.8950
1.8568 1.8905
1.8527 1.8859
1.8489 1.8830
1.8448 1.8797
1.8411 1.8763
1.8371 1.8721
1.8332 1.8676
1.8292 1.8642
1.8254 1.8612
1.8215 1.8566
1.8174 1.8523
1.8136 1.8494
1.8095 1.8447
1.8058 1.8412
1.8018 1.8374
1.7978 1.8328
1.7939 1.8274
1.7900 1.8235
1.7862 1.8204
1.7821 1.8173
1.7783 1.8145
1.7743 1.8115
1.7703 1.8076
1.7663 1.8027
1.7624 1.7975
1.7585 1.7926
1.7546 1.7893
1.7508 1.7838
1.7467 1.7802
1.7427 1.7756
1.7390 1.7709
1.7350 1.7666
1.7311 1.7643
1.7273 1.7597
1.7232 1.7564
1.7193 1.7538
1.7153 1.7498
1.7113 1.7459
1.7076 1.7423
1.7037 1.7392
1.6996 1.7358
1.6957 1.7321
1.6919 1.7290
1.6879 1.7249
1.6839 1.7216
1.6800 1.7176
1.6761 1.7136
1.6722 1.7095
1.6683 1.7038
1.6643 1.6989
1.6603 1.6943
1.6564 1.6889
1.6524 1.6863
1.6486 1.6804
1.6447 1.6758
1.6407 1.6730
1.6369 1.6695
1.6330 1.6650
1.6290 1.6612
1.6251 1.6570
1.6211 1.6525
1.6173 1.6462
1.6133 1.6423
1.6094 1.6393
1.6054 1.6363
1.6016 1.6303
1.5975 1.6261
1.5937 1.6223
1.5898 1.6184
1.5859 1.6146
1.5820 1.6112
1.5779 1.6076
1.5741 1.6038
1.5702 1.6007
1.5662 1.5972
1.5623 1.5937
1.5583 1.5918
1.5545 1.5879
1.5505 1.5840
1.5466 1.5796
1.5427 1.5754
1.5387 1.5698
1.5347 1.5656
1.5309 1.5624
1.5270 1.5582
1.5230 1.5535
1.5191 1.5499
1.5151 1.5460
1.5112 1.5418
1.5073 1.5377
1.5033 1.5331
1.4995 1.5279
1.4955 1.5222
1.4916 1.5180
1.4876 1.5140
1.4838 1.5095
1.4798 1.5064
1.4759 1.5027
1.4720 1.4988
1.4680 1.4938
1.4641 1.4889
1.4602 1.4852
1.4563 1.4813
1.4523 1.4765
1.4483 1.4724
1.4444 1.4682
1.4406 1.4645
1.4366 1.4606
1.4326 1.4559
1.4287 1.4505
1.4249 1.4466
1.4209 1.4416
1.4170 1.4381
1.4131 1.4349
1.4091 1.4304
1.4052 1.4258
1.4013 1.4205
1.3974 1.4174
1.3934 1.4137
1.3895 1.4098
1.3856 1.4051
1.3817 1.4007
1.3777 1.3965
1.3738 1.3923
1.3698 1.3888
1.3660 1.3846
1.3620 1.3801
1.3581 1.3760
1.3542 1.3720
1.3503 1.3694
1.3463 1.3639
1.3425 1.3576
1.3384 1.3512
1.3346 1.3473
1.3306 1.3432
1.3267 1.3390
1.3227 1.3349
1.3189 1.3303
1.3149 1.3244
1.3110 1.3206
1.3071 1.3158
1.3032 1.3118
1.2992 1.3077
1.2953 1.3046
1.2913 1.3005
1.2875 1.2969
1.2836 1.2929
1.2796 1.2899
1.2757 1.2846
1.2718 1.2800
1.2678 1.2755
1.2639 1.2725
1.2599 1.2682
1.2561 1.2633
1.2521 1.2590
1.2482 1.2548
1.2442 1.2510
1.2404 1.2470
1.2364 1.2425
1.2325 1.2385
1.2286 1.2341
1.2246 1.2298
1.2208 1.2260
1.2168 1.2217
1.2129 1.2162
1.2090 1.2124
1.2050 1.2087
1.2011 1.2038
1.1972 1.1998
1.1933 1.1966
1.1894 1.1927
1.1854 1.1889
1.1814 1.1845
1.1776 1.1805
1.1736 1.1764
1.1697 1.1735
1.1658 1.1695
1.1618 1.1652
1.1579 1.1616
1.1540 1.1579
1.1501 1.1541
1.1461 1.1505
1.1422 1.1476
1.1383 1.1433
1.1344 1.1397
1.1305 1.1353
1.1265 1.1321
1.1226 1.1289
1.1186 1.1243
1.1147 1.1210
1.1108 1.1166
1.1069 1.1124
1.1029 1.1090
1.0991 1.1059
1.0951 1.1027
1.0912 1.0983
1.0873 1.0943
1.0833 1.0895
1.0794 1.0855
1.0755 1.0811
1.0716 1.0773
1.0677 1.0733
1.0637 1.0687
1.0598 1.0647
1.0559 1.0609
1.0519 1.0564
1.0480 1.0524
1.0441 1.0490
1.0402 1.0456
1.0362 1.0417
1.0323 1.0383
1.0284 1.0344
1.0244 1.0304
1.0205 1.0263
1.0166 1.0223
1.0127 1.0180
1.0087 1.0141
1.0048 1.0104
1.0009 1.0059
0.9970 1.0019
0.9931 0.9964
0.9892 0.9917
0.9852 0.9884
0.9813 0.9840
0.9774 0.9802
0.9734 0.9763
0.9695 0.9725
0.9656 0.9684
0.9617 0.9648
0.9577 0.9602
0.9538 0.9566
0.9499 0.9522
0.9460 0.9483
0.9420 0.9448
0.9381 0.9407
0.9342 0.9369
0.9303 0.9330
0.9263 0.9294
0.9224 0.9253
0.9185 0.9218
0.9146 0.9183
0.9106 0.9139
0.9067 0.9103
0.9028 0.9068
0.8988 0.9033
0.8949 0.9002
0.8910 0.8949
0.8871 0.8913
0.8831 0.8871
0.8792 0.8831
0.8753 0.8790
0.8714 0.8746
0.8674 0.8707
0.8635 0.8667
0.8596 0.8618
0.8557 0.8585
0.8518 0.8548
0.8478 0.8508
0.8439 0.8465
0.8400 0.8426
0.8361 0.8385
0.8321 0.8346
0.8282 0.8304
0.8243 0.8269
0.8203 0.8228
0.8164 0.8186
0.8125 0.8150
0.8086 0.8113
0.8046 0.8072
0.8007 0.8027
0.7968 0.7990
0.7929 0.7953
0.7889 0.7917
0.7850 0.7881
0.7811 0.7840
0.7772 0.7799
0.7732 0.7764
0.7693 0.7730
0.7654 0.7691
0.7615 0.7648
0.7576 0.7604
0.7536 0.7566
0.7497 0.7526
0.7458 0.7494
0.7419 0.7458
0.7379 0.7418
0.7340 0.7377
0.7301 0.7341
0.7261 0.7307
0.7222 0.7268
0.7183 0.7231
0.7144 0.7196
0.7104 0.7153
0.7065 0.7112
0.7026 0.7069
0.6987 0.7029
0.6948 0.6990
0.6908 0.6952
0.6869 0.6909
0.6830 0.6872
0.6791 0.6834
0.6751 0.6798
0.6712 0.6757
0.6673 0.6724
0.6633 0.6685
0.6594 0.6646
0.6555 0.6611
0.6516 0.6573
0.6476 0.6534
0.6437 0.6494
0.6398 0.6454
0.6359 0.6413
0.6319 0.6376
0.6280 0.6332
0.6241 0.6293
0.6202 0.6246
0.6162 0.6205
0.6123 0.6167
0.6084 0.6126
0.6045 0.6085
0.6005 0.6047
0.5966 0.6008
0.5927 0.5970
0.5888 0.5930
0.5848 0.5891
0.5809 0.5854
0.5770 0.5816
0.5731 0.5777
0.5691 0.5737
0.5652 0.5700
0.5613 0.5660
0.5574 0.5620
0.5534 0.5584
0.5495 0.5542
0.5456 0.5502
0.5417 0.5461
0.5377 0.5420
0.5338 0.5378
0.5299 0.5344
0.5260 0.5304
0.5220 0.5264
0.5181 0.5224
0.5142 0.5181
0.5103 0.5143
0.5063 0.5103
0.5024 0.5064
0.4985 0.5025
0.4946 0.4987
0.4906 0.4945
0.4867 0.4906
0.4828 0.4864
0.4789 0.4824
0.4749 0.4784
0.4710 0.4746
0.4671 0.4705
0.4632 0.4669
0.4592 0.4632
0.4553 0.4593
0.4514 0.4549
0.4475 0.4511
0.4435 0.4470
0.4396 0.4430
0.4357 0.4392
0.4318 0.4354
0.4278 0.4316
0.4239 0.4277
0.4200 0.4238
0.4161 0.4202
0.4121 0.4158
0.4082 0.4122
0.4043 0.4084
0.4004 0.4044
0.3964 0.4005
0.3925 0.3966
0.3886 0.3925
0.3847 0.3883
0.3807 0.3842
0.3768 0.3804
0.3729 0.3764
0.3690 0.3725
0.3650 0.3685
0.3611 0.3645
0.3572 0.3604
0.3533 0.3564
0.3493 0.3522
0.3454 0.3481
0.3415 0.3441
0.3376 0.3402
0.3336 0.3362
0.3297 0.3325
0.3258 0.3280
0.3219 0.3236
0.3179 0.3199
0.3140 0.3159
0.3101 0.3121
0.3062 0.3082
0.3022 0.3041
0.2983 0.3001
0.2944 0.2962
0.2905 0.2923
0.2865 0.2884
0.2826 0.2843
0.2787 0.2801
0.2748 0.2762
0.2708 0.2721
0.2669 0.2681
0.2630 0.2640
0.2591 0.2600
0.2551 0.2561
0.2512 0.2523
0.2473 0.2482
0.2434 0.2439
0.2394 0.2399
0.2355 0.2357
0.2316 0.2319
0.2277 0.2278
0.2237 0.2238
0.2198 0.2197
0.2159 0.2159
0.2120 0.2123
0.2080 0.2082
0.2041 0.2043
0.2002 0.2005
0.1963 0.1965
0.1923 0.1926
0.1884 0.1886
0.1845 0.1845
0.1806 0.1806
0.1766 0.1765
0.1727 0.1725
0.1688 0.1687
0.1649 0.1649
0.1609 0.1611
0.1570 0.1573
0.1531 0.1533
0.1492 0.1492
0.1452 0.1454
0.1413 0.1416
0.1374 0.1376
0.1335 0.1338
0.1295 0.1298
0.1256 0.1257
0.1217 0.1215
0.1178 0.1172
0.1138 0.1134
0.1099 0.1095
0.1060 0.1057
0.1021 0.1019
0.0981 0.0981
0.0942 0.0940
0.0903 0.0900
0.0864 0.0859
0.0824 0.0817
0.0785 0.0778
0.0746 0.0739
0.0707 0.0700
0.0667 0.0660
0.0628 0.0622
0.0589 0.0582
0.0550 0.0543
0.0510 0.0504
0.0471 0.0466
0.0432 0.0425
0.0393 0.0388
0.0353 0.0349
0.0314 0.0312
0.0275 0.0272
0.0236 0.0235
0.0196 0.0196
0.0157 0.0156
0.0118 0.0119
0.0079 0.0080
0.0039 0.0039
0.0000 0.0000