e o
4.3010 25.2321
3.8239 12.6816
3.6021 8.3832
3.4559 6.3250
3.3468 6.1978
3.2596 5.8708
3.1871 5.7848
3.1249 5.3748
3.0706 5.3738
3.0223 4.9133
2.9788 4.6196
2.9393 4.6000
2.9031 4.5597
2.8697 4.5524
2.8386 4.5390
2.8097 4.4547
2.7825 4.4005
2.7570 4.3935
2.7328 4.3783
2.7100 4.3197
2.6882 4.3135
2.6676 4.2805
2.6478 4.2480
2.6289 4.2238
2.6108 4.2146
2.5935 4.1498
2.5768 4.1437
2.5607 4.1336
2.5452 4.1190
2.5302 4.1058
2.5157 4.0980
2.5017 4.0897
2.4881 4.0468
2.4750 4.0468
2.4622 4.0371
2.4498 3.9931
2.4377 3.9702
2.4260 3.9473
2.4145 3.9296
2.4034 3.9245
2.3925 3.9133
2.3820 3.9109
2.3716 3.8917
2.3615 3.8760
2.3516 3.8742
2.3420 3.8507
2.3325 3.8265
2.3233 3.8193
2.3143 3.8159
2.3054 3.7996
2.2967 3.7424
2.2882 3.7361
2.2798 3.7095
2.2716 3.6841
2.2636 3.6803
2.2557 3.6696
2.2480 3.6191
2.2403 3.6136
2.2328 3.6064
2.2255 3.6055
2.2182 3.5764
2.2111 3.5746
2.2041 3.5729
2.1972 3.5452
2.1904 3.5429
2.1838 3.5224
2.1772 3.5204
2.1707 3.4946
2.1643 3.4647
2.1580 3.4604
2.1518 3.4440
2.1457 3.4328
2.1397 3.4236
2.1337 3.4201
2.1278 3.4090
2.1221 3.4010
2.1163 3.3971
2.1107 3.3949
2.1051 3.3931
2.0996 3.3930
2.0942 3.3898
2.0888 3.3726
2.0835 3.3723
2.0783 3.3707
2.0731 3.3593
2.0680 3.3575
2.0630 3.3552
2.0580 3.3537
2.0531 3.3498
2.0482 3.3478
2.0434 3.3392
2.0386 3.3358
2.0339 3.3344
2.0292 3.3265
2.0246 3.3204
2.0200 3.3058
2.0155 3.2981
2.0110 3.2923
2.0066 3.2919
2.0022 3.2876
1.9978 3.2801
1.9935 3.2780
1.9893 3.2690
1.9851 3.2665
1.9809 3.2659
1.9767 3.2561
1.9727 3.2458
1.9686 3.2395
1.9646 3.2243
1.9606 3.2230
1.9566 3.2160
1.9527 3.2113
1.9488 3.2016
1.9450 3.2012
1.9412 3.1876
1.9374 3.1829
1.9337 3.1816
1.9300 3.1804
1.9263 3.1776
1.9226 3.1767
1.9190 3.1760
1.9154 3.1755
1.9119 3.1670
1.9083 3.1638
1.9048 3.1439
1.9014 3.1410
1.8979 3.1367
1.8945 3.1363
1.8911 3.1246
1.8877 3.1126
1.8844 3.1064
1.8811 3.0998
1.8778 3.0995
1.8745 3.0930
1.8713 3.0848
1.8681 3.0835
1.8649 3.0819
1.8617 3.0773
1.8586 3.0767
1.8554 3.0740
1.8523 3.0559
1.8492 3.0555
1.8462 3.0274
1.8431 3.0179
1.8401 3.0174
1.8371 3.0173
1.8342 3.0164
1.8312 3.0040
1.8283 2.9992
1.8254 2.9892
1.8225 2.9887
1.8196 2.9881
1.8167 2.9866
1.8139 2.9836
1.8111 2.9810
1.8083 2.9799
1.8055 2.9615
1.8027 2.9593
1.8000 2.9556
1.7972 2.9516
1.7945 2.9473
1.7918 2.9469
1.7891 2.9464
1.7865 2.9378
1.7838 2.9324
1.7812 2.9317
1.7786 2.9272
1.7760 2.9156
1.7734 2.9126
1.7708 2.9046
1.7683 2.8998
1.7657 2.8855
1.7632 2.8701
1.7607 2.8699
1.7582 2.8614
1.7557 2.8586
1.7533 2.8530
1.7508 2.8526
1.7484 2.8436
1.7459 2.8290
1.7435 2.8275
1.7411 2.8222
1.7387 2.8211
1.7364 2.8090
1.7340 2.8069
1.7317 2.7982
1.7293 2.7909
1.7270 2.7839
1.7247 2.7832
1.7224 2.7803
1.7201 2.7720
1.7178 2.7704
1.7156 2.7692
1.7133 2.7692
1.7111 2.7613
1.7089 2.7587
1.7066 2.7566
1.7044 2.7553
1.7022 2.7547
1.7001 2.7542
1.6979 2.7443
1.6957 2.7413
1.6936 2.7296
1.6914 2.7282
1.6893 2.7227
1.6872 2.7212
1.6851 2.7108
1.6830 2.7006
1.6809 2.6987
1.6788 2.6985
1.6767 2.6935
1.6747 2.6899
1.6726 2.6837
1.6706 2.6737
1.6686 2.6701
1.6666 2.6658
1.6645 2.6612
1.6625 2.6600
1.6605 2.6593
1.6586 2.6526
1.6566 2.6400
1.6546 2.6373
1.6527 2.6302
1.6507 2.6278
1.6488 2.6208
1.6469 2.6185
1.6449 2.6166
1.6430 2.6082
1.6411 2.6069
1.6392 2.6040
1.6373 2.6029
1.6354 2.6029
1.6336 2.6004
1.6317 2.5975
1.6299 2.5932
1.6280 2.5833
1.6262 2.5758
1.6243 2.5710
1.6225 2.5705
1.6207 2.5700
1.6189 2.5648
1.6171 2.5646
1.6153 2.5641
1.6135 2.5627
1.6117 2.5612
1.6099 2.5589
1.6082 2.5584
1.6064 2.5532
1.6047 2.5520
1.6029 2.5409
1.6012 2.5336
1.5995 2.5324
1.5977 2.5278
1.5960 2.5267
1.5943 2.5249
1.5926 2.5234
1.5909 2.5100
1.5892 2.5037
1.5875 2.5025
1.5859 2.5018
1.5842 2.4994
1.5825 2.4980
1.5809 2.4935
1.5792 2.4859
1.5776 2.4852
1.5759 2.4842
1.5743 2.4815
1.5727 2.4786
1.5711 2.4756
1.5694 2.4714
1.5678 2.4713
1.5662 2.4681
1.5646 2.4679
1.5630 2.4665
1.5615 2.4661
1.5599 2.4635
1.5583 2.4628
1.5567 2.4584
1.5552 2.4551
1.5536 2.4530
1.5521 2.4468
1.5505 2.4436
1.5490 2.4409
1.5474 2.4394
1.5459 2.4349
1.5444 2.4340
1.5429 2.4337
1.5414 2.4333
1.5399 2.4333
1.5384 2.4324
1.5369 2.4315
1.5354 2.4296
1.5339 2.4274
1.5324 2.4234
1.5309 2.4231
1.5294 2.4163
1.5280 2.4151
1.5265 2.4142
1.5251 2.4121
1.5236 2.4112
1.5222 2.4070
1.5193 2.4024
1.5164 2.3968
1.5136 2.3946
1.5093 2.3820
1.5065 2.3809
1.5038 2.3760
1.5010 2.3723
1.4983 2.3683
1.4942 2.3653
1.4915 2.3618
1.4888 2.3558
1.4861 2.3541
1.4821 2.3467
1.4795 2.3419
1.4769 2.3391
1.4730 2.3369
1.4704 2.3276
1.4666 2.3247
1.4641 2.3236
1.4616 2.3111
1.4578 2.3053
1.4553 2.2992
1.4516 2.2978
1.4492 2.2907
1.4455 2.2889
1.4431 2.2841
1.4395 2.2797
1.4371 2.2792
1.4336 2.2770
1.4300 2.2737
1.4277 2.2696
1.4242 2.2669
1.4219 2.2646
1.4185 2.2573
1.4151 2.2524
1.4117 2.2459
1.4095 2.2427
1.4062 2.2310
1.4029 2.2290
1.3996 2.2245
1.3974 2.2225
1.3942 2.2182
1.3909 2.2142
1.3877 2.1969
1.3846 2.1927
1.3814 2.1893
1.3783 2.1844
1.3752 2.1778
1.3721 2.1675
1.3691 2.1521
1.3660 2.1443
1.3630 2.1401
1.3600 2.1326
1.3570 2.1306
1.3541 2.1286
1.3512 2.1229
1.3482 2.1216
1.3453 2.1119
1.3425 2.1098
1.3387 2.1079
1.3358 2.1064
1.3330 2.1036
1.3302 2.1018
1.3265 2.0989
1.3238 2.0986
1.3210 2.0928
1.3174 2.0889
1.3147 2.0843
1.3111 2.0784
1.3085 2.0773
1.3058 2.0715
1.3023 2.0666
1.2989 2.0641
1.2963 2.0589
1.2929 2.0528
1.2903 2.0515
1.2869 2.0455
1.2844 2.0442
1.2811 2.0380
1.2778 2.0349
1.2745 2.0294
1.2721 2.0204
1.2688 2.0176
1.2656 2.0149
1.2624 2.0077
1.2592 1.9995
1.2569 1.9960
1.2538 1.9907
1.2507 1.9885
1.2476 1.9810
1.2445 1.9770
1.2415 1.9704
1.2384 1.9683
1.2355 1.9671
1.2325 1.9601
1.2288 1.9554
1.2258 1.9509
1.2229 1.9487
1.2200 1.9429
1.2172 1.9419
1.2136 1.9368
1.2108 1.9325
1.2080 1.9300
1.2045 1.9227
1.2017 1.9180
1.1983 1.9136
1.1955 1.9113
1.1928 1.9077
1.1894 1.9012
1.1861 1.8940
1.1834 1.8875
1.1801 1.8816
1.1775 1.8765
1.1742 1.8699
1.1710 1.8656
1.1678 1.8605
1.1653 1.8551
1.1621 1.8471
1.1590 1.8412
1.1558 1.8357
1.1527 1.8276
1.1497 1.8223
1.1466 1.8168
1.1436 1.8143
1.1406 1.8046
1.1376 1.7997
1.1346 1.7955
1.1316 1.7827
1.1281 1.7778
1.1252 1.7684
1.1223 1.7637
1.1195 1.7604
1.1161 1.7553
1.1132 1.7472
1.1099 1.7409
1.1071 1.7370
1.1037 1.7339
1.1010 1.7317
1.0977 1.7240
1.0950 1.7212
1.0918 1.7131
1.0886 1.7082
1.0859 1.7036
1.0828 1.6995
1.0796 1.6937
1.0765 1.6891
1.0734 1.6788
1.0703 1.6710
1.0673 1.6676
1.0642 1.6607
1.0612 1.6566
1.0582 1.6500
1.0553 1.6445
1.0523 1.6399
1.0489 1.6292
1.0460 1.6272
1.0431 1.6258
1.0398 1.6198
1.0369 1.6132
1.0336 1.6019
1.0308 1.5998
1.0276 1.5934
1.0248 1.5884
1.0216 1.5854
1.0184 1.5831
1.0157 1.5783
1.0126 1.5733
1.0094 1.5666
1.0063 1.5626
1.0033 1.5590
1.0002 1.5550
0.9972 1.5516
0.9942 1.5486
0.9912 1.5445
0.9882 1.5413
0.9848 1.5377
0.9819 1.5335
0.9790 1.5264
0.9757 1.5229
0.9729 1.5195
0.9696 1.5114
0.9668 1.5091
0.9636 1.5032
0.9608 1.4980
0.9576 1.4913
0.9545 1.4876
0.9514 1.4807
0.9483 1.4783
0.9452 1.4717
0.9421 1.4665
0.9391 1.4622
0.9361 1.4577
0.9331 1.4527
0.9301 1.4481
0.9272 1.4418
0.9239 1.4386
0.9210 1.4346
0.9178 1.4271
0.9149 1.4249
0.9117 1.4177
0.9089 1.4149
0.9057 1.4112
0.9026 1.4085
0.8995 1.4030
0.8967 1.4000
0.8936 1.3958
0.8906 1.3931
0.8876 1.3882
0.8842 1.3829
0.8812 1.3784
0.8783 1.3745
0.8753 1.3712
0.8721 1.3688
0.8692 1.3633
0.8660 1.3581
0.8631 1.3546
0.8600 1.3507
0.8568 1.3452
0.8537 1.3405
0.8509 1.3376
0.8479 1.3301
0.8448 1.3235
0.8418 1.3186
0.8385 1.3143
0.8355 1.3082
0.8325 1.3027
0.8296 1.2965
0.8264 1.2916
0.8235 1.2854
0.8203 1.2808
0.8172 1.2730
0.8143 1.2682
0.8112 1.2621
0.8081 1.2552
0.8051 1.2511
0.8020 1.2477
0.7990 1.2433
0.7960 1.2369
0.7928 1.2327
0.7898 1.2283
0.7869 1.2217
0.7837 1.2166
0.7805 1.2107
0.7777 1.2022
0.7746 1.1975
0.7715 1.1907
0.7684 1.1825
0.7654 1.1795
0.7623 1.1744
0.7593 1.1687
0.7563 1.1654
0.7531 1.1608
0.7502 1.1572
0.7470 1.1521
0.7441 1.1445
0.7410 1.1386
0.7379 1.1339
0.7348 1.1312
0.7318 1.1264
0.7287 1.1207
0.7257 1.1144
0.7227 1.1077
0.7198 1.1032
0.7166 1.0966
0.7137 1.0908
0.7105 1.0849
0.7074 1.0800
0.7043 1.0747
0.7015 1.0706
0.6984 1.0662
0.6952 1.0622
0.6922 1.0591
0.6892 1.0541
0.6860 1.0497
0.6831 1.0448
0.6800 1.0387
0.6771 1.0350
0.6740 1.0315
0.6709 1.0280
0.6679 1.0222
0.6648 1.0173
0.6616 1.0122
0.6587 1.0086
0.6557 1.0054
0.6526 1.0023
0.6495 0.9980
0.6466 0.9923
0.6435 0.9891
0.6404 0.9846
0.6372 0.9791
0.6342 0.9747
0.6312 0.9664
0.6281 0.9629
0.6252 0.9573
0.6221 0.9532
0.6190 0.9497
0.6159 0.9443
0.6129 0.9394
0.6099 0.9326
0.6069 0.9281
0.6037 0.9222
0.6008 0.9178
0.5977 0.9132
0.5946 0.9101
0.5915 0.9051
0.5885 0.9006
0.5854 0.8960
0.5824 0.8918
0.5795 0.8879
0.5763 0.8808
0.5732 0.8765
0.5702 0.8727
0.5671 0.8669
0.5641 0.8612
0.5611 0.8561
0.5581 0.8504
0.5549 0.8448
0.5520 0.8399
0.5489 0.8350
0.5458 0.8273
0.5428 0.8225
0.5398 0.8158
0.5366 0.8110
0.5337 0.8042
0.5305 0.8002
0.5276 0.7961
0.5245 0.7923
0.5215 0.7894
0.5183 0.7814
0.5153 0.7755
0.5124 0.7704
0.5093 0.7648
0.5062 0.7601
0.5031 0.7558
0.5001 0.7517
0.4971 0.7480
0.4940 0.7443
0.4910 0.7403
0.4879 0.7356
0.4849 0.7309
0.4818 0.7268
0.4788 0.7217
0.4757 0.7167
0.4727 0.7132
0.4696 0.7080
0.4665 0.7040
0.4635 0.7013
0.4605 0.6950
0.4574 0.6884
0.4544 0.6850
0.4513 0.6815
0.4482 0.6774
0.4452 0.6726
0.4422 0.6679
0.4391 0.6634
0.4361 0.6589
0.4330 0.6532
0.4300 0.6493
0.4270 0.6454
0.4238 0.6410
0.4208 0.6360
0.4178 0.6298
0.4147 0.6262
0.4117 0.6216
0.4087 0.6178
0.4056 0.6128
0.4025 0.6084
0.3995 0.6044
0.3964 0.6007
0.3933 0.5958
0.3904 0.5910
0.3873 0.5859
0.3842 0.5820
0.3812 0.5762
0.3781 0.5716
0.3750 0.5649
0.3721 0.5606
0.3690 0.5555
0.3660 0.5504
0.3629 0.5465
0.3599 0.5419
0.3568 0.5362
0.3537 0.5310
0.3507 0.5248
0.3476 0.5206
0.3446 0.5179
0.3416 0.5112
0.3385 0.5068
0.3354 0.5018
0.3324 0.4959
0.3293 0.4914
0.3263 0.4873
0.3233 0.4838
0.3202 0.4802
0.3172 0.4766
0.3141 0.4724
0.3110 0.4657
0.3080 0.4603
0.3049 0.4554
0.3019 0.4483
0.2988 0.4437
0.2958 0.4386
0.2927 0.4352
0.2897 0.4320
0.2866 0.4275
0.2836 0.4223
0.2805 0.4169
0.2775 0.4116
0.2745 0.4057
0.2714 0.4023
0.2684 0.3978
0.2653 0.3928
0.2622 0.3887
0.2592 0.3835
0.2561 0.3794
0.2531 0.3748
0.2501 0.3701
0.2470 0.3648
0.2439 0.3596
0.2409 0.3546
0.2379 0.3482
0.2348 0.3436
0.2318 0.3398
0.2287 0.3353
0.2257 0.3305
0.2226 0.3255
0.2196 0.3204
0.2165 0.3152
0.2135 0.3114
0.2104 0.3062
0.2074 0.3013
0.2043 0.2982
0.2012 0.2940
0.1982 0.2897
0.1951 0.2853
0.1921 0.2816
0.1891 0.2763
0.1861 0.2720
0.1830 0.2667
0.1799 0.2622
0.1769 0.2568
0.1738 0.2526
0.1708 0.2486
0.1677 0.2458
0.1647 0.2422
0.1616 0.2370
0.1585 0.2320
0.1556 0.2282
0.1525 0.2243
0.1494 0.2199
0.1464 0.2157
0.1434 0.2111
0.1403 0.2063
0.1372 0.2023
0.1342 0.1973
0.1311 0.1930
0.1281 0.1889
0.1250 0.1839
0.1220 0.1799
0.1189 0.1748
0.1159 0.1695
0.1129 0.1653
0.1098 0.1610
0.1068 0.1553
0.1037 0.1501
0.1006 0.1458
0.0976 0.1416
0.0946 0.1376
0.0915 0.1327
0.0884 0.1284
0.0854 0.1234
0.0824 0.1188
0.0793 0.1146
0.0763 0.1102
0.0732 0.1050
0.0701 0.1008
0.0671 0.0960
0.0641 0.0925
0.0610 0.0881
0.0580 0.0834
0.0549 0.0793
0.0519 0.0756
0.0488 0.0712
0.0458 0.0666
0.0427 0.0615
0.0396 0.0575
0.0366 0.0537
0.0336 0.0484
0.0305 0.0428
0.0275 0.0388
0.0244 0.0336
0.0214 0.0294
0.0183 0.0240
0.0153 0.0198
0.0122 0.0163
0.0092 0.0125
0.0061 0.0087
0.0031 0.0047
0.0000 0.0001