e o
4.3010 28.6260
3.8239 11.6313
3.6021 7.0393
3.4559 4.4352
3.3468 4.3625
3.2596 4.0740
3.1871 3.7222
3.1249 3.7198
3.0706 3.6706
3.0223 3.5785
2.9788 3.4950
2.9393 3.4641
2.9031 3.4609
2.8697 3.3198
2.8386 3.2365
2.8097 3.1106
2.7825 3.0975
2.7570 3.0301
2.7328 2.7906
2.7100 2.7872
2.6882 2.7511
2.6676 2.6902
2.6478 2.6776
2.6289 2.6719
2.6108 2.6541
2.5935 2.6470
2.5768 2.6423
2.5607 2.5973
2.5452 2.5863
2.5302 2.5858
2.5157 2.5857
2.5017 2.5812
2.4881 2.5779
2.4750 2.5530
2.4622 2.5436
2.4498 2.5340
2.4377 2.5235
2.4260 2.5152
2.4145 2.5151
2.4034 2.4728
2.3925 2.4416
2.3820 2.4186
2.3716 2.4161
2.3615 2.4150
2.3516 2.4025
2.3420 2.3871
2.3325 2.3678
2.3233 2.3600
2.3143 2.3598
2.3054 2.3586
2.2967 2.3579
2.2882 2.3501
2.2798 2.3440
2.2716 2.3405
2.2636 2.3383
2.2557 2.3154
2.2480 2.2903
2.2403 2.2812
2.2328 2.2731
2.2255 2.2521
2.2182 2.2368
2.2111 2.2296
2.2041 2.2127
2.1972 2.2083
2.1904 2.1965
2.1838 2.1739
2.1772 2.1687
2.1707 2.1600
2.1643 2.1597
2.1580 2.1476
2.1518 2.1387
2.1457 2.1335
2.1397 2.1270
2.1337 2.1111
2.1278 2.1059
2.1221 2.0890
2.1163 2.0826
2.1107 2.0826
2.1051 2.0764
2.0996 2.0684
2.0942 2.0643
2.0888 2.0580
2.0835 2.0559
2.0783 2.0550
2.0731 2.0516
2.0680 2.0453
2.0630 2.0416
2.0580 2.0387
2.0531 2.0352
2.0482 2.0313
2.0434 2.0205
2.0386 2.0197
2.0339 2.0171
2.0292 2.0084
2.0246 2.0043
2.0200 2.0030
2.0155 1.9950
2.0110 1.9915
2.0066 1.9907
2.0022 1.9837
1.9978 1.9391
1.9935 1.9053
1.9893 1.8965
1.9851 1.8913
1.9809 1.8821
1.9767 1.8819
1.9727 1.8807
1.9686 1.8798
1.9646 1.8699
1.9606 1.8696
1.9566 1.8634
1.9527 1.8584
1.9488 1.8497
1.9450 1.8444
1.9412 1.8435
1.9374 1.8430
1.9337 1.8418
1.9300 1.8409
1.9263 1.8373
1.9226 1.8336
1.9190 1.8170
1.9154 1.8057
1.9119 1.8035
1.9083 1.8028
1.9048 1.8025
1.9014 1.7997
1.8979 1.7995
1.8945 1.7984
1.8911 1.7978
1.8877 1.7966
1.8844 1.7857
1.8811 1.7793
1.8778 1.7770
1.8745 1.7765
1.8713 1.7760
1.8681 1.7758
1.8649 1.7743
1.8617 1.7731
1.8586 1.7726
1.8554 1.7701
1.8523 1.7670
1.8492 1.7647
1.8462 1.7639
1.8431 1.7595
1.8401 1.7586
1.8371 1.7582
1.8342 1.7570
1.8312 1.7568
1.8283 1.7546
1.8254 1.7531
1.8225 1.7492
1.8196 1.7461
1.8167 1.7458
1.8139 1.7448
1.8111 1.7417
1.8083 1.7394
1.8055 1.7390
1.8027 1.7387
1.8000 1.7385
1.7972 1.7374
1.7945 1.7370
1.7918 1.7360
1.7891 1.7348
1.7865 1.7323
1.7838 1.7311
1.7812 1.7307
1.7786 1.7306
1.7760 1.7304
1.7734 1.7205
1.7708 1.7194
1.7683 1.7189
1.7657 1.7185
1.7632 1.7161
1.7607 1.7071
1.7582 1.7054
1.7557 1.7011
1.7533 1.6996
1.7508 1.6982
1.7484 1.6957
1.7459 1.6954
1.7435 1.6946
1.7411 1.6869
1.7387 1.6821
1.7364 1.6818
1.7340 1.6776
1.7317 1.6735
1.7293 1.6731
1.7270 1.6716
1.7247 1.6662
1.7224 1.6646
1.7201 1.6624
1.7178 1.6610
1.7156 1.6585
1.7133 1.6582
1.7111 1.6552
1.7089 1.6541
1.7066 1.6539
1.7044 1.6532
1.7022 1.6512
1.7001 1.6453
1.6979 1.6453
1.6957 1.6448
1.6936 1.6443
1.6914 1.6434
1.6893 1.6420
1.6872 1.6392
1.6851 1.6387
1.6830 1.6379
1.6809 1.6325
1.6788 1.6269
1.6767 1.6262
1.6747 1.6210
1.6726 1.6208
1.6706 1.6206
1.6686 1.6186
1.6666 1.6120
1.6645 1.6080
1.6625 1.6073
1.6605 1.6037
1.6586 1.6035
1.6566 1.6022
1.6546 1.6021
1.6527 1.6014
1.6507 1.5998
1.6488 1.5967
1.6469 1.5957
1.6449 1.5914
1.6430 1.5882
1.6411 1.5873
1.6392 1.5859
1.6373 1.5838
1.6354 1.5836
1.6336 1.5814
1.6317 1.5796
1.6299 1.5778
1.6280 1.5763
1.6262 1.5762
1.6243 1.5742
1.6225 1.5732
1.6207 1.5712
1.6189 1.5702
1.6171 1.5679
1.6153 1.5676
1.6135 1.5632
1.6117 1.5632
1.6099 1.5621
1.6082 1.5602
1.6064 1.5534
1.6047 1.5481
1.6029 1.5475
1.6012 1.5441
1.5995 1.5415
1.5977 1.5402
1.5960 1.5387
1.5943 1.5380
1.5926 1.5374
1.5909 1.5359
1.5892 1.5346
1.5875 1.5325
1.5859 1.5322
1.5842 1.5294
1.5825 1.5294
1.5809 1.5269
1.5792 1.5267
1.5776 1.5250
1.5759 1.5249
1.5743 1.5240
1.5727 1.5237
1.5711 1.5217
1.5694 1.5215
1.5678 1.5198
1.5662 1.5189
1.5646 1.5188
1.5630 1.5166
1.5615 1.5164
1.5599 1.5163
1.5583 1.5159
1.5567 1.5142
1.5552 1.5107
1.5536 1.5103
1.5521 1.5095
1.5505 1.5088
1.5490 1.5064
1.5474 1.5054
1.5459 1.5051
1.5444 1.5004
1.5429 1.5001
1.5414 1.5000
1.5399 1.4998
1.5384 1.4996
1.5369 1.4991
1.5354 1.4975
1.5339 1.4965
1.5324 1.4952
1.5309 1.4951
1.5294 1.4925
1.5280 1.4909
1.5265 1.4900
1.5251 1.4883
1.5236 1.4882
1.5222 1.4868
1.5193 1.4849
1.5164 1.4834
1.5136 1.4813
1.5093 1.4797
1.5065 1.4773
1.5038 1.4756
1.5010 1.4746
1.4983 1.4723
1.4942 1.4703
1.4915 1.4629
1.4888 1.4621
1.4861 1.4618
1.4821 1.4563
1.4795 1.4547
1.4769 1.4533
1.4730 1.4518
1.4704 1.4511
1.4666 1.4473
1.4641 1.4465
1.4616 1.4436
1.4578 1.4407
1.4553 1.4350
1.4516 1.4332
1.4492 1.4286
1.4455 1.4253
1.4431 1.4232
1.4395 1.4215
1.4371 1.4200
1.4336 1.4173
1.4300 1.4164
1.4277 1.4151
1.4242 1.4114
1.4219 1.4102
1.4185 1.4059
1.4151 1.4039
1.4117 1.3981
1.4095 1.3954
1.4062 1.3911
1.4029 1.3891
1.3996 1.3846
1.3974 1.3829
1.3942 1.3803
1.3909 1.3789
1.3877 1.3769
1.3846 1.3682
1.3814 1.3672
1.3783 1.3646
1.3752 1.3603
1.3721 1.3586
1.3691 1.3560
1.3660 1.3533
1.3630 1.3523
1.3600 1.3508
1.3570 1.3476
1.3541 1.3456
1.3512 1.3439
1.3482 1.3383
1.3453 1.3371
1.3425 1.3346
1.3387 1.3297
1.3358 1.3277
1.3330 1.3269
1.3302 1.3246
1.3265 1.3199
1.3238 1.3191
1.3210 1.3175
1.3174 1.3131
1.3147 1.3116
1.3111 1.3082
1.3085 1.3048
1.3058 1.3029
1.3023 1.2976
1.2989 1.2932
1.2963 1.2915
1.2929 1.2878
1.2903 1.2863
1.2869 1.2836
1.2844 1.2823
1.2811 1.2800
1.2778 1.2755
1.2745 1.2731
1.2721 1.2686
1.2688 1.2662
1.2656 1.2630
1.2624 1.2593
1.2592 1.2578
1.2569 1.2564
1.2538 1.2558
1.2507 1.2538
1.2476 1.2525
1.2445 1.2494
1.2415 1.2474
1.2384 1.2446
1.2355 1.2371
1.2325 1.2343
1.2288 1.2311
1.2258 1.2281
1.2229 1.2259
1.2200 1.2247
1.2172 1.2207
1.2136 1.2190
1.2108 1.2160
1.2080 1.2129
1.2045 1.2095
1.2017 1.2068
1.1983 1.2015
1.1955 1.1987
1.1928 1.1967
1.1894 1.1953
1.1861 1.1912
1.1834 1.1884
1.1801 1.1801
1.1775 1.1767
1.1742 1.1724
1.1710 1.1681
1.1678 1.1645
1.1653 1.1621
1.1621 1.1561
1.1590 1.1524
1.1558 1.1486
1.1527 1.1475
1.1497 1.1442
1.1466 1.1418
1.1436 1.1377
1.1406 1.1349
1.1376 1.1340
1.1346 1.1320
1.1316 1.1295
1.1281 1.1268
1.1252 1.1249
1.1223 1.1206
1.1195 1.1183
1.1161 1.1162
1.1132 1.1138
1.1099 1.1089
1.1071 1.1065
1.1037 1.1032
1.1010 1.0972
1.0977 1.0947
1.0950 1.0927
1.0918 1.0903
1.0886 1.0882
1.0859 1.0857
1.0828 1.0759
1.0796 1.0715
1.0765 1.0669
1.0734 1.0649
1.0703 1.0627
1.0673 1.0602
1.0642 1.0584
1.0612 1.0547
1.0582 1.0509
1.0553 1.0480
1.0523 1.0457
1.0489 1.0416
1.0460 1.0400
1.0431 1.0385
1.0398 1.0371
1.0369 1.0347
1.0336 1.0308
1.0308 1.0288
1.0276 1.0257
1.0248 1.0245
1.0216 1.0234
1.0184 1.0188
1.0157 1.0149
1.0126 1.0108
1.0094 1.0088
1.0063 1.0061
1.0033 1.0036
1.0002 0.9987
0.9972 0.9950
0.9942 0.9919
0.9912 0.9877
0.9882 0.9854
0.9848 0.9831
0.9819 0.9783
0.9790 0.9766
0.9757 0.9735
0.9729 0.9707
0.9696 0.9671
0.9668 0.9636
0.9636 0.9605
0.9608 0.9565
0.9576 0.9528
0.9545 0.9480
0.9514 0.9444
0.9483 0.9413
0.9452 0.9381
0.9421 0.9348
0.9391 0.9310
0.9361 0.9273
0.9331 0.9236
0.9301 0.9193
0.9272 0.9162
0.9239 0.9134
0.9210 0.9115
0.9178 0.9085
0.9149 0.9063
0.9117 0.9023
0.9089 0.8986
0.9057 0.8944
0.9026 0.8902
0.8995 0.8877
0.8967 0.8842
0.8936 0.8830
0.8906 0.8797
0.8876 0.8738
0.8842 0.8703
0.8812 0.8664
0.8783 0.8636
0.8753 0.8598
0.8721 0.8569
0.8692 0.8537
0.8660 0.8509
0.8631 0.8469
0.8600 0.8444
0.8568 0.8422
0.8537 0.8396
0.8509 0.8371
0.8479 0.8352
0.8448 0.8321
0.8418 0.8291
0.8385 0.8252
0.8355 0.8201
0.8325 0.8173
0.8296 0.8156
0.8264 0.8138
0.8235 0.8111
0.8203 0.8069
0.8172 0.8048
0.8143 0.8020
0.8112 0.7982
0.8081 0.7959
0.8051 0.7938
0.8020 0.7912
0.7990 0.7877
0.7960 0.7854
0.7928 0.7836
0.7898 0.7802
0.7869 0.7776
0.7837 0.7740
0.7805 0.7712
0.7777 0.7684
0.7746 0.7656
0.7715 0.7638
0.7684 0.7592
0.7654 0.7557
0.7623 0.7518
0.7593 0.7501
0.7563 0.7484
0.7531 0.7452
0.7502 0.7398
0.7470 0.7352
0.7441 0.7318
0.7410 0.7297
0.7379 0.7279
0.7348 0.7254
0.7318 0.7231
0.7287 0.7206
0.7257 0.7177
0.7227 0.7128
0.7198 0.7075
0.7166 0.7037
0.7137 0.7006
0.7105 0.6983
0.7074 0.6957
0.7043 0.6935
0.7015 0.6913
0.6984 0.6881
0.6952 0.6839
0.6922 0.6815
0.6892 0.6781
0.6860 0.6750
0.6831 0.6726
0.6800 0.6694
0.6771 0.6671
0.6740 0.6647
0.6709 0.6608
0.6679 0.6569
0.6648 0.6548
0.6616 0.6503
0.6587 0.6465
0.6557 0.6442
0.6526 0.6396
0.6495 0.6369
0.6466 0.6339
0.6435 0.6308
0.6404 0.6275
0.6372 0.6240
0.6342 0.6217
0.6312 0.6193
0.6281 0.6155
0.6252 0.6122
0.6221 0.6099
0.6190 0.6049
0.6159 0.6020
0.6129 0.6001
0.6099 0.5976
0.6069 0.5952
0.6037 0.5923
0.6008 0.5898
0.5977 0.5846
0.5946 0.5815
0.5915 0.5777
0.5885 0.5756
0.5854 0.5720
0.5824 0.5672
0.5795 0.5641
0.5763 0.5617
0.5732 0.5594
0.5702 0.5559
0.5671 0.5531
0.5641 0.5500
0.5611 0.5456
0.5581 0.5427
0.5549 0.5397
0.5520 0.5368
0.5489 0.5332
0.5458 0.5310
0.5428 0.5280
0.5398 0.5244
0.5366 0.5209
0.5337 0.5176
0.5305 0.5147
0.5276 0.5123
0.5245 0.5100
0.5215 0.5075
0.5183 0.5042
0.5153 0.5029
0.5124 0.5006
0.5093 0.4972
0.5062 0.4948
0.5031 0.4917
0.5001 0.4896
0.4971 0.4869
0.4940 0.4835
0.4910 0.4817
0.4879 0.4793
0.4849 0.4766
0.4818 0.4735
0.4788 0.4704
0.4757 0.4672
0.4727 0.4637
0.4696 0.4612
0.4665 0.4580
0.4635 0.4558
0.4605 0.4533
0.4574 0.4502
0.4544 0.4477
0.4513 0.4437
0.4482 0.4402
0.4452 0.4360
0.4422 0.4336
0.4391 0.4304
0.4361 0.4282
0.4330 0.4250
0.4300 0.4216
0.4270 0.4188
0.4238 0.4165
0.4208 0.4142
0.4178 0.4103
0.4147 0.4075
0.4117 0.4046
0.4087 0.4016
0.4056 0.3980
0.4025 0.3952
0.3995 0.3932
0.3964 0.3908
0.3933 0.3881
0.3904 0.3857
0.3873 0.3822
0.3842 0.3794
0.3812 0.3766
0.3781 0.3724
0.3750 0.3685
0.3721 0.3657
0.3690 0.3624
0.3660 0.3593
0.3629 0.3554
0.3599 0.3525
0.3568 0.3491
0.3537 0.3467
0.3507 0.3439
0.3476 0.3411
0.3446 0.3383
0.3416 0.3359
0.3385 0.3332
0.3354 0.3300
0.3324 0.3263
0.3293 0.3237
0.3263 0.3212
0.3233 0.3183
0.3202 0.3154
0.3172 0.3125
0.3141 0.3103
0.3110 0.3076
0.3080 0.3039
0.3049 0.3008
0.3019 0.2986
0.2988 0.2960
0.2958 0.2926
0.2927 0.2890
0.2897 0.2865
0.2866 0.2819
0.2836 0.2791
0.2805 0.2764
0.2775 0.2736
0.2745 0.2708
0.2714 0.2683
0.2684 0.2658
0.2653 0.2633
0.2622 0.2604
0.2592 0.2573
0.2561 0.2546
0.2531 0.2523
0.2501 0.2495
0.2470 0.2464
0.2439 0.2432
0.2409 0.2405
0.2379 0.2378
0.2348 0.2347
0.2318 0.2313
0.2287 0.2291
0.2257 0.2257
0.2226 0.2231
0.2196 0.2200
0.2165 0.2164
0.2135 0.2138
0.2104 0.2100
0.2074 0.2071
0.2043 0.2044
0.2012 0.2010
0.1982 0.1978
0.1951 0.1950
0.1921 0.1919
0.1891 0.1891
0.1861 0.1864
0.1830 0.1835
0.1799 0.1807
0.1769 0.1783
0.1738 0.1751
0.1708 0.1717
0.1677 0.1691
0.1647 0.1655
0.1616 0.1629
0.1585 0.1604
0.1556 0.1575
0.1525 0.1548
0.1494 0.1517
0.1464 0.1487
0.1434 0.1445
0.1403 0.1411
0.1372 0.1384
0.1342 0.1350
0.1311 0.1320
0.1281 0.1288
0.1250 0.1258
0.1220 0.1227
0.1189 0.1198
0.1159 0.1163
0.1129 0.1130
0.1098 0.1097
0.1068 0.1059
0.1037 0.1031
0.1006 0.1003
0.0976 0.0973
0.0946 0.0945
0.0915 0.0916
0.0884 0.0883
0.0854 0.0858
0.0824 0.0826
0.0793 0.0792
0.0763 0.0765
0.0732 0.0725
0.0701 0.0693
0.0671 0.0666
0.0641 0.0635
0.0610 0.0602
0.0580 0.0576
0.0549 0.0536
0.0519 0.0505
0.0488 0.0474
0.0458 0.0448
0.0427 0.0419
0.0396 0.0391
0.0366 0.0364
0.0336 0.0332
0.0305 0.0304
0.0275 0.0274
0.0244 0.0243
0.0214 0.0215
0.0183 0.0189
0.0153 0.0161
0.0122 0.0126
0.0092 0.0092
0.0061 0.0063
0.0031 0.0029
0.0000 0.0000