t r0 r1 r2 r3 r4 r5 r6 r7 r8 r9 r10 r11
0 0.500 0.500 0.500 0.500 0.500 0.500 0.500 0.500 0.500 0.500 0.500 0.500
1 0.504 0.512 0.496 0.482 0.530 0.512 0.494 0.458 0.474 0.514 0.492 0.456
2 0.518 0.512 0.510 0.498 0.530 0.544 0.486 0.462 0.498 0.556 0.506 0.432
3 0.482 0.514 0.500 0.492 0.536 0.540 0.514 0.470 0.510 0.536 0.514 0.422
4 0.498 0.546 0.500 0.470 0.512 0.526 0.490 0.470 0.502 0.532 0.528 0.424
5 0.460 0.544 0.496 0.476 0.520 0.526 0.482 0.502 0.522 0.528 0.492 0.378
6 0.448 0.554 0.534 0.498 0.498 0.506 0.514 0.456 0.544 0.518 0.504 0.370
7 0.402 0.562 0.510 0.520 0.482 0.494 0.538 0.426 0.534 0.492 0.506 0.358
8 0.420 0.584 0.502 0.488 0.482 0.536 0.548 0.446 0.534 0.524 0.530 0.344
9 0.406 0.586 0.478 0.458 0.472 0.512 0.528 0.450 0.560 0.544 0.504 0.338
10 0.454 0.578 0.492 0.494 0.458 0.490 0.540 0.498 0.554 0.536 0.480 0.348
11 0.492 0.578 0.492 0.520 0.480 0.474 0.512 0.504 0.506 0.532 0.480 0.348
12 0.454 0.572 0.510 0.492 0.490 0.430 0.484 0.486 0.476 0.514 0.480 0.370
13 0.474 0.552 0.500 0.514 0.508 0.440 0.474 0.468 0.514 0.476 0.478 0.402
14 0.472 0.570 0.488 0.484 0.476 0.440 0.476 0.454 0.546 0.490 0.454 0.394
15 0.470 0.540 0.488 0.502 0.450 0.416 0.494 0.432 0.562 0.472 0.442 0.384
16 0.464 0.556 0.500 0.472 0.470 0.442 0.488 0.416 0.542 0.480 0.408 0.398
17 0.508 0.550 0.512 0.528 0.466 0.438 0.468 0.440 0.526 0.474 0.412 0.376
18 0.504 0.496 0.530 0.544 0.462 0.416 0.492 0.434 0.548 0.480 0.424 0.386
19 0.496 0.482 0.496 0.560 0.472 0.414 0.492 0.444 0.546 0.506 0.434 0.408
20 0.498 0.488 0.496 0.560 0.478 0.438 0.494 0.440 0.536 0.516 0.444 0.432
21 0.532 0.498 0.522 0.530 0.474 0.448 0.478 0.404 0.570 0.520 0.426 0.408
22 0.514 0.468 0.516 0.526 0.466 0.442 0.462 0.392 0.584 0.520 0.448 0.422
23 0.530 0.466 0.480 0.484 0.450 0.468 0.482 0.412 0.566 0.528 0.438 0.392
24 0.496 0.486 0.520 0.488 0.428 0.454 0.482 0.392 0.572 0.568 0.442 0.386
25 0.504 0.446 0.514 0.490 0.436 0.474 0.466 0.392 0.570 0.576 0.450 0.398
26 0.530 0.486 0.486 0.502 0.450 0.470 0.468 0.398 0.576 0.564 0.456 0.410
27 0.532 0.488 0.460 0.534 0.378 0.468 0.478 0.440 0.564 0.574 0.476 0.386
28 0.560 0.512 0.428 0.510 0.368 0.456 0.474 0.416 0.606 0.602 0.508 0.368
29 0.546 0.550 0.430 0.534 0.362 0.442 0.482 0.432 0.630 0.590 0.510 0.372
30 0.570 0.574 0.442 0.552 0.350 0.428 0.502 0.428 0.646 0.578 0.470 0.366
31 0.558 0.598 0.432 0.544 0.346 0.400 0.510 0.386 0.638 0.588 0.502 0.332
32 0.548 0.576 0.402 0.532 0.358 0.410 0.536 0.394 0.610 0.604 0.474 0.300
33 0.528 0.580 0.424 0.558 0.344 0.420 0.550 0.430 0.632 0.602 0.466 0.276
34 0.528 0.592 0.468 0.594 0.334 0.446 0.550 0.432 0.628 0.624 0.468 0.260
35 0.548 0.606 0.466 0.588 0.346 0.452 0.554 0.408 0.644 0.616 0.498 0.192
36 0.558 0.588 0.474 0.572 0.346 0.442 0.554 0.410 0.612 0.632 0.548 0.164
37 0.564 0.606 0.476 0.576 0.326 0.436 0.558 0.390 0.616 0.664 0.542 0.172
38 0.564 0.616 0.446 0.582 0.332 0.478 0.540 0.382 0.592 0.662 0.562 0.160
39 0.556 0.610 0.456 0.600 0.300 0.466 0.522 0.348 0.590 0.626 0.564 0.142
40 0.536 0.598 0.430 0.574 0.268 0.450 0.496 0.332 0.578 0.626 0.622 0.146
41 0.520 0.592 0.440 0.578 0.274 0.458 0.486 0.318 0.562 0.672 0.666 0.132
42 0.550 0.572 0.428 0.570 0.302 0.502 0.486 0.310 0.538 0.698 0.638 0.132
43 0.550 0.574 0.450 0.586 0.284 0.476 0.464 0.330 0.524 0.716 0.622 0.122
44 0.588 0.564 0.456 0.586 0.296 0.500 0.438 0.370 0.482 0.724 0.636 0.118
45 0.598 0.576 0.462 0.578 0.266 0.510 0.424 0.380 0.458 0.736 0.676 0.136
46 0.616 0.564 0.474 0.560 0.232 0.502 0.398 0.416 0.430 0.754 0.664 0.124
47 0.604 0.552 0.502 0.526 0.218 0.538 0.366 0.406 0.444 0.786 0.666 0.148
48 0.564 0.554 0.474 0.484 0.212 0.568 0.354 0.456 0.438 0.770 0.630 0.130
49 0.548 0.526 0.464 0.490 0.236 0.574 0.390 0.456 0.442 0.774 0.662 0.136
50 0.572 0.502 0.424 0.514 0.234 0.572 0.352 0.466 0.454 0.766 0.658 0.148
51 0.576 0.500 0.436 0.538 0.220 0.570 0.342 0.482 0.460 0.734 0.670 0.114
52 0.562 0.512 0.474 0.516 0.238 0.566 0.344 0.496 0.452 0.710 0.666 0.088
53 0.598 0.550 0.484 0.520 0.236 0.566 0.344 0.498 0.438 0.724 0.668 0.086
54 0.562 0.538 0.498 0.516 0.210 0.546 0.330 0.502 0.468 0.740 0.670 0.090
55 0.556 0.536 0.478 0.490 0.254 0.528 0.308 0.500 0.484 0.722 0.692 0.080
56 0.560 0.516 0.514 0.438 0.230 0.524 0.268 0.498 0.518 0.714 0.716 0.076
57 0.578 0.532 0.498 0.434 0.226 0.548 0.272 0.492 0.504 0.680 0.726 0.082
58 0.596 0.472 0.480 0.390 0.208 0.546 0.288 0.502 0.544 0.664 0.704 0.086
59 0.608 0.420 0.518 0.408 0.192 0.572 0.278 0.488 0.556 0.658 0.702 0.096
60 0.604 0.436 0.498 0.406 0.156 0.584 0.264 0.470 0.532 0.644 0.698 0.094
61 0.570 0.428 0.498 0.404 0.146 0.560 0.274 0.492 0.584 0.624 0.722 0.086
62 0.600 0.434 0.518 0.392 0.154 0.554 0.286 0.486 0.590 0.590 0.726 0.064
63 0.616 0.466 0.548 0.354 0.144 0.528 0.254 0.492 0.572 0.596 0.738 0.054
64 0.600 0.446 0.560 0.326 0.124 0.518 0.262 0.468 0.574 0.594 0.766 0.052
65 0.604 0.440 0.578 0.308 0.116 0.518 0.242 0.452 0.574 0.576 0.778 0.060
66 0.586 0.438 0.574 0.274 0.128 0.514 0.254 0.438 0.556 0.584 0.782 0.052
67 0.582 0.420 0.552 0.298 0.102 0.470 0.248 0.428 0.556 0.578 0.754 0.058
68 0.556 0.414 0.562 0.296 0.094 0.486 0.262 0.400 0.536 0.566 0.752 0.064
69 0.566 0.440 0.544 0.278 0.100 0.478 0.244 0.434 0.526 0.598 0.748 0.058
70 0.556 0.442 0.536 0.268 0.118 0.490 0.282 0.428 0.542 0.606 0.746 0.064
71 0.560 0.440 0.498 0.240 0.094 0.472 0.292 0.448 0.540 0.596 0.722 0.080
72 0.562 0.454 0.538 0.242 0.094 0.480 0.310 0.498 0.566 0.632 0.720 0.066
73 0.556 0.426 0.524 0.214 0.080 0.472 0.320 0.488 0.610 0.602 0.716 0.052
74 0.558 0.406 0.532 0.232 0.100 0.442 0.294 0.440 0.606 0.602 0.692 0.054
75 0.562 0.364 0.542 0.240 0.078 0.478 0.280 0.456 0.600 0.592 0.674 0.064
76 0.542 0.356 0.560 0.254 0.080 0.484 0.296 0.438 0.622 0.608 0.658 0.048
77 0.516 0.342 0.576 0.260 0.092 0.494 0.314 0.438 0.620 0.598 0.680 0.044
78 0.508 0.358 0.606 0.290 0.098 0.478 0.314 0.434 0.582 0.568 0.704 0.042
79 0.512 0.332 0.594 0.294 0.094 0.486 0.334 0.414 0.544 0.556 0.706 0.034
80 0.514 0.334 0.604 0.294 0.114 0.494 0.334 0.422 0.552 0.556 0.682 0.032
81 0.538 0.326 0.552 0.270 0.128 0.502 0.334 0.394 0.556 0.500 0.650 0.040
82 0.510 0.294 0.542 0.276 0.154 0.490 0.346 0.400 0.530 0.502 0.688 0.036
83 0.520 0.286 0.536 0.266 0.160 0.452 0.350 0.386 0.526 0.542 0.702 0.036
84 0.524 0.296 0.524 0.252 0.130 0.438 0.340 0.386 0.546 0.542 0.678 0.034
85 0.504 0.288 0.514 0.242 0.110 0.436 0.290 0.388 0.512 0.556 0.684 0.034
86 0.522 0.268 0.522 0.250 0.104 0.448 0.268 0.410 0.486 0.554 0.680 0.040
87 0.550 0.284 0.532 0.232 0.120 0.428 0.290 0.418 0.484 0.554 0.666 0.044
88 0.578 0.252 0.494 0.248 0.114 0.424 0.264 0.430 0.448 0.574 0.660 0.052
89 0.606 0.252 0.464 0.226 0.104 0.404 0.236 0.424 0.466 0.542 0.638 0.054
90 0.590 0.230 0.482 0.204 0.110 0.388 0.226 0.434 0.442 0.556 0.624 0.064
91 0.590 0.248 0.508 0.172 0.098 0.386 0.190 0.422 0.450 0.524 0.588 0.068
92 0.560 0.230 0.492 0.180 0.106 0.404 0.192 0.414 0.462 0.516 0.568 0.064
93 0.614 0.250 0.496 0.178 0.114 0.394 0.176 0.418 0.442 0.484 0.586 0.056
94 0.616 0.260 0.494 0.182 0.094 0.422 0.180 0.436 0.472 0.478 0.608 0.062
95 0.634 0.250 0.514 0.190 0.076 0.416 0.200 0.438 0.448 0.486 0.656 0.060
96 0.628 0.230 0.492 0.192 0.054 0.412 0.204 0.422 0.450 0.528 0.668 0.042
97 0.640 0.210 0.474 0.158 0.058 0.390 0.190 0.438 0.488 0.536 0.666 0.030
98 0.652 0.172 0.444 0.162 0.044 0.398 0.180 0.442 0.478 0.512 0.662 0.038
99 0.626 0.180 0.430 0.180 0.032 0.396 0.168 0.468 0.446 0.518 0.646 0.036
100 0.636 0.198 0.432 0.206 0.032 0.396 0.180 0.466 0.480 0.526 0.652 0.030
101 0.658 0.224 0.408 0.172 0.030 0.416 0.174 0.472 0.462 0.538 0.636 0.036
102 0.672 0.232 0.390 0.178 0.034 0.402 0.178 0.472 0.516 0.542 0.636 0.034
103 0.676 0.244 0.394 0.178 0.032 0.398 0.136 0.520 0.506 0.516 0.622 0.040
104 0.692 0.238 0.400 0.188 0.032 0.392 0.156 0.526 0.480 0.520 0.636 0.054
105 0.684 0.232 0.438 0.182 0.034 0.382 0.162 0.502 0.508 0.548 0.654 0.046
106 0.666 0.220 0.432 0.182 0.026 0.378 0.166 0.488 0.482 0.560 0.648 0.058
107 0.668 0.226 0.408 0.186 0.026 0.360 0.170 0.556 0.506 0.568 0.680 0.046
108 0.662 0.226 0.404 0.188 0.026 0.322 0.146 0.556 0.522 0.556 0.682 0.050
109 0.670 0.202 0.390 0.164 0.018 0.330 0.156 0.526 0.506 0.540 0.724 0.040
110 0.636 0.242 0.384 0.172 0.018 0.320 0.184 0.514 0.552 0.546 0.690 0.062
111 0.636 0.194 0.408 0.164 0.012 0.308 0.200 0.514 0.556 0.524 0.706 0.056
112 0.634 0.202 0.408 0.182 0.014 0.300 0.186 0.534 0.546 0.502 0.696 0.054
113 0.628 0.274 0.380 0.170 0.014 0.290 0.210 0.532 0.568 0.496 0.678 0.072
114 0.606 0.286 0.410 0.152 0.010 0.304 0.254 0.540 0.586 0.514 0.726 0.064
115 0.590 0.290 0.442 0.154 0.004 0.308 0.252 0.530 0.590 0.544 0.752 0.060
116 0.604 0.266 0.448 0.136 0.004 0.306 0.242 0.524 0.594 0.530 0.732 0.090
117 0.614 0.242 0.470 0.122 0.004 0.296 0.216 0.558 0.588 0.540 0.702 0.090
118 0.590 0.274 0.434 0.122 0.006 0.292 0.200 0.568 0.538 0.558 0.718 0.098
119 0.604 0.262 0.456 0.112 0.000 0.328 0.184 0.564 0.538 0.548 0.722 0.068
120 0.626 0.292 0.428 0.116 0.000 0.288 0.182 0.564 0.570 0.564 0.746 0.068
121 0.652 0.328 0.452 0.102 0.000 0.254 0.158 0.562 0.526 0.572 0.758 0.078
122 0.652 0.310 0.470 0.100 0.000 0.268 0.138 0.608 0.500 0.564 0.762 0.064
123 0.696 0.304 0.520 0.090 0.000 0.258 0.152 0.596 0.482 0.562 0.784 0.052
124 0.702 0.268 0.516 0.072 0.000 0.256 0.164 0.596 0.484 0.562 0.798 0.052
125 0.672 0.280 0.484 0.086 0.000 0.234 0.166 0.624 0.494 0.594 0.810 0.062
126 0.662 0.294 0.506 0.064 0.000 0.192 0.172 0.634 0.514 0.578 0.792 0.062
127 0.632 0.256 0.538 0.070 0.000 0.184 0.196 0.612 0.534 0.576 0.804 0.042
128 0.648 0.276 0.524 0.070 0.000 0.190 0.192 0.632 0.520 0.588 0.810 0.038
129 0.620 0.284 0.524 0.082 0.000 0.206 0.188 0.646 0.494 0.580 0.820 0.052
130 0.622 0.316 0.514 0.110 0.000 0.204 0.184 0.636 0.524 0.584 0.784 0.048
131 0.658 0.310 0.550 0.116 0.000 0.182 0.188 0.658 0.524 0.642 0.784 0.024
132 0.680 0.324 0.570 0.098 0.000 0.186 0.228 0.626 0.518 0.634 0.784 0.026
133 0.698 0.344 0.590 0.102 0.000 0.194 0.232 0.626 0.518 0.634 0.770 0.026
134 0.696 0.332 0.638 0.108 0.000 0.202 0.248 0.590 0.536 0.630 0.750 0.020
135 0.676 0.314 0.658 0.114 0.000 0.184 0.246 0.616 0.558 0.610 0.732 0.020
136 0.654 0.320 0.644 0.130 0.000 0.180 0.268 0.632 0.574 0.598 0.734 0.024
137 0.638 0.294 0.614 0.116 0.000 0.174 0.290 0.606 0.576 0.572 0.724 0.030
138 0.594 0.282 0.598 0.098 0.000 0.144 0.274 0.580 0.590 0.592 0.728 0.034
139 0.650 0.264 0.622 0.102 0.000 0.160 0.276 0.600 0.586 0.590 0.742 0.034
140 0.672 0.288 0.636 0.090 0.000 0.174 0.292 0.620 0.622 0.580 0.718 0.034
141 0.672 0.284 0.598 0.098 0.000 0.184 0.292 0.688 0.628 0.576 0.720 0.036
142 0.672 0.278 0.628 0.100 0.000 0.202 0.268 0.664 0.642 0.568 0.720 0.028
143 0.672 0.286 0.624 0.100 0.000 0.228 0.248 0.674 0.656 0.544 0.716 0.026
144 0.678 0.302 0.626 0.104 0.000 0.220 0.242 0.664 0.636 0.566 0.718 0.030
145 0.680 0.344 0.598 0.108 0.000 0.214 0.226 0.654 0.648 0.552 0.742 0.018
146 0.660 0.382 0.580 0.134 0.000 0.248 0.260 0.680 0.670 0.522 0.750 0.008
147 0.664 0.362 0.570 0.134 0.000 0.282 0.258 0.698 0.650 0.508 0.754 0.008
148 0.646 0.382 0.560 0.120 0.000 0.282 0.266 0.680 0.584 0.514 0.746 0.008
149 0.664 0.382 0.568 0.124 0.000 0.292 0.262 0.688 0.596 0.502 0.752 0.010
150 0.676 0.396 0.632 0.126 0.000 0.282 0.236 0.676 0.568 0.492 0.736 0.018
151 0.646 0.448 0.624 0.130 0.000 0.298 0.210 0.632 0.592 0.474 0.718 0.018
152 0.622 0.452 0.656 0.116 0.000 0.280 0.198 0.646 0.596 0.502 0.708 0.022
153 0.610 0.466 0.652 0.096 0.000 0.284 0.196 0.662 0.588 0.486 0.732 0.030
154 0.574 0.464 0.630 0.096 0.000 0.286 0.210 0.686 0.544 0.478 0.726 0.024
155 0.564 0.464 0.626 0.114 0.000 0.278 0.210 0.678 0.580 0.476 0.718 0.014
156 0.570 0.460 0.622 0.108 0.000 0.282 0.216 0.704 0.584 0.478 0.768 0.014
157 0.546 0.492 0.600 0.076 0.000 0.310 0.212 0.720 0.620 0.472 0.782 0.004
158 0.520 0.496 0.576 0.068 0.000 0.312 0.200 0.700 0.600 0.452 0.780 0.008
159 0.532 0.492 0.606 0.070 0.000 0.308 0.220 0.680 0.620 0.452 0.804 0.004
160 0.560 0.492 0.590 0.074 0.000 0.274 0.204 0.712 0.650 0.444 0.812 0.004
161 0.584 0.460 0.582 0.066 0.000 0.288 0.224 0.710 0.664 0.454 0.800 0.006
162 0.586 0.434 0.584 0.062 0.000 0.278 0.192 0.714 0.704 0.474 0.820 0.006
163 0.588 0.412 0.584 0.086 0.000 0.232 0.220 0.722 0.720 0.504 0.826 0.010
164 0.530 0.390 0.628 0.088 0.000 0.228 0.224 0.736 0.704 0.486 0.804 0.010
165 0.552 0.402 0.624 0.072 0.000 0.202 0.206 0.712 0.700 0.486 0.794 0.012
166 0.548 0.412 0.626 0.080 0.000 0.208 0.188 0.736 0.698 0.446 0.798 0.010
167 0.532 0.406 0.654 0.084 0.000 0.204 0.168 0.738 0.722 0.440 0.794 0.002
168 0.524 0.440 0.654 0.106 0.000 0.222 0.154 0.756 0.740 0.446 0.816 0.000
169 0.524 0.430 0.676 0.120 0.000 0.236 0.144 0.758 0.724 0.472 0.806 0.000
170 0.538 0.450 0.662 0.118 0.000 0.218 0.166 0.776 0.688 0.426 0.796 0.000
171 0.518 0.470 0.674 0.112 0.000 0.230 0.160 0.762 0.688 0.440 0.804 0.000
172 0.474 0.454 0.664 0.112 0.000 0.220 0.160 0.756 0.716 0.410 0.792 0.000
173 0.462 0.452 0.636 0.098 0.000 0.226 0.160 0.768 0.726 0.452 0.780 0.000
174 0.450 0.450 0.634 0.110 0.000 0.206 0.162 0.752 0.728 0.502 0.782 0.000
175 0.476 0.454 0.618 0.122 0.000 0.198 0.140 0.762 0.722 0.510 0.820 0.000
176 0.452 0.412 0.644 0.102 0.000 0.190 0.130 0.774 0.678 0.500 0.804 0.000
177 0.430 0.422 0.674 0.128 0.000 0.206 0.132 0.744 0.680 0.500 0.812 0.000
178 0.436 0.410 0.678 0.140 0.000 0.210 0.120 0.750 0.662 0.522 0.800 0.000
179 0.440 0.398 0.650 0.144 0.000 0.174 0.118 0.766 0.648 0.490 0.824 0.000
180 0.434 0.434 0.674 0.126 0.000 0.152 0.136 0.776 0.628 0.452 0.822 0.000
181 0.430 0.474 0.666 0.106 0.000 0.168 0.148 0.790 0.600 0.480 0.826 0.000
182 0.408 0.474 0.660 0.138 0.000 0.138 0.158 0.800 0.560 0.474 0.836 0.000
183 0.396 0.490 0.656 0.138 0.000 0.138 0.148 0.792 0.542 0.460 0.834 0.000
184 0.408 0.524 0.648 0.150 0.000 0.140 0.180 0.762 0.534 0.462 0.812 0.000
185 0.414 0.500 0.698 0.150 0.000 0.114 0.194 0.780 0.540 0.472 0.802 0.000
186 0.434 0.472 0.744 0.148 0.000 0.152 0.202 0.772 0.562 0.474 0.808 0.000
187 0.418 0.476 0.746 0.148 0.000 0.168 0.182 0.750 0.570 0.510 0.814 0.000
188 0.404 0.490 0.750 0.156 0.000 0.180 0.188 0.758 0.586 0.508 0.832 0.000
189 0.406 0.508 0.752 0.154 0.000 0.190 0.196 0.770 0.596 0.528 0.830 0.000
190 0.428 0.526 0.792 0.158 0.000 0.180 0.230 0.768 0.584 0.532 0.836 0.000
191 0.424 0.538 0.788 0.142 0.000 0.170 0.254 0.764 0.624 0.528 0.838 0.000
192 0.448 0.526 0.792 0.142 0.000 0.168 0.254 0.750 0.608 0.540 0.836 0.000
193 0.450 0.530 0.774 0.156 0.000 0.182 0.258 0.750 0.610 0.554 0.842 0.000
194 0.476 0.540 0.826 0.174 0.000 0.162 0.266 0.726 0.604 0.532 0.838 0.000
195 0.472 0.542 0.820 0.182 0.000 0.162 0.248 0.744 0.594 0.532 0.836 0.000
196 0.474 0.554 0.828 0.200 0.000 0.148 0.246 0.726 0.596 0.502 0.802 0.000
197 0.468 0.548 0.826 0.222 0.000 0.146 0.240 0.710 0.624 0.496 0.790 0.000
198 0.488 0.558 0.840 0.210 0.000 0.128 0.224 0.732 0.616 0.496 0.760 0.000
199 0.496 0.546 0.846 0.236 0.000 0.150 0.206 0.744 0.612 0.472 0.790 0.000
200 0.486 0.522 0.828 0.216 0.000 0.166 0.170 0.778 0.628 0.436 0.764 0.000