t r0 r1 r2 r3 r4 r5 r6 r7 r8 r9 r10 r11
0 0.500 0.500 0.500 0.500 0.500 0.500 0.500 0.500 0.500 0.500 0.500 0.500
1 0.540 0.480 0.600 0.430 0.620 0.430 0.470 0.500 0.500 0.500 0.480 0.570
2 0.550 0.460 0.540 0.550 0.650 0.400 0.450 0.570 0.510 0.580 0.500 0.660
3 0.660 0.500 0.540 0.490 0.700 0.370 0.400 0.630 0.550 0.600 0.490 0.670
4 0.690 0.490 0.550 0.500 0.740 0.350 0.450 0.580 0.520 0.630 0.440 0.670
5 0.700 0.430 0.530 0.420 0.810 0.390 0.480 0.620 0.490 0.650 0.420 0.670
6 0.700 0.460 0.560 0.420 0.780 0.380 0.560 0.620 0.340 0.660 0.440 0.680
7 0.750 0.450 0.640 0.400 0.750 0.380 0.580 0.590 0.330 0.710 0.430 0.680
8 0.800 0.510 0.650 0.480 0.800 0.380 0.590 0.650 0.310 0.790 0.380 0.710
9 0.810 0.510 0.590 0.470 0.860 0.390 0.610 0.670 0.350 0.800 0.360 0.750
10 0.770 0.580 0.600 0.410 0.860 0.350 0.600 0.740 0.350 0.770 0.420 0.770
11 0.770 0.570 0.600 0.390 0.870 0.380 0.590 0.700 0.380 0.760 0.330 0.770
12 0.820 0.550 0.590 0.420 0.820 0.370 0.640 0.630 0.320 0.750 0.280 0.850
13 0.850 0.510 0.570 0.490 0.800 0.310 0.600 0.710 0.290 0.710 0.270 0.890
14 0.880 0.510 0.760 0.440 0.770 0.350 0.670 0.680 0.300 0.650 0.260 0.940
15 0.950 0.490 0.760 0.480 0.720 0.370 0.610 0.670 0.300 0.660 0.220 0.970
16 0.970 0.440 0.750 0.490 0.740 0.250 0.590 0.640 0.290 0.690 0.240 0.950
17 1.000 0.430 0.650 0.520 0.770 0.230 0.580 0.650 0.260 0.630 0.230 0.970
18 1.000 0.420 0.730 0.430 0.780 0.220 0.480 0.700 0.230 0.670 0.240 1.000
19 1.000 0.420 0.690 0.420 0.840 0.200 0.530 0.740 0.250 0.630 0.240 1.000
20 1.000 0.420 0.600 0.410 0.930 0.160 0.530 0.700 0.230 0.600 0.220 1.000
21 1.000 0.450 0.590 0.350 0.930 0.140 0.520 0.680 0.260 0.660 0.310 1.000
22 1.000 0.430 0.650 0.290 0.940 0.120 0.600 0.700 0.280 0.710 0.300 1.000
23 1.000 0.490 0.650 0.300 0.920 0.090 0.530 0.780 0.270 0.770 0.280 1.000
24 1.000 0.460 0.590 0.310 0.910 0.130 0.500 0.770 0.350 0.790 0.310 1.000
25 1.000 0.380 0.590 0.450 0.890 0.130 0.500 0.810 0.340 0.840 0.370 1.000
26 1.000 0.480 0.600 0.450 0.820 0.090 0.480 0.780 0.400 0.720 0.450 1.000
27 1.000 0.470 0.540 0.380 0.820 0.090 0.500 0.810 0.420 0.750 0.480 1.000
28 1.000 0.290 0.510 0.440 0.800 0.090 0.450 0.780 0.400 0.780 0.450 1.000
29 1.000 0.270 0.540 0.470 0.830 0.100 0.500 0.810 0.380 0.720 0.460 1.000
30 1.000 0.290 0.590 0.470 0.820 0.090 0.510 0.730 0.410 0.720 0.420 1.000
31 1.000 0.340 0.540 0.400 0.890 0.070 0.460 0.780 0.430 0.710 0.390 1.000
32 1.000 0.330 0.560 0.470 0.920 0.060 0.460 0.710 0.470 0.750 0.300 1.000
33 1.000 0.320 0.450 0.430 0.920 0.060 0.460 0.740 0.430 0.770 0.250 1.000
34 1.000 0.330 0.490 0.420 0.960 0.050 0.460 0.810 0.410 0.760 0.270 1.000
35 1.000 0.290 0.430 0.380 0.970 0.050 0.440 0.850 0.400 0.860 0.270 1.000
36 1.000 0.230 0.440 0.420 1.000 0.060 0.420 0.830 0.300 0.890 0.280 1.000
37 1.000 0.250 0.420 0.420 1.000 0.000 0.410 0.900 0.320 0.920 0.180 1.000
38 1.000 0.220 0.370 0.460 1.000 0.000 0.430 0.910 0.260 0.980 0.220 1.000
39 1.000 0.280 0.400 0.500 1.000 0.000 0.420 0.920 0.360 0.980 0.220 1.000
40 1.000 0.230 0.480 0.380 1.000 0.000 0.340 0.960 0.420 0.980 0.190 1.000
41 1.000 0.220 0.490 0.320 1.000 0.000 0.400 0.970 0.350 0.970 0.250 1.000
42 1.000 0.250 0.480 0.250 1.000 0.000 0.350 0.960 0.240 0.930 0.340 1.000
43 1.000 0.200 0.540 0.320 1.000 0.000 0.380 0.950 0.160 0.940 0.350 1.000
44 1.000 0.170 0.570 0.320 1.000 0.000 0.320 0.930 0.180 0.950 0.340 1.000
45 1.000 0.220 0.580 0.390 1.000 0.000 0.330 0.930 0.200 0.910 0.340 1.000
46 1.000 0.230 0.610 0.360 1.000 0.000 0.270 0.920 0.180 0.850 0.350 1.000
47 1.000 0.240 0.700 0.390 1.000 0.000 0.240 0.940 0.150 0.780 0.380 1.000
48 1.000 0.210 0.720 0.450 1.000 0.000 0.250 0.940 0.220 0.770 0.400 1.000
49 1.000 0.190 0.760 0.410 1.000 0.000 0.240 0.950 0.230 0.790 0.440 1.000
50 1.000 0.200 0.710 0.410 1.000 0.000 0.220 0.970 0.280 0.850 0.520 1.000
51 1.000 0.210 0.730 0.450 1.000 0.000 0.170 0.980 0.320 0.900 0.430 1.000
52 1.000 0.200 0.740 0.420 1.000 0.000 0.210 0.970 0.370 0.910 0.380 1.000
53 1.000 0.190 0.830 0.440 1.000 0.000 0.280 1.000 0.370 0.900 0.410 1.000
54 1.000 0.200 0.840 0.430 1.000 0.000 0.240 1.000 0.360 0.940 0.450 1.000
55 1.000 0.120 0.850 0.410 1.000 0.000 0.200 1.000 0.410 0.960 0.400 1.000
56 1.000 0.110 0.840 0.290 1.000 0.000 0.220 1.000 0.440 0.960 0.450 1.000
57 1.000 0.090 0.800 0.320 1.000 0.000 0.310 1.000 0.410 0.960 0.370 1.000
58 1.000 0.060 0.850 0.350 1.000 0.000 0.320 1.000 0.340 0.970 0.310 1.000
59 1.000 0.090 0.820 0.410 1.000 0.000 0.330 1.000 0.250 0.980 0.320 1.000
60 1.000 0.050 0.830 0.340 1.000 0.000 0.390 1.000 0.210 0.960 0.310 1.000
61 1.000 0.020 0.820 0.320 1.000 0.000 0.410 1.000 0.190 0.930 0.230 1.000
62 1.000 0.020 0.810 0.280 1.000 0.000 0.310 1.000 0.310 0.880 0.230 1.000
63 1.000 0.040 0.710 0.260 1.000 0.000 0.220 1.000 0.250 0.810 0.170 1.000
64 1.000 0.010 0.720 0.280 1.000 0.000 0.170 1.000 0.220 0.860 0.210 1.000
65 1.000 0.000 0.800 0.260 1.000 0.000 0.130 1.000 0.170 0.870 0.250 1.000
66 1.000 0.000 0.800 0.250 1.000 0.000 0.090 1.000 0.140 0.860 0.290 1.000
67 1.000 0.000 0.770 0.250 1.000 0.000 0.090 1.000 0.110 0.810 0.380 1.000
68 1.000 0.000 0.790 0.240 1.000 0.000 0.080 1.000 0.150 0.800 0.300 1.000
69 1.000 0.000 0.740 0.180 1.000 0.000 0.030 1.000 0.160 0.910 0.330 1.000
70 1.000 0.000 0.750 0.190 1.000 0.000 0.010 1.000 0.160 0.930 0.360 1.000
71 1.000 0.000 0.760 0.140 1.000 0.000 0.000 1.000 0.240 0.970 0.300 1.000
72 1.000 0.000 0.730 0.160 1.000 0.000 0.000 1.000 0.290 0.950 0.320 1.000
73 1.000 0.000 0.750 0.190 1.000 0.000 0.000 1.000 0.360 0.920 0.330 1.000
74 1.000 0.000 0.780 0.150 1.000 0.000 0.000 1.000 0.300 0.900 0.320 1.000
75 1.000 0.000 0.760 0.150 1.000 0.000 0.000 1.000 0.290 0.910 0.270 1.000
76 1.000 0.000 0.750 0.100 1.000 0.000 0.000 1.000 0.310 0.910 0.280 1.000
77 1.000 0.000 0.770 0.100 1.000 0.000 0.000 1.000 0.300 0.930 0.300 1.000
78 1.000 0.000 0.780 0.130 1.000 0.000 0.000 1.000 0.280 0.950 0.380 1.000
79 1.000 0.000 0.820 0.150 1.000 0.000 0.000 1.000 0.280 0.980 0.330 1.000
80 1.000 0.000 0.710 0.150 1.000 0.000 0.000 1.000 0.310 0.980 0.250 1.000
81 1.000 0.000 0.760 0.190 1.000 0.000 0.000 1.000 0.270 0.970 0.220 1.000
82 1.000 0.000 0.720 0.170 1.000 0.000 0.000 1.000 0.240 0.940 0.200 1.000
83 1.000 0.000 0.700 0.220 1.000 0.000 0.000 1.000 0.350 0.910 0.200 1.000
84 1.000 0.000 0.700 0.230 1.000 0.000 0.000 1.000 0.300 0.870 0.160 1.000
85 1.000 0.000 0.710 0.220 1.000 0.000 0.000 1.000 0.290 0.880 0.170 1.000
86 1.000 0.000 0.600 0.280 1.000 0.000 0.000 1.000 0.350 0.910 0.140 1.000
87 1.000 0.000 0.590 0.340 1.000 0.000 0.000 1.000 0.330 0.900 0.140 1.000
88 1.000 0.000 0.560 0.260 1.000 0.000 0.000 1.000 0.310 0.910 0.200 1.000
89 1.000 0.000 0.440 0.260 1.000 0.000 0.000 1.000 0.340 0.910 0.130 1.000
90 1.000 0.000 0.440 0.240 1.000 0.000 0.000 1.000 0.320 0.850 0.110 1.000
91 1.000 0.000 0.470 0.250 1.000 0.000 0.000 1.000 0.300 0.860 0.040 1.000
92 1.000 0.000 0.470 0.230 1.000 0.000 0.000 1.000 0.290 0.810 0.060 1.000
93 1.000 0.000 0.590 0.220 1.000 0.000 0.000 1.000 0.260 0.800 0.090 1.000
94 1.000 0.000 0.620 0.180 1.000 0.000 0.000 1.000 0.270 0.750 0.120 1.000
95 1.000 0.000 0.530 0.210 1.000 0.000 0.000 1.000 0.270 0.700 0.120 1.000
96 1.000 0.000 0.510 0.260 1.000 0.000 0.000 1.000 0.230 0.680 0.210 1.000
97 1.000 0.000 0.500 0.190 1.000 0.000 0.000 1.000 0.230 0.690 0.220 1.000
98 1.000 0.000 0.390 0.280 1.000 0.000 0.000 1.000 0.280 0.670 0.210 1.000
99 1.000 0.000 0.470 0.260 1.000 0.000 0.000 1.000 0.230 0.700 0.220 1.000
100 1.000 0.000 0.470 0.250 1.000 0.000 0.000 1.000 0.180 0.720 0.190 1.000
101 1.000 0.000 0.490 0.200 1.000 0.000 0.000 1.000 0.250 0.720 0.210 1.000
102 1.000 0.000 0.480 0.260 1.000 0.000 0.000 1.000 0.200 0.700 0.240 1.000
103 1.000 0.000 0.450 0.300 1.000 0.000 0.000 1.000 0.240 0.660 0.290 1.000
104 1.000 0.000 0.390 0.230 1.000 0.000 0.000 1.000 0.250 0.710 0.250 1.000
105 1.000 0.000 0.380 0.270 1.000 0.000 0.000 1.000 0.190 0.730 0.190 1.000
106 1.000 0.000 0.460 0.190 1.000 0.000 0.000 1.000 0.130 0.710 0.160 1.000
107 1.000 0.000 0.420 0.140 1.000 0.000 0.000 1.000 0.090 0.730 0.130 1.000
108 1.000 0.000 0.380 0.140 1.000 0.000 0.000 1.000 0.080 0.720 0.160 1.000
109 1.000 0.000 0.290 0.180 1.000 0.000 0.000 1.000 0.090 0.730 0.140 1.000
110 1.000 0.000 0.160 0.130 1.000 0.000 0.000 1.000 0.090 0.740 0.100 1.000
111 1.000 0.000 0.190 0.120 1.000 0.000 0.000 1.000 0.080 0.770 0.130 1.000
112 1.000 0.000 0.230 0.130 1.000 0.000 0.000 1.000 0.080 0.770 0.160 1.000
113 1.000 0.000 0.150 0.110 1.000 0.000 0.000 1.000 0.140 0.750 0.150 1.000
114 1.000 0.000 0.180 0.140 1.000 0.000 0.000 1.000 0.170 0.740 0.150 1.000
115 1.000 0.000 0.200 0.170 1.000 0.000 0.000 1.000 0.140 0.760 0.080 1.000
116 1.000 0.000 0.160 0.140 1.000 0.000 0.000 1.000 0.170 0.820 0.080 1.000
117 1.000 0.000 0.140 0.120 1.000 0.000 0.000 1.000 0.170 0.750 0.070 1.000
118 1.000 0.000 0.210 0.070 1.000 0.000 0.000 1.000 0.110 0.730 0.030 1.000
119 1.000 0.000 0.170 0.060 1.000 0.000 0.000 1.000 0.110 0.720 0.040 1.000
120 1.000 0.000 0.140 0.140 1.000 0.000 0.000 1.000 0.090 0.690 0.040 1.000
121 1.000 0.000 0.140 0.170 1.000 0.000 0.000 1.000 0.110 0.650 0.040 1.000
122 1.000 0.000 0.110 0.170 1.000 0.000 0.000 1.000 0.100 0.650 0.020 1.000
123 1.000 0.000 0.040 0.160 1.000 0.000 0.000 1.000 0.080 0.670 0.040 1.000
124 1.000 0.000 0.040 0.170 1.000 0.000 0.000 1.000 0.050 0.580 0.060 1.000
125 1.000 0.000 0.020 0.090 1.000 0.000 0.000 1.000 0.050 0.560 0.080 1.000
126 1.000 0.000 0.020 0.060 1.000 0.000 0.000 1.000 0.020 0.550 0.060 1.000
127 1.000 0.000 0.010 0.040 1.000 0.000 0.000 1.000 0.030 0.540 0.050 1.000
128 1.000 0.000 0.000 0.020 1.000 0.000 0.000 1.000 0.020 0.640 0.030 1.000
129 1.000 0.000 0.000 0.020 1.000 0.000 0.000 1.000 0.020 0.630 0.000 1.000
130 1.000 0.000 0.000 0.010 1.000 0.000 0.000 1.000 0.010 0.670 0.000 1.000
131 1.000 0.000 0.000 0.000 1.000 0.000 0.000 1.000 0.010 0.670 0.000 1.000
132 1.000 0.000 0.000 0.000 1.000 0.000 0.000 1.000 0.030 0.630 0.000 1.000
133 1.000 0.000 0.000 0.000 1.000 0.000 0.000 1.000 0.060 0.570 0.000 1.000
134 1.000 0.000 0.000 0.000 1.000 0.000 0.000 1.000 0.090 0.590 0.000 1.000
135 1.000 0.000 0.000 0.000 1.000 0.000 0.000 1.000 0.150 0.440 0.000 1.000
136 1.000 0.000 0.000 0.000 1.000 0.000 0.000 1.000 0.170 0.490 0.000 1.000
137 1.000 0.000 0.000 0.000 1.000 0.000 0.000 1.000 0.210 0.470 0.000 1.000
138 1.000 0.000 0.000 0.000 1.000 0.000 0.000 1.000 0.200 0.480 0.000 1.000
139 1.000 0.000 0.000 0.000 1.000 0.000 0.000 1.000 0.230 0.480 0.000 1.000
140 1.000 0.000 0.000 0.000 1.000 0.000 0.000 1.000 0.230 0.550 0.000 1.000
141 1.000 0.000 0.000 0.000 1.000 0.000 0.000 1.000 0.270 0.540 0.000 1.000
142 1.000 0.000 0.000 0.000 1.000 0.000 0.000 1.000 0.360 0.450 0.000 1.000
143 1.000 0.000 0.000 0.000 1.000 0.000 0.000 1.000 0.350 0.500 0.000 1.000
144 1.000 0.000 0.000 0.000 1.000 0.000 0.000 1.000 0.440 0.420 0.000 1.000
145 1.000 0.000 0.000 0.000 1.000 0.000 0.000 1.000 0.480 0.420 0.000 1.000
146 1.000 0.000 0.000 0.000 1.000 0.000 0.000 1.000 0.570 0.390 0.000 1.000
147 1.000 0.000 0.000 0.000 1.000 0.000 0.000 1.000 0.570 0.290 0.000 1.000
148 1.000 0.000 0.000 0.000 1.000 0.000 0.000 1.000 0.620 0.250 0.000 1.000
149 1.000 0.000 0.000 0.000 1.000 0.000 0.000 1.000 0.680 0.310 0.000 1.000
150 1.000 0.000 0.000 0.000 1.000 0.000 0.000 1.000 0.660 0.340 0.000 1.000
151 1.000 0.000 0.000 0.000 1.000 0.000 0.000 1.000 0.680 0.290 0.000 1.000
152 1.000 0.000 0.000 0.000 1.000 0.000 0.000 1.000 0.720 0.280 0.000 1.000
153 1.000 0.000 0.000 0.000 1.000 0.000 0.000 1.000 0.760 0.290 0.000 1.000
154 1.000 0.000 0.000 0.000 1.000 0.000 0.000 1.000 0.760 0.270 0.000 1.000
155 1.000 0.000 0.000 0.000 1.000 0.000 0.000 1.000 0.820 0.270 0.000 1.000
156 1.000 0.000 0.000 0.000 1.000 0.000 0.000 1.000 0.800 0.280 0.000 1.000
157 1.000 0.000 0.000 0.000 1.000 0.000 0.000 1.000 0.750 0.320 0.000 1.000
158 1.000 0.000 0.000 0.000 1.000 0.000 0.000 1.000 0.690 0.360 0.000 1.000
159 1.000 0.000 0.000 0.000 1.000 0.000 0.000 1.000 0.620 0.260 0.000 1.000
160 1.000 0.000 0.000 0.000 1.000 0.000 0.000 1.000 0.590 0.240 0.000 1.000
161 1.000 0.000 0.000 0.000 1.000 0.000 0.000 1.000 0.610 0.230 0.000 1.000
162 1.000 0.000 0.000 0.000 1.000 0.000 0.000 1.000 0.620 0.190 0.000 1.000
163 1.000 0.000 0.000 0.000 1.000 0.000 0.000 1.000 0.660 0.220 0.000 1.000
164 1.000 0.000 0.000 0.000 1.000 0.000 0.000 1.000 0.730 0.240 0.000 1.000
165 1.000 0.000 0.000 0.000 1.000 0.000 0.000 1.000 0.800 0.250 0.000 1.000
166 1.000 0.000 0.000 0.000 1.000 0.000 0.000 1.000 0.850 0.310 0.000 1.000
167 1.000 0.000 0.000 0.000 1.000 0.000 0.000 1.000 0.760 0.280 0.000 1.000
168 1.000 0.000 0.000 0.000 1.000 0.000 0.000 1.000 0.750 0.340 0.000 1.000
169 1.000 0.000 0.000 0.000 1.000 0.000 0.000 1.000 0.730 0.300 0.000 1.000
170 1.000 0.000 0.000 0.000 1.000 0.000 0.000 1.000 0.660 0.310 0.000 1.000
171 1.000 0.000 0.000 0.000 1.000 0.000 0.000 1.000 0.720 0.330 0.000 1.000
172 1.000 0.000 0.000 0.000 1.000 0.000 0.000 1.000 0.690 0.280 0.000 1.000
173 1.000 0.000 0.000 0.000 1.000 0.000 0.000 1.000 0.720 0.300 0.000 1.000
174 1.000 0.000 0.000 0.000 1.000 0.000 0.000 1.000 0.760 0.320 0.000 1.000
175 1.000 0.000 0.000 0.000 1.000 0.000 0.000 1.000 0.720 0.390 0.000 1.000
176 1.000 0.000 0.000 0.000 1.000 0.000 0.000 1.000 0.770 0.400 0.000 1.000
177 1.000 0.000 0.000 0.000 1.000 0.000 0.000 1.000 0.740 0.410 0.000 1.000
178 1.000 0.000 0.000 0.000 1.000 0.000 0.000 1.000 0.720 0.430 0.000 1.000
179 1.000 0.000 0.000 0.000 1.000 0.000 0.000 1.000 0.730 0.350 0.000 1.000
180 1.000 0.000 0.000 0.000 1.000 0.000 0.000 1.000 0.670 0.350 0.000 1.000
181 1.000 0.000 0.000 0.000 1.000 0.000 0.000 1.000 0.690 0.360 0.000 1.000
182 1.000 0.000 0.000 0.000 1.000 0.000 0.000 1.000 0.630 0.330 0.000 1.000
183 1.000 0.000 0.000 0.000 1.000 0.000 0.000 1.000 0.670 0.430 0.000 1.000
184 1.000 0.000 0.000 0.000 1.000 0.000 0.000 1.000 0.580 0.370 0.000 1.000
185 1.000 0.000 0.000 0.000 1.000 0.000 0.000 1.000 0.490 0.360 0.000 1.000
186 1.000 0.000 0.000 0.000 1.000 0.000 0.000 1.000 0.500 0.300 0.000 1.000
187 1.000 0.000 0.000 0.000 1.000 0.000 0.000 1.000 0.520 0.340 0.000 1.000
188 1.000 0.000 0.000 0.000 1.000 0.000 0.000 1.000 0.640 0.380 0.000 1.000
189 1.000 0.000 0.000 0.000 1.000 0.000 0.000 1.000 0.620 0.330 0.000 1.000
190 1.000 0.000 0.000 0.000 1.000 0.000 0.000 1.000 0.760 0.330 0.000 1.000
191 1.000 0.000 0.000 0.000 1.000 0.000 0.000 1.000 0.710 0.260 0.000 1.000
192 1.000 0.000 0.000 0.000 1.000 0.000 0.000 1.000 0.630 0.220 0.000 1.000
193 1.000 0.000 0.000 0.000 1.000 0.000 0.000 1.000 0.630 0.160 0.000 1.000
194 1.000 0.000 0.000 0.000 1.000 0.000 0.000 1.000 0.590 0.140 0.000 1.000
195 1.000 0.000 0.000 0.000 1.000 0.000 0.000 1.000 0.540 0.190 0.000 1.000
196 1.000 0.000 0.000 0.000 1.000 0.000 0.000 1.000 0.420 0.130 0.000 1.000
197 1.000 0.000 0.000 0.000 1.000 0.000 0.000 1.000 0.400 0.100 0.000 1.000
198 1.000 0.000 0.000 0.000 1.000 0.000 0.000 1.000 0.360 0.080 0.000 1.000
199 1.000 0.000 0.000 0.000 1.000 0.000 0.000 1.000 0.260 0.070 0.000 1.000
200 1.000 0.000 0.000 0.000 1.000 0.000 0.000 1.000 0.210 0.040 0.000 1.000