t r0 r1 r2 r3 r4 r5 r6 r7 r8 r9 r10 r11
0 0.500 0.500 0.500 0.500 0.500 0.500 0.500 0.500 0.500 0.500 0.500 0.500
1 0.400 0.500 0.600 0.500 0.350 0.550 0.650 0.400 0.650 0.600 0.500 0.650
2 0.400 0.650 0.600 0.550 0.300 0.600 0.550 0.500 0.450 0.600 0.500 0.550
3 0.400 0.550 0.550 0.700 0.300 0.450 0.600 0.450 0.550 0.600 0.500 0.450
4 0.450 0.550 0.650 0.600 0.250 0.700 0.550 0.400 0.600 0.600 0.600 0.250
5 0.500 0.450 0.800 0.600 0.200 0.750 0.500 0.400 0.750 0.250 0.650 0.400
6 0.600 0.600 0.850 0.700 0.150 0.800 0.550 0.300 0.850 0.350 0.500 0.500
7 0.600 0.500 0.900 0.750 0.050 0.800 0.450 0.400 0.800 0.250 0.400 0.550
8 0.500 0.600 0.800 0.700 0.000 0.900 0.300 0.350 0.750 0.100 0.450 0.600
9 0.600 0.600 0.850 0.700 0.000 0.950 0.300 0.350 0.950 0.150 0.350 0.600
10 0.800 0.500 0.650 0.650 0.000 0.950 0.300 0.300 1.000 0.200 0.300 0.700
11 0.750 0.500 0.750 0.650 0.000 0.950 0.400 0.250 1.000 0.200 0.350 0.600
12 0.900 0.500 0.750 0.700 0.000 0.950 0.450 0.200 1.000 0.300 0.550 0.700
13 0.950 0.250 0.900 0.950 0.000 0.850 0.400 0.200 1.000 0.200 0.550 0.700
14 1.000 0.250 0.950 0.900 0.000 0.850 0.300 0.200 1.000 0.150 0.600 0.650
15 1.000 0.300 1.000 0.950 0.000 0.850 0.300 0.200 1.000 0.200 0.650 0.700
16 1.000 0.450 1.000 0.950 0.000 0.900 0.300 0.200 1.000 0.100 0.650 0.650
17 1.000 0.600 1.000 1.000 0.000 0.900 0.250 0.150 1.000 0.150 0.500 0.700
18 1.000 0.700 1.000 1.000 0.000 0.850 0.300 0.200 1.000 0.300 0.350 0.750
19 1.000 0.500 1.000 1.000 0.000 0.800 0.400 0.300 1.000 0.200 0.200 0.600
20 1.000 0.450 1.000 1.000 0.000 0.850 0.300 0.400 1.000 0.150 0.150 0.650
21 1.000 0.400 1.000 1.000 0.000 0.750 0.150 0.300 1.000 0.000 0.100 0.700
22 1.000 0.450 1.000 1.000 0.000 0.850 0.000 0.350 1.000 0.000 0.050 0.650
23 1.000 0.300 1.000 1.000 0.000 0.900 0.000 0.300 1.000 0.000 0.050 0.550
24 1.000 0.200 1.000 1.000 0.000 0.700 0.000 0.550 1.000 0.000 0.000 0.450
25 1.000 0.150 1.000 1.000 0.000 0.600 0.000 0.350 1.000 0.000 0.000 0.500
26 1.000 0.100 1.000 1.000 0.000 0.550 0.000 0.500 1.000 0.000 0.000 0.500
27 1.000 0.000 1.000 1.000 0.000 0.550 0.000 0.500 1.000 0.000 0.000 0.550
28 1.000 0.000 1.000 1.000 0.000 0.650 0.000 0.500 1.000 0.000 0.000 0.650
29 1.000 0.000 1.000 1.000 0.000 0.700 0.000 0.350 1.000 0.000 0.000 0.500
30 1.000 0.000 1.000 1.000 0.000 0.600 0.000 0.250 1.000 0.000 0.000 0.650
31 1.000 0.000 1.000 1.000 0.000 0.500 0.000 0.200 1.000 0.000 0.000 0.550
32 1.000 0.000 1.000 1.000 0.000 0.450 0.000 0.200 1.000 0.000 0.000 0.500
33 1.000 0.000 1.000 1.000 0.000 0.400 0.000 0.200 1.000 0.000 0.000 0.400
34 1.000 0.000 1.000 1.000 0.000 0.450 0.000 0.100 1.000 0.000 0.000 0.550
35 1.000 0.000 1.000 1.000 0.000 0.400 0.000 0.100 1.000 0.000 0.000 0.650
36 1.000 0.000 1.000 1.000 0.000 0.500 0.000 0.150 1.000 0.000 0.000 0.600
37 1.000 0.000 1.000 1.000 0.000 0.550 0.000 0.100 1.000 0.000 0.000 0.500
38 1.000 0.000 1.000 1.000 0.000 0.650 0.000 0.150 1.000 0.000 0.000 0.550
39 1.000 0.000 1.000 1.000 0.000 0.900 0.000 0.200 1.000 0.000 0.000 0.350
40 1.000 0.000 1.000 1.000 0.000 0.900 0.000 0.150 1.000 0.000 0.000 0.300
41 1.000 0.000 1.000 1.000 0.000 0.850 0.000 0.000 1.000 0.000 0.000 0.300
42 1.000 0.000 1.000 1.000 0.000 0.900 0.000 0.000 1.000 0.000 0.000 0.350
43 1.000 0.000 1.000 1.000 0.000 0.800 0.000 0.000 1.000 0.000 0.000 0.250
44 1.000 0.000 1.000 1.000 0.000 0.900 0.000 0.000 1.000 0.000 0.000 0.250
45 1.000 0.000 1.000 1.000 0.000 0.950 0.000 0.000 1.000 0.000 0.000 0.300
46 1.000 0.000 1.000 1.000 0.000 0.950 0.000 0.000 1.000 0.000 0.000 0.250
47 1.000 0.000 1.000 1.000 0.000 0.900 0.000 0.000 1.000 0.000 0.000 0.300
48 1.000 0.000 1.000 1.000 0.000 0.850 0.000 0.000 1.000 0.000 0.000 0.250
49 1.000 0.000 1.000 1.000 0.000 0.800 0.000 0.000 1.000 0.000 0.000 0.300
50 1.000 0.000 1.000 1.000 0.000 0.700 0.000 0.000 1.000 0.000 0.000 0.150
51 1.000 0.000 1.000 1.000 0.000 0.800 0.000 0.000 1.000 0.000 0.000 0.200
52 1.000 0.000 1.000 1.000 0.000 0.750 0.000 0.000 1.000 0.000 0.000 0.150
53 1.000 0.000 1.000 1.000 0.000 0.700 0.000 0.000 1.000 0.000 0.000 0.150
54 1.000 0.000 1.000 1.000 0.000 0.700 0.000 0.000 1.000 0.000 0.000 0.100
55 1.000 0.000 1.000 1.000 0.000 0.750 0.000 0.000 1.000 0.000 0.000 0.100
56 1.000 0.000 1.000 1.000 0.000 0.700 0.000 0.000 1.000 0.000 0.000 0.150
57 1.000 0.000 1.000 1.000 0.000 0.650 0.000 0.000 1.000 0.000 0.000 0.150
58 1.000 0.000 1.000 1.000 0.000 0.600 0.000 0.000 1.000 0.000 0.000 0.150
59 1.000 0.000 1.000 1.000 0.000 0.600 0.000 0.000 1.000 0.000 0.000 0.150
60 1.000 0.000 1.000 1.000 0.000 0.700 0.000 0.000 1.000 0.000 0.000 0.200
61 1.000 0.000 1.000 1.000 0.000 0.800 0.000 0.000 1.000 0.000 0.000 0.150
62 1.000 0.000 1.000 1.000 0.000 0.650 0.000 0.000 1.000 0.000 0.000 0.150
63 1.000 0.000 1.000 1.000 0.000 0.800 0.000 0.000 1.000 0.000 0.000 0.350
64 1.000 0.000 1.000 1.000 0.000 0.850 0.000 0.000 1.000 0.000 0.000 0.500
65 1.000 0.000 1.000 1.000 0.000 1.000 0.000 0.000 1.000 0.000 0.000 0.600
66 1.000 0.000 1.000 1.000 0.000 1.000 0.000 0.000 1.000 0.000 0.000 0.600
67 1.000 0.000 1.000 1.000 0.000 1.000 0.000 0.000 1.000 0.000 0.000 0.700
68 1.000 0.000 1.000 1.000 0.000 1.000 0.000 0.000 1.000 0.000 0.000 0.800
69 1.000 0.000 1.000 1.000 0.000 1.000 0.000 0.000 1.000 0.000 0.000 0.800
70 1.000 0.000 1.000 1.000 0.000 1.000 0.000 0.000 1.000 0.000 0.000 0.650
71 1.000 0.000 1.000 1.000 0.000 1.000 0.000 0.000 1.000 0.000 0.000 0.550
72 1.000 0.000 1.000 1.000 0.000 1.000 0.000 0.000 1.000 0.000 0.000 0.600
73 1.000 0.000 1.000 1.000 0.000 1.000 0.000 0.000 1.000 0.000 0.000 0.400
74 1.000 0.000 1.000 1.000 0.000 1.000 0.000 0.000 1.000 0.000 0.000 0.400
75 1.000 0.000 1.000 1.000 0.000 1.000 0.000 0.000 1.000 0.000 0.000 0.300
76 1.000 0.000 1.000 1.000 0.000 1.000 0.000 0.000 1.000 0.000 0.000 0.500
77 1.000 0.000 1.000 1.000 0.000 1.000 0.000 0.000 1.000 0.000 0.000 0.450
78 1.000 0.000 1.000 1.000 0.000 1.000 0.000 0.000 1.000 0.000 0.000 0.250
79 1.000 0.000 1.000 1.000 0.000 1.000 0.000 0.000 1.000 0.000 0.000 0.450
80 1.000 0.000 1.000 1.000 0.000 1.000 0.000 0.000 1.000 0.000 0.000 0.450
81 1.000 0.000 1.000 1.000 0.000 1.000 0.000 0.000 1.000 0.000 0.000 0.350
82 1.000 0.000 1.000 1.000 0.000 1.000 0.000 0.000 1.000 0.000 0.000 0.400
83 1.000 0.000 1.000 1.000 0.000 1.000 0.000 0.000 1.000 0.000 0.000 0.350
84 1.000 0.000 1.000 1.000 0.000 1.000 0.000 0.000 1.000 0.000 0.000 0.400
85 1.000 0.000 1.000 1.000 0.000 1.000 0.000 0.000 1.000 0.000 0.000 0.550
86 1.000 0.000 1.000 1.000 0.000 1.000 0.000 0.000 1.000 0.000 0.000 0.700
87 1.000 0.000 1.000 1.000 0.000 1.000 0.000 0.000 1.000 0.000 0.000 0.650
88 1.000 0.000 1.000 1.000 0.000 1.000 0.000 0.000 1.000 0.000 0.000 0.750
89 1.000 0.000 1.000 1.000 0.000 1.000 0.000 0.000 1.000 0.000 0.000 0.850
90 1.000 0.000 1.000 1.000 0.000 1.000 0.000 0.000 1.000 0.000 0.000 0.750
91 1.000 0.000 1.000 1.000 0.000 1.000 0.000 0.000 1.000 0.000 0.000 0.800
92 1.000 0.000 1.000 1.000 0.000 1.000 0.000 0.000 1.000 0.000 0.000 0.750
93 1.000 0.000 1.000 1.000 0.000 1.000 0.000 0.000 1.000 0.000 0.000 0.600
94 1.000 0.000 1.000 1.000 0.000 1.000 0.000 0.000 1.000 0.000 0.000 0.550
95 1.000 0.000 1.000 1.000 0.000 1.000 0.000 0.000 1.000 0.000 0.000 0.550
96 1.000 0.000 1.000 1.000 0.000 1.000 0.000 0.000 1.000 0.000 0.000 0.250
97 1.000 0.000 1.000 1.000 0.000 1.000 0.000 0.000 1.000 0.000 0.000 0.100
98 1.000 0.000 1.000 1.000 0.000 1.000 0.000 0.000 1.000 0.000 0.000 0.050
99 1.000 0.000 1.000 1.000 0.000 1.000 0.000 0.000 1.000 0.000 0.000 0.000
100 1.000 0.000 1.000 1.000 0.000 1.000 0.000 0.000 1.000 0.000 0.000 0.000
101 1.000 0.000 1.000 1.000 0.000 1.000 0.000 0.000 1.000 0.000 0.000 0.000
102 1.000 0.000 1.000 1.000 0.000 1.000 0.000 0.000 1.000 0.000 0.000 0.000
103 1.000 0.000 1.000 1.000 0.000 1.000 0.000 0.000 1.000 0.000 0.000 0.000
104 1.000 0.000 1.000 1.000 0.000 1.000 0.000 0.000 1.000 0.000 0.000 0.000
105 1.000 0.000 1.000 1.000 0.000 1.000 0.000 0.000 1.000 0.000 0.000 0.000
106 1.000 0.000 1.000 1.000 0.000 1.000 0.000 0.000 1.000 0.000 0.000 0.000
107 1.000 0.000 1.000 1.000 0.000 1.000 0.000 0.000 1.000 0.000 0.000 0.000
108 1.000 0.000 1.000 1.000 0.000 1.000 0.000 0.000 1.000 0.000 0.000 0.000
109 1.000 0.000 1.000 1.000 0.000 1.000 0.000 0.000 1.000 0.000 0.000 0.000
110 1.000 0.000 1.000 1.000 0.000 1.000 0.000 0.000 1.000 0.000 0.000 0.000
111 1.000 0.000 1.000 1.000 0.000 1.000 0.000 0.000 1.000 0.000 0.000 0.000
112 1.000 0.000 1.000 1.000 0.000 1.000 0.000 0.000 1.000 0.000 0.000 0.000
113 1.000 0.000 1.000 1.000 0.000 1.000 0.000 0.000 1.000 0.000 0.000 0.000
114 1.000 0.000 1.000 1.000 0.000 1.000 0.000 0.000 1.000 0.000 0.000 0.000
115 1.000 0.000 1.000 1.000 0.000 1.000 0.000 0.000 1.000 0.000 0.000 0.000
116 1.000 0.000 1.000 1.000 0.000 1.000 0.000 0.000 1.000 0.000 0.000 0.000
117 1.000 0.000 1.000 1.000 0.000 1.000 0.000 0.000 1.000 0.000 0.000 0.000
118 1.000 0.000 1.000 1.000 0.000 1.000 0.000 0.000 1.000 0.000 0.000 0.000
119 1.000 0.000 1.000 1.000 0.000 1.000 0.000 0.000 1.000 0.000 0.000 0.000
120 1.000 0.000 1.000 1.000 0.000 1.000 0.000 0.000 1.000 0.000 0.000 0.000
121 1.000 0.000 1.000 1.000 0.000 1.000 0.000 0.000 1.000 0.000 0.000 0.000
122 1.000 0.000 1.000 1.000 0.000 1.000 0.000 0.000 1.000 0.000 0.000 0.000
123 1.000 0.000 1.000 1.000 0.000 1.000 0.000 0.000 1.000 0.000 0.000 0.000
124 1.000 0.000 1.000 1.000 0.000 1.000 0.000 0.000 1.000 0.000 0.000 0.000
125 1.000 0.000 1.000 1.000 0.000 1.000 0.000 0.000 1.000 0.000 0.000 0.000
126 1.000 0.000 1.000 1.000 0.000 1.000 0.000 0.000 1.000 0.000 0.000 0.000
127 1.000 0.000 1.000 1.000 0.000 1.000 0.000 0.000 1.000 0.000 0.000 0.000
128 1.000 0.000 1.000 1.000 0.000 1.000 0.000 0.000 1.000 0.000 0.000 0.000
129 1.000 0.000 1.000 1.000 0.000 1.000 0.000 0.000 1.000 0.000 0.000 0.000
130 1.000 0.000 1.000 1.000 0.000 1.000 0.000 0.000 1.000 0.000 0.000 0.000
131 1.000 0.000 1.000 1.000 0.000 1.000 0.000 0.000 1.000 0.000 0.000 0.000
132 1.000 0.000 1.000 1.000 0.000 1.000 0.000 0.000 1.000 0.000 0.000 0.000
133 1.000 0.000 1.000 1.000 0.000 1.000 0.000 0.000 1.000 0.000 0.000 0.000
134 1.000 0.000 1.000 1.000 0.000 1.000 0.000 0.000 1.000 0.000 0.000 0.000
135 1.000 0.000 1.000 1.000 0.000 1.000 0.000 0.000 1.000 0.000 0.000 0.000
136 1.000 0.000 1.000 1.000 0.000 1.000 0.000 0.000 1.000 0.000 0.000 0.000
137 1.000 0.000 1.000 1.000 0.000 1.000 0.000 0.000 1.000 0.000 0.000 0.000
138 1.000 0.000 1.000 1.000 0.000 1.000 0.000 0.000 1.000 0.000 0.000 0.000
139 1.000 0.000 1.000 1.000 0.000 1.000 0.000 0.000 1.000 0.000 0.000 0.000
140 1.000 0.000 1.000 1.000 0.000 1.000 0.000 0.000 1.000 0.000 0.000 0.000
141 1.000 0.000 1.000 1.000 0.000 1.000 0.000 0.000 1.000 0.000 0.000 0.000
142 1.000 0.000 1.000 1.000 0.000 1.000 0.000 0.000 1.000 0.000 0.000 0.000
143 1.000 0.000 1.000 1.000 0.000 1.000 0.000 0.000 1.000 0.000 0.000 0.000
144 1.000 0.000 1.000 1.000 0.000 1.000 0.000 0.000 1.000 0.000 0.000 0.000
145 1.000 0.000 1.000 1.000 0.000 1.000 0.000 0.000 1.000 0.000 0.000 0.000
146 1.000 0.000 1.000 1.000 0.000 1.000 0.000 0.000 1.000 0.000 0.000 0.000
147 1.000 0.000 1.000 1.000 0.000 1.000 0.000 0.000 1.000 0.000 0.000 0.000
148 1.000 0.000 1.000 1.000 0.000 1.000 0.000 0.000 1.000 0.000 0.000 0.000
149 1.000 0.000 1.000 1.000 0.000 1.000 0.000 0.000 1.000 0.000 0.000 0.000
150 1.000 0.000 1.000 1.000 0.000 1.000 0.000 0.000 1.000 0.000 0.000 0.000
151 1.000 0.000 1.000 1.000 0.000 1.000 0.000 0.000 1.000 0.000 0.000 0.000
152 1.000 0.000 1.000 1.000 0.000 1.000 0.000 0.000 1.000 0.000 0.000 0.000
153 1.000 0.000 1.000 1.000 0.000 1.000 0.000 0.000 1.000 0.000 0.000 0.000
154 1.000 0.000 1.000 1.000 0.000 1.000 0.000 0.000 1.000 0.000 0.000 0.000
155 1.000 0.000 1.000 1.000 0.000 1.000 0.000 0.000 1.000 0.000 0.000 0.000
156 1.000 0.000 1.000 1.000 0.000 1.000 0.000 0.000 1.000 0.000 0.000 0.000
157 1.000 0.000 1.000 1.000 0.000 1.000 0.000 0.000 1.000 0.000 0.000 0.000
158 1.000 0.000 1.000 1.000 0.000 1.000 0.000 0.000 1.000 0.000 0.000 0.000
159 1.000 0.000 1.000 1.000 0.000 1.000 0.000 0.000 1.000 0.000 0.000 0.000
160 1.000 0.000 1.000 1.000 0.000 1.000 0.000 0.000 1.000 0.000 0.000 0.000
161 1.000 0.000 1.000 1.000 0.000 1.000 0.000 0.000 1.000 0.000 0.000 0.000
162 1.000 0.000 1.000 1.000 0.000 1.000 0.000 0.000 1.000 0.000 0.000 0.000
163 1.000 0.000 1.000 1.000 0.000 1.000 0.000 0.000 1.000 0.000 0.000 0.000
164 1.000 0.000 1.000 1.000 0.000 1.000 0.000 0.000 1.000 0.000 0.000 0.000
165 1.000 0.000 1.000 1.000 0.000 1.000 0.000 0.000 1.000 0.000 0.000 0.000
166 1.000 0.000 1.000 1.000 0.000 1.000 0.000 0.000 1.000 0.000 0.000 0.000
167 1.000 0.000 1.000 1.000 0.000 1.000 0.000 0.000 1.000 0.000 0.000 0.000
168 1.000 0.000 1.000 1.000 0.000 1.000 0.000 0.000 1.000 0.000 0.000 0.000
169 1.000 0.000 1.000 1.000 0.000 1.000 0.000 0.000 1.000 0.000 0.000 0.000
170 1.000 0.000 1.000 1.000 0.000 1.000 0.000 0.000 1.000 0.000 0.000 0.000
171 1.000 0.000 1.000 1.000 0.000 1.000 0.000 0.000 1.000 0.000 0.000 0.000
172 1.000 0.000 1.000 1.000 0.000 1.000 0.000 0.000 1.000 0.000 0.000 0.000
173 1.000 0.000 1.000 1.000 0.000 1.000 0.000 0.000 1.000 0.000 0.000 0.000
174 1.000 0.000 1.000 1.000 0.000 1.000 0.000 0.000 1.000 0.000 0.000 0.000
175 1.000 0.000 1.000 1.000 0.000 1.000 0.000 0.000 1.000 0.000 0.000 0.000
176 1.000 0.000 1.000 1.000 0.000 1.000 0.000 0.000 1.000 0.000 0.000 0.000
177 1.000 0.000 1.000 1.000 0.000 1.000 0.000 0.000 1.000 0.000 0.000 0.000
178 1.000 0.000 1.000 1.000 0.000 1.000 0.000 0.000 1.000 0.000 0.000 0.000
179 1.000 0.000 1.000 1.000 0.000 1.000 0.000 0.000 1.000 0.000 0.000 0.000
180 1.000 0.000 1.000 1.000 0.000 1.000 0.000 0.000 1.000 0.000 0.000 0.000
181 1.000 0.000 1.000 1.000 0.000 1.000 0.000 0.000 1.000 0.000 0.000 0.000
182 1.000 0.000 1.000 1.000 0.000 1.000 0.000 0.000 1.000 0.000 0.000 0.000
183 1.000 0.000 1.000 1.000 0.000 1.000 0.000 0.000 1.000 0.000 0.000 0.000
184 1.000 0.000 1.000 1.000 0.000 1.000 0.000 0.000 1.000 0.000 0.000 0.000
185 1.000 0.000 1.000 1.000 0.000 1.000 0.000 0.000 1.000 0.000 0.000 0.000
186 1.000 0.000 1.000 1.000 0.000 1.000 0.000 0.000 1.000 0.000 0.000 0.000
187 1.000 0.000 1.000 1.000 0.000 1.000 0.000 0.000 1.000 0.000 0.000 0.000
188 1.000 0.000 1.000 1.000 0.000 1.000 0.000 0.000 1.000 0.000 0.000 0.000
189 1.000 0.000 1.000 1.000 0.000 1.000 0.000 0.000 1.000 0.000 0.000 0.000
190 1.000 0.000 1.000 1.000 0.000 1.000 0.000 0.000 1.000 0.000 0.000 0.000
191 1.000 0.000 1.000 1.000 0.000 1.000 0.000 0.000 1.000 0.000 0.000 0.000
192 1.000 0.000 1.000 1.000 0.000 1.000 0.000 0.000 1.000 0.000 0.000 0.000
193 1.000 0.000 1.000 1.000 0.000 1.000 0.000 0.000 1.000 0.000 0.000 0.000
194 1.000 0.000 1.000 1.000 0.000 1.000 0.000 0.000 1.000 0.000 0.000 0.000
195 1.000 0.000 1.000 1.000 0.000 1.000 0.000 0.000 1.000 0.000 0.000 0.000
196 1.000 0.000 1.000 1.000 0.000 1.000 0.000 0.000 1.000 0.000 0.000 0.000
197 1.000 0.000 1.000 1.000 0.000 1.000 0.000 0.000 1.000 0.000 0.000 0.000
198 1.000 0.000 1.000 1.000 0.000 1.000 0.000 0.000 1.000 0.000 0.000 0.000
199 1.000 0.000 1.000 1.000 0.000 1.000 0.000 0.000 1.000 0.000 0.000 0.000
200 1.000 0.000 1.000 1.000 0.000 1.000 0.000 0.000 1.000 0.000 0.000 0.000