x n
6.0000 0.0000
6.2500 0.0000
6.5000 0.0000
6.7500 0.0000
7.0000 0.0000
7.2500 1.0000
7.5000 9.0000
7.7500 10.0000
8.0000 40.0000
8.2500 52.0000
8.5000 91.0000
8.7500 140.0000
9.0000 276.0000
9.2500 384.0000
9.5000 547.0000
9.7500 774.0000
10.0000 988.0000
10.2500 1366.0000
10.5000 1741.0000
10.7500 2161.0000
11.0000 2754.0000
11.2500 3225.0000
11.5000 3836.0000
11.7500 4196.0000
12.0000 4709.0000
12.2500 5206.0000
12.5000 5408.0000
12.7500 5730.0000
13.0000 5815.0000
13.2500 5641.0000
13.5000 5579.0000
13.7500 5438.0000
14.0000 5129.0000
14.2500 4624.0000
14.5000 4357.0000
14.7500 3790.0000
15.0000 3255.0000
15.2500 2682.0000
15.5000 2260.0000
15.7500 1960.0000
16.0000 1480.0000
16.2500 1185.0000
16.5000 856.0000
16.7500 705.0000
17.0000 508.0000
17.2500 388.0000
17.5000 255.0000
17.7500 163.0000
18.0000 117.0000
18.2500 72.0000
18.5000 44.0000
18.7500 24.0000
19.0000 16.0000
19.2500 8.0000
19.5000 1.0000
19.7500 1.0000
20.0000 3.0000
20.2500 0.0000
20.5000 0.0000
20.7500 0.0000
21.0000 0.0000
