t se pr sef prf n nsh fdr
40.0000 0.9980 0.1729 0.9623 0.8305 2909.0000 2861.0000 0.9835
50.0000 0.9940 0.2444 0.9603 0.8658 2050.0000 1590.0000 0.7756
60.0000 0.9821 0.3157 0.9524 0.8856 1568.0000 859.0000 0.5478
70.0000 0.9702 0.3915 0.9444 0.8981 1249.0000 474.0000 0.3795
80.0000 0.9623 0.4650 0.9425 0.9135 1043.0000 267.0000 0.2560
90.0000 0.9484 0.5247 0.9325 0.9252 911.0000 134.0000 0.1471
100.0000 0.9385 0.5847 0.9246 0.9283 809.0000 67.0000 0.0828
110.0000 0.9107 0.6623 0.9008 0.9322 693.0000 34.0000 0.0491
120.0000 0.8968 0.7040 0.8889 0.9412 642.0000 19.0000 0.0296
130.0000 0.8690 0.7386 0.8651 0.9458 593.0000 6.0000 0.0101
140.0000 0.8353 0.7768 0.8313 0.9566 542.0000 5.0000 0.0092
150.0000 0.8135 0.8103 0.8095 0.9623 506.0000 2.0000 0.0040
160.0000 0.7857 0.8426 0.7817 0.9633 470.0000 1.0000 0.0021
170.0000 0.7599 0.8764 0.7579 0.9671 437.0000 1.0000 0.0023
180.0000 0.7500 0.9021 0.7480 0.9716 419.0000 1.0000 0.0024
190.0000 0.7361 0.9298 0.7341 0.9737 399.0000 1.0000 0.0025
200.0000 0.7123 0.9373 0.7103 0.9728 383.0000 0.0000 0.0000
210.0000 0.6944 0.9434 0.6944 0.9722 371.0000 0.0000 0.0000
220.0000 0.6607 0.9514 0.6607 0.9737 350.0000 0.0000 0.0000
230.0000 0.6409 0.9556 0.6409 0.9758 338.0000 0.0000 0.0000
240.0000 0.6230 0.9544 0.6230 0.9752 329.0000 0.0000 0.0000
250.0000 0.6071 0.9592 0.6071 0.9776 319.0000 0.0000 0.0000
