mb pos neg
0.00500 0.03553 0.00000
0.01500 0.03965 0.00000
0.02500 0.04979 0.00000
0.03500 0.00000 -0.00507
0.04500 0.06348 0.00000
0.05500 0.03026 0.00000
0.06500 0.00000 -0.01187
0.07500 0.02948 0.00000
0.08500 0.04363 0.00000
0.09500 0.08841 0.00000
0.10500 0.08884 0.00000
0.11500 0.03629 0.00000
0.12500 0.03390 0.00000
0.13500 0.05171 0.00000
0.14500 0.05342 0.00000
0.15500 0.00000 -0.00423
0.16500 0.04815 0.00000
0.17500 0.05406 0.00000
0.18500 0.02539 0.00000
0.19500 0.09539 0.00000
0.20500 0.07559 0.00000
0.21500 0.03064 0.00000
0.22500 0.08140 0.00000
0.23500 0.00000 -0.01221
0.24500 0.00000 -0.01644
0.25500 0.01722 0.00000
0.26500 0.02408 0.00000
0.27500 0.04742 0.00000
0.28500 0.00000 -0.02840
0.29500 0.00127 0.00000
0.30500 0.01859 0.00000
0.31500 0.02114 0.00000
0.32500 0.03584 0.00000
0.33500 0.05219 0.00000
0.34500 0.03041 0.00000
0.35500 0.01666 0.00000
0.36500 0.00204 0.00000
0.37500 0.06208 0.00000
0.38500 0.04756 0.00000
0.39500 0.02697 0.00000
0.40500 0.02357 0.00000
0.41500 0.02778 0.00000
0.42500 0.06410 0.00000
0.43500 0.01986 0.00000
0.44500 0.00000 -0.01714
0.45500 0.05548 0.00000
0.46500 0.05889 0.00000
0.47500 0.05790 0.00000
0.48500 0.00000 -0.00992
0.49500 0.00876 0.00000
0.50500 0.00000 -0.01415
0.51500 0.00000 -0.00170
0.52500 0.12220 0.00000
0.53500 0.05675 0.00000
0.54500 0.04467 0.00000
0.55500 0.01974 0.00000
0.56500 0.05021 0.00000
0.57500 0.06354 0.00000
0.58500 0.05702 0.00000
0.59500 0.01892 0.00000
0.60500 0.05218 0.00000
0.61500 0.01201 0.00000
0.62500 0.04502 0.00000
0.63500 0.04089 0.00000
0.64500 0.02931 0.00000
0.65500 0.05103 0.00000
0.66500 0.00258 0.00000
0.67500 0.00000 -0.00346
0.68500 0.00317 0.00000
0.69500 0.00361 0.00000
0.70500 0.01218 0.00000
0.71500 0.00000 -0.01234
0.72500 0.00000 -0.04377
0.73500 0.04872 0.00000
0.74500 0.04958 0.00000
0.75500 0.02622 0.00000
0.76500 0.05178 0.00000
0.77500 0.06619 0.00000
0.78500 0.01782 0.00000
0.79500 0.03494 0.00000
0.80500 0.02446 0.00000
0.81500 0.03705 0.00000
0.82500 0.00000 -0.01744
0.83500 0.03977 0.00000
0.84500 0.01134 0.00000
0.85500 0.04716 0.00000
0.86500 0.03442 0.00000
0.87500 0.07587 0.00000
0.88500 0.00000 -0.00179
0.89500 0.06178 0.00000
0.90500 0.00000 -0.00589
0.91500 0.01331 0.00000
0.92500 0.05819 0.00000
0.93500 0.02701 0.00000
0.94500 0.05678 0.00000
0.95500 0.03472 0.00000
0.96500 0.06334 0.00000
0.97500 0.06174 0.00000
0.98500 0.01062 0.00000
0.99500 0.00000 -0.00905
1.00500 0.05811 0.00000
1.01500 0.05583 0.00000
1.02500 0.02716 0.00000
1.03500 0.03885 0.00000
1.04500 0.00000 -0.01937
1.05500 0.01108 0.00000
1.06500 0.01248 0.00000
1.07500 0.00492 0.00000
1.08500 0.04560 0.00000
1.09500 0.03716 0.00000
1.10500 0.03974 0.00000
1.11500 0.02902 0.00000
1.12500 0.03175 0.00000
1.13500 0.02363 0.00000
1.14500 0.04230 0.00000
1.15500 0.06315 0.00000
1.16500 0.03807 0.00000
1.17500 0.03478 0.00000
1.18500 0.00000 -0.00682
1.19500 0.01500 0.00000
1.20500 0.03855 0.00000
1.21500 0.05754 0.00000
1.22500 0.04250 0.00000
1.23500 0.03868 0.00000
1.24500 0.00000 -0.00139
1.25500 0.00000 -0.00041
1.26500 0.01620 0.00000
1.27500 0.01809 0.00000
1.28500 0.04204 0.00000
1.29500 0.04576 0.00000
1.30500 0.02859 0.00000
1.31500 0.00000 -0.01215
1.32500 0.04240 0.00000
1.33500 0.05463 0.00000
1.34500 0.03219 0.00000
1.35500 0.00000 -0.02220
1.36500 0.02712 0.00000
1.37500 0.04592 0.00000
1.38500 0.08064 0.00000
1.39500 0.01745 0.00000
1.40500 0.01353 0.00000
1.41500 0.00000 -0.03220
1.42500 0.09565 0.00000
1.43500 0.03294 0.00000
1.44500 0.05267 0.00000
1.45500 0.02558 0.00000
1.46500 0.07148 0.00000
1.47500 0.09479 0.00000
1.48500 0.06862 0.00000
1.49500 0.03368 0.00000
1.50500 0.01388 0.00000
1.51500 0.06383 0.00000
1.52500 0.01769 0.00000
1.53500 0.02832 0.00000
1.54500 0.03485 0.00000
1.55500 0.00000 -0.00214
1.56500 0.00000 -0.00243
1.57500 0.00000 -0.00395
1.58500 0.00000 -0.01193
1.59500 0.00000 -0.10413
1.60500 0.03018 0.00000
1.61500 0.00000 -0.05389
1.62500 0.00000 -0.04928
1.63500 0.00000 -0.08816
1.64500 0.00000 -0.07006
1.65500 0.00000 -0.02554
1.66500 0.00000 -0.00795
1.67500 0.00000 -0.03428
1.68500 0.00000 -0.02429
1.69500 0.00000 -0.05742
1.70500 0.00522 0.00000
1.71500 0.00000 -0.01573
1.72500 0.00000 -0.01153
1.73500 0.00000 -0.02137
1.74500 0.00000 -0.02941
1.75500 0.00000 -0.07599
1.76500 0.00000 -0.04259
1.77500 0.01076 0.00000
1.78500 0.00000 -0.00734
1.79500 0.00000 -0.06268
1.80500 0.00000 -0.03795
1.81500 0.00000 -0.06082
1.82500 0.00000 -0.04453
1.83500 0.00000 -0.00360
1.84500 0.00000 -0.02679
1.85500 0.00000 -0.08409
1.86500 0.00000 -0.01625
1.87500 0.00000 -0.01805
1.88500 0.00000 -0.02809
1.89500 0.00000 -0.01322
1.90500 0.00000 -0.02061
1.91500 0.00000 -0.02099
1.92500 0.00000 -0.01384
1.93500 0.00000 -0.03206
1.94500 0.00000 -0.03362
1.95500 0.00000 -0.03676
1.96500 0.00000 -0.06684
1.97500 0.00000 -0.04528
1.98500 0.00000 -0.05143
1.99500 0.00000 -0.05723
2.00500 0.00000 -0.00379
2.01500 0.00330 0.00000
2.02500 0.00000 -0.02451
2.03500 0.00000 -0.05026
2.04500 0.00000 -0.00467
2.05500 0.00000 -0.02920
2.06500 0.00000 -0.09214
2.07500 0.01938 0.00000
2.08500 0.00000 -0.06678
2.09500 0.01232 0.00000
2.10500 0.00000 -0.07587
2.11500 0.00000 -0.05973
2.12500 0.00000 -0.06061
2.13500 0.00000 -0.00860
2.14500 0.00000 -0.01656
2.15500 0.00000 -0.00756
2.16500 0.00000 -0.00215
2.17500 0.00000 -0.04603
2.18500 0.00000 -0.03177
2.19500 0.00000 -0.04626
2.20500 0.00555 0.00000
2.21500 0.00000 -0.05730
2.22500 0.00000 -0.04224
2.23500 0.00080 0.00000
2.24500 0.00000 -0.04368
2.25500 0.00000 -0.04754
2.26500 0.00000 -0.03321
2.27500 0.00000 -0.00969
2.28500 0.00000 -0.05516
2.29500 0.00000 -0.09228
2.30500 0.00000 -0.04623
2.31500 0.00000 -0.02895
2.32500 0.00000 -0.02036
2.33500 0.00000 -0.04603
2.34500 0.00000 -0.06762
2.35500 0.00000 -0.05730
2.36500 0.00000 -0.02270
2.37500 0.00000 -0.03685
2.38500 0.00000 -0.04011
2.39500 0.00000 -0.04493
2.40500 0.00000 -0.04315
2.41500 0.00000 -0.04864
2.42500 0.00000 -0.02205
2.43500 0.00000 -0.09162
2.44500 0.00867 0.00000
2.45500 0.00000 -0.06012
2.46500 0.00954 0.00000
2.47500 0.00000 -0.01350
2.48500 0.00000 -0.03721
2.49500 0.00000 -0.03993
2.50500 0.00000 -0.03441
2.51500 0.00000 -0.02095
2.52500 0.00000 -0.07124
2.53500 0.00000 -0.00222
2.54500 0.00000 -0.02297
2.55500 0.00000 -0.04987
2.56500 0.00886 0.00000
2.57500 0.00000 -0.05535
2.58500 0.00075 0.00000
2.59500 0.00000 -0.03660
2.60500 0.02382 0.00000
2.61500 0.00000 -0.01321
2.62500 0.00000 -0.00770
2.63500 0.00000 -0.05914
2.64500 0.00000 -0.05998
2.65500 0.00000 -0.04795
2.66500 0.00000 -0.04837
2.67500 0.00000 -0.05621
2.68500 0.00000 -0.01158
2.69500 0.00000 -0.02803
2.70500 0.00000 -0.04529
2.71500 0.00000 -0.03119
2.72500 0.00000 -0.05614
2.73500 0.00000 -0.07974
2.74500 0.00000 -0.05282
2.75500 0.00000 -0.04003
2.76500 0.00738 0.00000
2.77500 0.00000 -0.03113
2.78500 0.00000 -0.08792
2.79500 0.02483 0.00000
2.80500 0.00448 0.00000
2.81500 0.00000 -0.03571
2.82500 0.00000 -0.03288
2.83500 0.00000 -0.04940
2.84500 0.00000 -0.02344
2.85500 0.01555 0.00000
2.86500 0.00000 -0.01428
2.87500 0.00000 -0.05732
2.88500 0.00000 -0.07666
2.89500 0.00000 -0.02894
2.90500 0.00000 -0.01349
2.91500 0.00000 -0.05759
2.92500 0.00000 -0.05845
2.93500 0.00000 -0.01865
2.94500 0.00000 -0.05025
2.95500 0.00000 -0.05550
2.96500 0.00000 -0.05027
2.97500 0.00000 -0.03262
2.98500 0.00000 -0.07220
2.99500 0.00000 -0.05848
3.00500 0.00000 -0.02396
3.01500 0.00000 -0.04137
3.02500 0.00792 0.00000
3.03500 0.00000 -0.04124
3.04500 0.00000 -0.01994
3.05500 0.00000 -0.04464
3.06500 0.00000 -0.02729
3.07500 0.00000 -0.06635
3.08500 0.00000 -0.02060
3.09500 0.00325 0.00000
3.10500 0.00000 -0.04319
3.11500 0.00000 -0.04964
3.12500 0.00000 -0.06195
3.13500 0.00000 -0.02895
3.14500 0.00000 -0.04107
3.15500 0.00000 -0.01630
3.16500 0.00000 -0.03695
3.17500 0.00000 -0.04321
3.18500 0.00000 -0.00886
3.19500 0.00000 -0.04414
3.20500 0.00000 -0.03801
3.21500 0.00000 -0.02555
3.22500 0.00000 -0.02362
3.23500 0.02460 0.00000
3.24500 0.00867 0.00000
3.25500 0.00000 -0.06695
3.26500 0.00000 -0.03873
3.27500 0.00000 -0.04915
3.28500 0.00902 0.00000
3.29500 0.00000 -0.02813
3.30500 0.00000 -0.04178
3.31500 0.00000 -0.05996
3.32500 0.00000 -0.06965
3.33500 0.00000 -0.08671
3.34500 0.00784 0.00000
3.35500 0.00000 -0.03912
3.36500 0.00000 -0.02196
3.37500 0.00000 -0.01296
3.38500 0.00000 -0.02572
3.39500 0.00000 -0.07387
3.40500 0.00517 0.00000
3.41500 0.02624 0.00000
3.42500 0.00000 -0.07167
3.43500 0.00000 -0.02113
3.44500 0.00000 -0.07112
3.45500 0.00000 -0.05408
3.46500 0.00000 -0.04804
3.47500 0.00000 -0.05594
3.48500 0.00000 -0.03618
3.49500 0.00000 -0.00624
3.50500 0.00000 -0.04727
3.51500 0.00000 -0.07084
3.52500 0.00000 -0.01662
3.53500 0.00000 -0.02775
3.54500 0.00000 -0.02861
3.55500 0.00000 -0.04926
3.56500 0.00000 -0.04250
3.57500 0.00000 -0.04496
3.58500 0.00000 -0.03457
3.59500 0.00000 -0.04521
3.60500 0.00000 -0.02684
3.61500 0.00000 -0.01787
3.62500 0.01442 0.00000
3.63500 0.00000 -0.03102
3.64500 0.00000 -0.01430
3.65500 0.00000 -0.02467
3.66500 0.00000 -0.02359
3.67500 0.00000 -0.04648
3.68500 0.00000 -0.03910
3.69500 0.00000 -0.03043
3.70500 0.00000 -0.03982
3.71500 0.00000 -0.01901
3.72500 0.00000 -0.03696
3.73500 0.00953 0.00000
3.74500 0.00421 0.00000
3.75500 0.00000 -0.05622
3.76500 0.03005 0.00000
3.77500 0.00000 -0.00445
3.78500 0.00524 0.00000
3.79500 0.00000 -0.02307
3.80500 0.00000 -0.07351
3.81500 0.00000 -0.03346
3.82500 0.00000 -0.03421
3.83500 0.00000 -0.03366
3.84500 0.00000 -0.06340
3.85500 0.00000 -0.01519
3.86500 0.00000 -0.01911
3.87500 0.00000 -0.03666
3.88500 0.00000 -0.01366
3.89500 0.00000 -0.00649
3.90500 0.00000 -0.06705
3.91500 0.00000 -0.03402
3.92500 0.00000 -0.01739
3.93500 0.04924 0.00000
3.94500 0.07740 0.00000
3.95500 0.02977 0.00000
3.96500 0.01324 0.00000
3.97500 0.07305 0.00000
3.98500 0.02638 0.00000
3.99500 0.03708 0.00000
4.00500 0.01395 0.00000
4.01500 0.04213 0.00000
4.02500 0.03569 0.00000
4.03500 0.09340 0.00000
4.04500 0.04255 0.00000
4.05500 0.00457 0.00000
4.06500 0.01748 0.00000
4.07500 0.03701 0.00000
4.08500 0.01133 0.00000
4.09500 0.00000 -0.01053
4.10500 0.02474 0.00000
4.11500 0.00000 -0.01007
4.12500 0.00447 0.00000
4.13500 0.03286 0.00000
4.14500 0.06174 0.00000
4.15500 0.05505 0.00000
4.16500 0.07596 0.00000
4.17500 0.08368 0.00000
4.18500 0.04072 0.00000
4.19500 0.00055 0.00000
4.20500 0.04456 0.00000
4.21500 0.05140 0.00000
4.22500 0.03337 0.00000
4.23500 0.01769 0.00000
4.24500 0.00000 -0.00039
4.25500 0.05060 0.00000
4.26500 0.03825 0.00000
4.27500 0.02771 0.00000
4.28500 0.01233 0.00000
4.29500 0.03459 0.00000
4.30500 0.00551 0.00000
4.31500 0.00000 -0.00440
4.32500 0.05868 0.00000
4.33500 0.02865 0.00000
4.34500 0.04358 0.00000
4.35500 0.00000 -0.00824
4.36500 0.00936 0.00000
4.37500 0.02205 0.00000
4.38500 0.01476 0.00000
4.39500 0.03689 0.00000
4.40500 0.08123 0.00000
4.41500 0.05229 0.00000
4.42500 0.04906 0.00000
4.43500 0.02981 0.00000
4.44500 0.05882 0.00000
4.45500 0.05190 0.00000
4.46500 0.01489 0.00000
4.47500 0.02891 0.00000
4.48500 0.00000 -0.01926
4.49500 0.01073 0.00000
4.50500 0.03294 0.00000
4.51500 0.00612 0.00000
4.52500 0.00000 -0.02706
4.53500 0.00446 0.00000
4.54500 0.06436 0.00000
4.55500 0.00962 0.00000
4.56500 0.00000 -0.00709
4.57500 0.04787 0.00000
4.58500 0.00967 0.00000
4.59500 0.05177 0.00000
4.60500 0.01722 0.00000
4.61500 0.03200 0.00000
4.62500 0.04146 0.00000
4.63500 0.06390 0.00000
