mb k
0.00000 0.00000
0.00500 0.17300
0.01000 0.18500
0.01500 0.26700
0.02000 0.38300
0.02500 0.49600
0.03000 0.64600
0.03500 0.76800
0.04000 0.61900
0.04500 0.67300
0.05000 0.95300
0.05500 0.94300
0.06000 1.10900
0.06500 1.04300
0.07000 1.04300
0.07500 1.09400
0.08000 1.20200
0.08500 1.22300
0.09000 1.41800
0.09500 1.63100
0.10000 1.90000
0.10500 2.25300
0.11000 2.36900
0.11500 2.47400
0.12000 2.55600
0.12500 2.54000
0.13000 2.73500
0.13500 2.90000
0.14000 3.00700
0.14500 3.20100
0.15000 3.27700
0.15500 3.22800
0.16000 3.25700
0.16500 3.41600
0.17000 3.51500
0.17500 3.70800
0.18000 3.80900
0.18500 3.95000
0.19000 3.94000
0.19500 4.16500
0.20000 4.42400
0.20500 4.62000
0.21000 4.82600
0.21500 4.95300
0.22000 4.98700
0.22500 5.07700
0.23000 5.40100
0.23500 5.35800
0.24000 5.34300
0.24500 5.30100
0.25000 5.25800
0.25500 5.36300
0.26000 5.34300
0.26500 5.47600
0.27000 5.47100
0.27500 5.59700
0.28000 5.72500
0.28500 5.70000
0.29000 5.55100
0.29500 5.57900
0.30000 5.55800
0.30500 5.65600
0.31000 5.65700
0.31500 5.73800
0.32000 5.74900
0.32500 5.99000
0.33000 5.93000
0.33500 6.02000
0.34000 6.19400
0.34500 6.33700
0.35000 6.34800
0.35500 6.41600
0.36000 6.44100
0.36500 6.47000
0.37000 6.45200
0.37500 6.68900
0.38000 6.79000
0.38500 6.86900
0.39000 7.03200
0.39500 7.06200
0.40000 7.16200
0.40500 7.22700
0.41000 7.27900
0.41500 7.30800
0.42000 7.42600
0.42500 7.60800
0.43000 7.76500
0.43500 7.86600
0.44000 7.86700
0.44500 7.89000
0.45000 7.77800
0.45500 7.83500
0.46000 8.05800
0.46500 8.25200
0.47000 8.35900
0.47500 8.63600
0.48000 8.66200
0.48500 8.54900
0.49000 8.61200
0.49500 8.64700
0.50000 8.65900
0.50500 8.56900
0.51000 8.58600
0.51500 8.56300
0.52000 8.57600
0.52500 8.89800
0.53000 9.22500
0.53500 9.27400
0.54000 9.50900
0.54500 9.60100
0.55000 9.74300
0.55500 9.79300
0.56000 9.84300
0.56500 9.96700
0.57000 10.07500
0.57500 10.26100
0.58000 10.35100
0.58500 10.57600
0.59000 10.61100
0.59500 10.59900
0.60000 10.70900
0.60500 10.87700
0.61000 10.97500
0.61500 10.94000
0.62000 11.03900
0.62500 11.09600
0.63000 11.29300
0.63500 11.44700
0.64000 11.49800
0.64500 11.65200
0.65000 11.65000
0.65500 11.81500
0.66000 11.90000
0.66500 12.01300
0.67000 11.91100
0.67500 11.84000
0.68000 11.89500
0.68500 11.91100
0.69000 11.91200
0.69500 11.82200
0.70000 11.93000
0.70500 11.94500
0.71000 11.99300
0.71500 12.01800
0.72000 11.93200
0.72500 11.84500
0.73000 11.69700
0.73500 11.80400
0.74000 11.93800
0.74500 12.14200
0.75000 12.19700
0.75500 12.26500
0.76000 12.32900
0.76500 12.46000
0.77000 12.60400
0.77500 12.72700
0.78000 12.93600
0.78500 13.03900
0.79000 13.02700
0.79500 13.05800
0.80000 13.21000
0.80500 13.30700
0.81000 13.33300
0.81500 13.47300
0.82000 13.53100
0.82500 13.56100
0.83000 13.43900
0.83500 13.53100
0.84000 13.65000
0.84500 13.71000
0.85000 13.70800
0.85500 13.86900
0.86000 13.94500
0.86500 14.00000
0.87000 14.13100
0.87500 14.35500
0.88000 14.49600
0.88500 14.61300
0.89000 14.48700
0.89500 14.62100
0.90000 14.80800
0.90500 14.83100
0.91000 14.77700
0.91500 14.77500
0.92000 14.84500
0.92500 15.12100
0.93000 15.14700
0.93500 15.15800
0.94000 15.28800
0.94500 15.43900
0.95000 15.56800
0.95500 15.60500
0.96000 15.73700
0.96500 15.83400
0.97000 16.05800
0.97500 16.19900
0.98000 16.38700
0.98500 16.45200
0.99000 16.44000
0.99500 16.30500
1.00000 16.39400
1.00500 16.58600
1.01000 16.68300
1.01500 16.94200
1.02000 16.96800
1.02500 17.03100
1.03000 17.10600
1.03500 17.08000
1.04000 17.31500
1.04500 17.25300
1.05000 17.21500
1.05500 17.19800
1.06000 17.27100
1.06500 17.41500
1.07000 17.33400
1.07500 17.39200
1.08000 17.35900
1.08500 17.62200
1.09000 17.58600
1.09500 17.64000
1.10000 17.75900
1.10500 17.86400
1.11000 17.94100
1.11500 18.05000
1.12000 18.08800
1.12500 18.10500
1.13000 18.25100
1.13500 18.25600
1.14000 18.37800
1.14500 18.41300
1.15000 18.59800
1.15500 18.84900
1.16000 18.92300
1.16500 19.06400
1.17000 19.11600
1.17500 19.06700
1.18000 19.30000
1.18500 19.24300
1.19000 19.26600
1.19500 19.26800
1.20000 19.33500
1.20500 19.36500
1.21000 19.52600
1.21500 19.63600
1.22000 19.75200
1.22500 19.86900
1.23000 19.94500
1.23500 19.99800
1.24000 20.14100
1.24500 20.11900
1.25000 20.13400
1.25500 20.15700
1.26000 20.13300
1.26500 20.11800
1.27000 20.21700
1.27500 20.31100
1.28000 20.30600
1.28500 20.39900
1.29000 20.53200
1.29500 20.69800
1.30000 20.74800
1.30500 20.88000
1.31000 20.88900
1.31500 20.89700
1.32000 20.82800
1.32500 20.89900
1.33000 21.04600
1.33500 21.18200
1.34000 21.31900
1.34500 21.43900
1.35000 21.47600
1.35500 21.39100
1.36000 21.36000
1.36500 21.41800
1.37000 21.50400
1.37500 21.56900
1.38000 21.74000
1.38500 21.89600
1.39000 22.15700
1.39500 22.24300
1.40000 22.24200
1.40500 22.20500
1.41000 22.31000
1.41500 22.22500
1.42000 22.16200
1.42500 22.39100
1.43000 22.62200
1.43500 22.80600
1.44000 22.78000
1.44500 22.86700
1.45000 23.04400
1.45500 22.97300
1.46000 23.17700
1.46500 23.44900
1.47000 23.54000
1.47500 23.76300
1.48000 23.98300
1.48500 24.13900
1.49000 24.33300
1.49500 24.41700
1.50000 24.49800
1.50500 24.57400
1.51000 24.56600
1.51500 24.71000
1.52000 24.89600
1.52500 24.87500
1.53000 24.98300
1.53500 25.22300
1.54000 25.12000
1.54500 25.19100
1.55000 25.29000
1.55500 25.31400
1.56000 25.27800
1.56500 25.29400
1.57000 25.26600
1.57500 25.23100
1.58000 25.24800
1.58500 25.28700
1.59000 25.19600
1.59500 24.96000
1.60000 24.69200
1.60500 24.70600
1.61000 24.84500
1.61500 24.60900
1.62000 24.58000
1.62500 24.41500
1.63000 24.34600
1.63500 24.14000
1.64000 23.96000
1.64500 23.73100
1.65000 23.64300
1.65500 23.65200
1.66000 23.52200
1.66500 23.60200
1.67000 23.48100
1.67500 23.48900
1.68000 23.31100
1.68500 23.30300
1.69000 23.18700
1.69500 23.03600
1.70000 22.90300
1.70500 22.87300
1.71000 22.93000
1.71500 22.97700
1.72000 22.85100
1.72500 22.83400
1.73000 22.79200
1.73500 22.83600
1.74000 22.68000
1.74500 22.72200
1.75000 22.53400
1.75500 22.30600
1.76000 22.16900
1.76500 22.01800
1.77000 21.94600
1.77500 21.95300
1.78000 21.99700
1.78500 22.08600
1.79000 21.95900
1.79500 21.76500
1.80000 21.63800
1.80500 21.45900
1.81000 21.46200
1.81500 21.40400
1.82000 21.17100
1.82500 21.10900
1.83000 20.94300
1.83500 20.85700
1.84000 20.92400
1.84500 20.90600
1.85000 20.78500
1.85500 20.67600
1.86000 20.38800
1.86500 20.31300
1.87000 20.30800
1.87500 20.26300
1.88000 20.22500
1.88500 20.16300
1.89000 20.08200
1.89500 19.99200
1.90000 20.01400
1.90500 19.98600
1.91000 19.91500
1.91500 19.73000
1.92000 19.80900
1.92500 19.75200
1.93000 19.74000
1.93500 19.61600
1.94000 19.57700
1.94500 19.57200
1.95000 19.40500
1.95500 19.42500
1.96000 19.21900
1.96500 19.13300
1.97000 18.86700
1.97500 18.72900
1.98000 18.63900
1.98500 18.48700
1.99000 18.39000
1.99500 18.28300
2.00000 18.10400
2.00500 18.00500
2.01000 18.08500
2.01500 18.07000
2.02000 18.10100
2.02500 18.11600
2.03000 17.97900
2.03500 17.93200
2.04000 17.74500
2.04500 17.73000
2.05000 17.72200
2.05500 17.72700
2.06000 17.59000
2.06500 17.35600
2.07000 17.14200
2.07500 17.25600
2.08000 17.24400
2.08500 17.08700
2.09000 16.91600
2.09500 16.93100
2.10000 16.98100
2.10500 16.87800
2.11000 16.68200
2.11500 16.45300
2.12000 16.38900
2.12500 16.18000
2.13000 16.06600
2.13500 15.97500
2.14000 16.02200
2.14500 15.92000
2.15000 15.93500
2.15500 15.85800
2.16000 15.89400
2.16500 15.98500
2.17000 15.88300
2.17500 15.71500
2.18000 15.65400
2.18500 15.62100
2.19000 15.49500
2.19500 15.33800
2.20000 15.27600
2.20500 15.26700
2.21000 15.30400
2.21500 15.23800
2.22000 15.00300
2.22500 14.95000
2.23000 14.78100
2.23500 14.83300
2.24000 14.78600
2.24500 14.69100
2.25000 14.56100
2.25500 14.51400
2.26000 14.32300
2.26500 14.13800
2.27000 14.15200
2.27500 14.14600
2.28000 14.10300
2.28500 14.02100
2.29000 13.82200
2.29500 13.61100
2.30000 13.32300
2.30500 13.27000
2.31000 13.07100
2.31500 13.00500
2.32000 12.92800
2.32500 12.87900
2.33000 12.82300
2.33500 12.69100
2.34000 12.57900
2.34500 12.32300
2.35000 12.23900
2.35500 12.07600
2.36000 11.93800
2.36500 11.84100
2.37000 11.82400
2.37500 11.82300
2.38000 11.62600
2.38500 11.45300
2.39000 11.44900
2.39500 11.34500
2.40000 11.19900
2.40500 11.09600
2.41000 10.97800
2.41500 10.78700
2.42000 10.72500
2.42500 10.68400
2.43000 10.61500
2.43500 10.34600
2.44000 10.12100
2.44500 10.15900
2.45000 10.16800
2.45500 10.03100
2.46000 9.87000
2.46500 9.78700
2.47000 9.91000
2.47500 9.80600
2.48000 9.84800
2.48500 9.79000
2.49000 9.69000
2.49500 9.58800
2.50000 9.50400
2.50500 9.46400
2.51000 9.32000
2.51500 9.28200
2.52000 9.21500
2.52500 9.01700
2.53000 8.85600
2.53500 8.90300
2.54000 8.84300
2.54500 8.66200
2.55000 8.72000
2.55500 8.53500
2.56000 8.45100
2.56500 8.68900
2.57000 8.49900
2.57500 8.34600
2.58000 8.19700
2.58500 8.14600
2.59000 8.20300
2.59500 8.18100
2.60000 8.01000
2.60500 8.03800
2.61000 8.13900
2.61500 8.17000
2.62000 8.06900
2.62500 8.07900
2.63000 8.03200
2.63500 7.99600
2.64000 7.72200
2.64500 7.63000
2.65000 7.39800
2.65500 7.34100
2.66000 7.14900
2.66500 7.03700
2.67000 6.89700
2.67500 6.92200
2.68000 6.59500
2.68500 6.56600
2.69000 6.53300
2.69500 6.38500
2.70000 6.38600
2.70500 6.25100
2.71000 6.15200
2.71500 6.06800
2.72000 5.99400
2.72500 6.02600
2.73000 5.70300
2.73500 5.42100
2.74000 5.29800
2.74500 5.15500
2.75000 5.03300
2.75500 4.88600
2.76000 4.84600
2.76500 4.87300
2.77000 4.88100
2.77500 4.86800
2.78000 4.73200
2.78500 4.45500
2.79000 4.36900
2.79500 4.48100
2.80000 4.49900
2.80500 4.49400
2.81000 4.52100
2.81500 4.51800
2.82000 4.33800
2.82500 4.14300
2.83000 4.16700
2.83500 4.09300
2.84000 3.89700
2.84500 3.92900
2.85000 3.76500
2.85500 3.85000
2.86000 3.84900
2.86500 3.87300
2.87000 3.77500
2.87500 3.54900
2.88000 3.47500
2.88500 3.27900
2.89000 3.11800
2.89500 3.16000
2.90000 2.96700
2.90500 3.00700
2.91000 2.90300
2.91500 2.69100
2.92000 2.60800
2.92500 2.35200
2.93000 2.31600
2.93500 2.19900
2.94000 2.22100
2.94500 2.16500
2.95000 1.96200
2.95500 1.80000
2.96000 1.66500
2.96500 1.50800
2.97000 1.40300
2.97500 1.30500
2.98000 1.23500
2.98500 0.98000
2.99000 0.91400
2.99500 0.85000
3.00000 0.69100
3.00500 0.62900
3.01000 0.57100
3.01500 0.46400
3.02000 0.36200
3.02500 0.44200
3.03000 0.40100
3.03500 0.39700
3.04000 0.19000
3.04500 0.20200
3.05000 0.08500
3.05500 -0.07100
3.06000 -0.14700
3.06500 -0.20400
3.07000 -0.28700
3.07500 -0.33600
3.08000 -0.61800
3.08500 -0.63000
3.09000 -0.72700
3.09500 -0.74400
3.10000 -0.70900
3.10500 -0.80400
3.11000 -0.93100
3.11500 -1.09100
3.12000 -1.18400
3.12500 -1.40400
3.13000 -1.51500
3.13500 -1.56500
3.14000 -1.66200
3.14500 -1.82300
3.15000 -1.87800
3.15500 -1.92900
3.16000 -1.96100
3.16500 -2.06800
3.17000 -2.15300
3.17500 -2.22100
3.18000 -2.37400
3.18500 -2.42900
3.19000 -2.41600
3.19500 -2.37300
3.20000 -2.63600
3.20500 -2.78900
3.21000 -2.83900
3.21500 -2.84300
3.22000 -2.97200
3.22500 -3.04100
3.23000 -3.09500
3.23500 -3.00600
3.24000 -2.96500
3.24500 -3.04700
3.25000 -2.92000
3.25500 -2.97900
3.26000 -3.26100
3.26500 -3.31800
3.27000 -3.43500
3.27500 -3.66600
3.28000 -3.68800
3.28500 -3.64800
3.29000 -3.64400
3.29500 -3.70500
3.30000 -3.79200
3.30500 -3.83600
3.31000 -4.01400
3.31500 -4.18200
3.32000 -4.32500
3.32500 -4.48900
3.33000 -4.67000
3.33500 -4.86500
3.34000 -5.12200
3.34500 -5.02300
3.35000 -5.08000
3.35500 -5.31000
3.36000 -5.29200
3.36500 -5.35100
3.37000 -5.39400
3.37500 -5.45700
3.38000 -5.46200
3.38500 -5.48900
3.39000 -5.59000
3.39500 -5.76000
3.40000 -5.98500
3.40500 -6.04500
3.41000 -5.95800
3.41500 -5.94800
3.42000 -5.83200
3.42500 -5.87800
3.43000 -6.19800
3.43500 -6.30400
3.44000 -6.30300
3.44500 -6.48400
3.45000 -6.66300
3.45500 -6.86300
3.46000 -6.93100
3.46500 -7.02800
3.47000 -7.16700
3.47500 -7.24100
3.48000 -7.44900
3.48500 -7.54200
3.49000 -7.64400
3.49500 -7.74200
3.50000 -7.67700
3.50500 -7.67400
3.51000 -7.93300
3.51500 -8.13000
3.52000 -8.29900
3.52500 -8.37600
3.53000 -8.38800
3.53500 -8.53500
3.54000 -8.53400
3.54500 -8.57300
3.55000 -8.68700
3.55500 -8.76500
3.56000 -8.94600
3.56500 -9.03800
3.57000 -9.16700
3.57500 -9.26900
3.58000 -9.40600
3.58500 -9.35800
3.59000 -9.57300
3.59500 -9.67700
3.60000 -9.81200
3.60500 -10.03500
3.61000 -9.95600
3.61500 -10.07700
3.62000 -10.05600
3.62500 -9.89100
3.63000 -9.98000
3.63500 -10.09100
3.64000 -10.12000
3.64500 -10.23100
3.65000 -10.19500
3.65500 -10.25600
3.66000 -10.30000
3.66500 -10.28400
3.67000 -10.41300
3.67500 -10.50000
3.68000 -10.65400
3.68500 -10.73000
3.69000 -10.86600
3.69500 -10.98000
3.70000 -11.02600
3.70500 -11.16100
3.71000 -11.23500
3.71500 -11.25000
3.72000 -11.33300
3.72500 -11.38200
3.73000 -11.51300
3.73500 -11.46700
3.74000 -11.46600
3.74500 -11.49700
3.75000 -11.44300
3.75500 -11.56600
3.76000 -11.73000
3.76500 -11.78700
3.77000 -11.58100
3.77500 -11.58100
3.78000 -11.60300
3.78500 -11.64300
3.79000 -11.57500
3.79500 -11.73800
3.80000 -11.67500
3.80500 -11.83400
3.81000 -11.97100
3.81500 -12.04000
3.82000 -12.14300
3.82500 -12.25500
3.83000 -12.32500
3.83500 -12.41700
3.84000 -12.49200
3.84500 -12.65800
3.85000 -12.82400
3.85500 -12.83000
3.86000 -12.90500
3.86500 -12.92800
3.87000 -13.00000
3.87500 -13.15000
3.88000 -13.19400
3.88500 -13.29100
3.89000 -13.26700
3.89500 -13.26900
3.90000 -13.29700
3.90500 -13.44000
3.91000 -13.62800
3.91500 -13.72400
3.92000 -13.80500
3.92500 -13.91300
3.93000 -13.89300
3.93500 -13.78700
3.94000 -13.64500
3.94500 -13.39700
3.95000 -13.24900
3.95500 -13.16000
3.96000 -13.08700
3.96500 -13.07700
3.97000 -13.02000
3.97500 -12.82000
3.98000 -12.62900
3.98500 -12.45500
3.99000 -12.49100
3.99500 -12.48100
4.00000 -12.29100
4.00500 -12.33600
4.01000 -12.22100
4.01500 -12.11600
4.02000 -11.99500
4.02500 -11.83100
4.03000 -11.80500
4.03500 -11.70300
4.04000 -11.31400
4.04500 -11.19900
4.05000 -11.11100
4.05500 -11.10600
4.06000 -11.08700
4.06500 -11.01900
4.07000 -11.00400
4.07500 -10.96500
4.08000 -10.81800
4.08500 -10.88200
4.09000 -10.75800
4.09500 -10.81300
4.10000 -10.81500
4.10500 -10.83400
4.11000 -10.68700
4.11500 -10.61700
4.12000 -10.74000
4.12500 -10.76500
4.13000 -10.71500
4.13500 -10.59200
4.14000 -10.53900
4.14500 -10.40200
4.15000 -10.20900
4.15500 -10.16400
4.16000 -9.91400
4.16500 -9.83400
4.17000 -9.52600
4.17500 -9.26100
4.18000 -9.10800
4.18500 -9.03500
4.19000 -8.89700
4.19500 -9.02600
4.20000 -8.89200
4.20500 -8.74600
4.21000 -8.65200
4.21500 -8.42800
4.22000 -8.38500
4.22500 -8.32100
4.23000 -8.22000
4.23500 -8.23000
4.24000 -8.12700
4.24500 -8.10900
4.25000 -8.13000
4.25500 -8.00200
4.26000 -7.88100
4.26500 -7.74200
4.27000 -7.70000
4.27500 -7.70300
4.28000 -7.55900
4.28500 -7.50300
4.29000 -7.49400
4.29500 -7.28700
4.30000 -7.30900
4.30500 -7.28300
4.31000 -7.28000
4.31500 -7.30900
4.32000 -7.30300
4.32500 -7.13100
4.33000 -6.97600
4.33500 -6.91700
4.34000 -6.83300
4.34500 -6.69400
4.35000 -6.61300
4.35500 -6.62200
4.36000 -6.65300
4.36500 -6.64500
4.37000 -6.60700
4.37500 -6.51800
4.38000 -6.49700
4.38500 -6.41800
4.39000 -6.41700
4.39500 -6.35800
4.40000 -6.21900
4.40500 -5.97600
4.41000 -5.78700
4.41500 -5.58200
4.42000 -5.52900
4.42500 -5.34500
4.43000 -5.28000
4.43500 -5.18100
4.44000 -5.13100
4.44500 -5.02600
4.45000 -4.82400
4.45500 -4.68700
4.46000 -4.54800
4.46500 -4.58000
4.47000 -4.46900
4.47500 -4.43500
4.48000 -4.33900
4.48500 -4.36300
4.49000 -4.44000
4.49500 -4.49600
4.50000 -4.38700
4.50500 -4.35300
4.51000 -4.23500
4.51500 -4.25200
4.52000 -4.20100
4.52500 -4.25100
4.53000 -4.33800
4.53500 -4.30200
4.54000 -4.31700
4.54500 -4.15300
4.55000 -4.02200
4.55500 -4.01700
4.56000 -3.97300
4.56500 -3.95800
4.57000 -4.01000
4.57500 -3.88300
4.58000 -3.79000
4.58500 -3.80900
4.59000 -3.74100
4.59500 -3.60700
4.60000 -3.47500
4.60500 -3.42000
4.61000 -3.38800
4.61500 -3.30900
4.62000 -3.21800
4.62500 -3.16100
4.63000 -2.99100
4.63500 -2.91000
4.64000 -2.65500
4.64165 -2.65400
