l real shuf teo
0 1 1 1
5 0.693242 0.738042 0.738261
10 0.471924 0.545408 0.54503
15 0.327213 0.40372 0.402374
20 0.232431 0.300028 0.297057
25 0.168876 0.223343 0.219306
30 0.124938 0.165479 0.161905
35 0.0956357 0.122395 0.119528
40 0.0748541 0.090889 0.0882431
45 0.0598616 0.0669056 0.0651465
50 0.049044 0.0494565 0.0480951
55 0.041051 0.036506 0.0355068
60 0.0351378 0.0267563 0.0262133
65 0.0309629 0.0200009 0.0193522
70 0.0268811 0.0147942 0.014287
75 0.0240564 0.0109002 0.0105476
80 0.0217283 0.00805345 0.00778685
85 0.0195245 0.00570822 0.00574873
90 0.0175844 0.00430698 0.00424406
95 0.0165446 0.00334823 0.00313323
100 0.0155358 0.00241899 0.00231314
105 0.0143252 0.00174049 0.0017077
110 0.0134405 0.00119474 0.00126073
115 0.0123852 0.000884995 0.000930749
120 0.0118264 0.000663746 0.000687136
125 0.0112367 0.000412998 0.000507286
130 0.0106779 0.000324498 0.00037451
135 0.00997951 0.000221249 0.000276486
140 0.00951391 0.000147499 0.000204119
145 0.00901726 5.89997e-05 0.000150693
150 0.00872237 4.42497e-05 0.000111251
155 0.00827229 2.94998e-05 8.21322e-05
160 0.00794636 2.94998e-05 6.0635e-05
165 0.00771356 2.94998e-05 4.47645e-05
170 0.00754284 2.94998e-05 3.30479e-05
175 0.00721691 2.94998e-05 2.4398e-05
180 0.00706171 2.94998e-05 1.80121e-05
185 0.00687547 1.47499e-05 1.32976e-05
190 0.0066737 1.47499e-05 9.81712e-06
195 0.00645642 1.47499e-05 7.2476e-06
200 0.00633226 nan 5.35062e-06
205 0.00609945 nan 3.95016e-06
210 0.00600633 nan 2.91625e-06
215 0.00592873 nan 2.15295e-06
220 0.00571145 nan 1.58944e-06
225 0.00557177 nan 1.17342e-06
230 0.00541656 nan 8.66293e-07
235 0.00533896 nan 6.39551e-07
240 0.00523032 nan 4.72156e-07
245 0.0051372 nan 3.48574e-07
250 0.00502856 nan 2.57339e-07
255 0.00496648 nan 1.89983e-07
260 0.0049044 nan 1.40257e-07
265 0.00484231 nan 1.03547e-07
270 0.00474919 nan 7.64444e-08
275 0.00459399 nan 5.6436e-08
280 0.00451639 nan 4.16645e-08
285 0.00436119 nan 3.07593e-08
290 0.00425255 nan 2.27084e-08
295 0.00411286 nan 1.67647e-08
300 0.00400422 nan 1.23767e-08
305 0.00392662 nan 9.13727e-09
310 0.0038335 nan 6.7457e-09
315 0.00369382 nan 4.98009e-09
320 0.00356965 nan 3.67661e-09
325 0.00352309 nan 2.7143e-09
330 0.00349205 nan 2.00386e-09
335 0.00339893 nan 1.47937e-09
340 0.00335237 nan 1.09216e-09
345 0.00324373 nan 8.06302e-10
350 0.00310405 nan 5.95261e-10
355 0.00307301 nan 4.39458e-10
360 0.00299541 nan 3.24435e-10
365 0.00294885 nan 2.39518e-10
370 0.00290228 nan 1.76827e-10
375 0.0028402 nan 1.30544e-10
380 0.00279364 nan 9.63759e-11
385 0.00271604 nan 7.11506e-11
390 0.00263844 nan 5.25277e-11
395 0.00257636 nan 3.87792e-11
400 0.0025298 nan 2.86292e-11
405 0.00248324 nan 2.11358e-11
410 0.00242116 nan 1.56037e-11
415 0.00235908 nan 1.15196e-11
420 0.002297 nan 8.50451e-12
425 0.00226595 nan 6.27855e-12
430 0.00221939 nan 4.63521e-12
435 0.00218835 nan 3.422e-12
440 0.00217283 nan 2.52633e-12
445 0.00215731 nan 1.86509e-12
450 0.00207971 nan 1.37692e-12
455 0.00200211 nan 1.01653e-12
460 0.00192451 nan 7.50464e-13
465 0.00192451 nan 5.54039e-13
470 0.00192451 nan 4.09025e-13
475 0.00189347 nan 3.01968e-13
480 0.00183139 nan 2.22931e-13
485 0.00176931 nan 1.64581e-13
490 0.00170723 nan 1.21504e-13
495 0.00169171 nan 8.97017e-14
500 0.00167619 nan 6.62233e-14
505 0.00166067 nan 4.88901e-14
510 0.0016141 nan 3.60937e-14
515 0.00155202 nan 2.66466e-14
520 0.00155202 nan 1.96721e-14
525 0.00150546 nan 1.45232e-14
530 0.00147442 nan 1.07219e-14
535 0.00144338 nan 7.91556e-15
540 0.00144338 nan 5.84375e-15
545 0.00142786 nan 4.31422e-15
550 0.0013813 nan 3.18502e-15
555 0.00135026 nan 2.35138e-15
560 0.00133474 nan 1.73593e-15
565 0.0013037 nan 1.28157e-15
570 0.00124162 nan 9.46134e-16
575 0.00119506 nan 6.98494e-16
580 0.00119506 nan 5.15671e-16
585 0.00117954 nan 3.807e-16
590 0.00116402 nan 2.81056e-16
595 0.00116402 nan 2.07493e-16
600 0.00113298 nan 1.53184e-16
